# x1,y1,x2,y2
3.984970238095237249e+01,1.226517857142857082e+02,1.774990583804143114e+02,2.961883239171374385e+02
3.986547085201793550e+01,1.225844544095665185e+02,1.774990583804143114e+02,2.961883239171374385e+02
3.988787878787878327e+01,1.223106060606060481e+02,1.771404494382022392e+02,2.963520599250936129e+02
4.007227138643067121e+01,1.216578171091445313e+02,1.773750000000000000e+02,2.967047101449275033e+02
3.989766081871344738e+01,1.217353801169590497e+02,1.774769797421731141e+02,2.966482504604051087e+02
3.997716894977168778e+01,1.213257229832572222e+02,1.774769797421731141e+02,2.966482504604051087e+02
3.991358024691357542e+01,1.212438271604938222e+02,1.769912739965095625e+02,2.962024432809773202e+02
3.997514619883040154e+01,1.207441520467836114e+02,1.765641025641025692e+02,2.962290598290597927e+02
3.983918128654970303e+01,1.208274853801169542e+02,1.761565377532228354e+02,2.964272559852669815e+02
3.989970501474925868e+01,1.205840707964601819e+02,1.755269461077844255e+02,2.965289421157684160e+02
3.989970501474925868e+01,1.205840707964601819e+02,1.751123388581952156e+02,2.966040515653775174e+02
3.993128654970760039e+01,1.207251461988304015e+02,1.747310606060605949e+02,2.965151515151515014e+02
3.990935672514619625e+01,1.207558479532163744e+02,1.743946360153256592e+02,2.963601532567049617e+02
3.986784140969162848e+01,1.214155653450807648e+02,1.741546961325966834e+02,2.964935543278084538e+02
4.001769911504424471e+01,1.217020648967551466e+02,1.742655677655677664e+02,2.967857142857142776e+02
3.987500000000000000e+01,1.224843750000000000e+02,1.744083333333333314e+02,2.982850000000000250e+02
3.955601092896174720e+01,1.214986338797814085e+02,1.738295880149812547e+02,2.966273408239700302e+02
3.970833333333333570e+01,1.261402777777777686e+02,1.732978303747534312e+02,3.009072978303747163e+02
3.994883040935671659e+01,1.257704678362572963e+02,1.733516483516483504e+02,3.001868131868131968e+02
4.007485875706214529e+01,1.252867231638417991e+02,1.733516483516483504e+02,3.001868131868131968e+02
3.997863247863247693e+01,1.253746438746438656e+02,1.731352380952380940e+02,3.000704761904761426e+02
4.002790014684287456e+01,1.247988252569750358e+02,1.732867783985102221e+02,3.001098696461824602e+02
3.994326241134751854e+01,1.244992907801418340e+02,1.730038759689922472e+02,2.997267441860465169e+02
3.986382978723404591e+01,1.248397163120567370e+02,1.726514285714285677e+02,2.996666666666666288e+02
4.002325581395349019e+01,1.239638242894056788e+02,1.724628571428571320e+02,2.995904761904761813e+02
3.996850393700787407e+01,1.238595800524934276e+02,1.724628571428571320e+02,2.995904761904761813e+02
3.996896086369770273e+01,1.235641025641025550e+02,1.716198830409356617e+02,2.994346978557504713e+02
3.997742363877821248e+01,1.234515272244355799e+02,1.716198830409356617e+02,2.994346978557504713e+02
3.997578347578347291e+01,1.237464387464387414e+02,1.712621722846441799e+02,2.994307116104868669e+02
3.994159544159543884e+01,1.238660968660968535e+02,1.707283236994219635e+02,2.996551059730250017e+02
3.994209039548022133e+01,1.239548022598870034e+02,1.701812865497076075e+02,2.996374269005847850e+02
3.994209039548022133e+01,1.239548022598870034e+02,1.698383233532934184e+02,2.996287425149700425e+02
3.994209039548022133e+01,1.239548022598870034e+02,1.697928994082840291e+02,2.996390532544378971e+02
3.997656250000000000e+01,1.239505208333333286e+02,1.694027777777777715e+02,2.996825396825396410e+02
4.005647382920110289e+01,1.240674931129476590e+02,1.689044834307992176e+02,2.998538011695906675e+02
4.005601092896174720e+01,1.241284153005464361e+02,nan,nan
4.003372243839169897e+01,1.240051880674448768e+02,1.687485714285714380e+02,3.001638095238095048e+02
4.013207547169811562e+01,1.235069182389937055e+02,1.687633136094674455e+02,3.000690335305719714e+02
4.002168021680216015e+01,1.245311653116531119e+02,1.684262626262626270e+02,3.000020202020201623e+02
4.017217630853994592e+01,1.240647382920110147e+02,1.683882113821138091e+02,3.001382113821138091e+02
4.017217630853994592e+01,1.240647382920110147e+02,1.682505175983436914e+02,3.000807453416148860e+02
4.016312056737588421e+01,1.236638297872340360e+02,nan,nan
4.016312056737588421e+01,1.236638297872340360e+02,1.683817829457364326e+02,2.997887596899224718e+02
4.014684287812040253e+01,1.236446402349485965e+02,1.682397660818713518e+02,2.996978557504872924e+02
4.007391910739190877e+01,1.230502092050209200e+02,1.685095785440612985e+02,2.998429118773946129e+02
4.013950073421438702e+01,1.228693098384728302e+02,1.683856589147286797e+02,2.999980620155038764e+02
4.005731523378582182e+01,1.233363499245852068e+02,1.683075396825396695e+02,2.999920634920634939e+02
4.013249651324964873e+01,1.223905160390516045e+02,1.681136363636363740e+02,3.000321969696969404e+02
4.034274193548387188e+01,1.216478494623655848e+02,1.677651515151515014e+02,2.998352272727272521e+02
4.029659863945578024e+01,1.217197278911564524e+02,1.674242424242424079e+02,2.999071969696969404e+02
4.027475592747558863e+01,1.220139470013946976e+02,1.671040462427745581e+02,2.999961464354527720e+02
4.030894308943089754e+01,1.219214092140921366e+02,1.671375968992248033e+02,3.002771317829457303e+02
4.031199999999999761e+01,1.221066666666666549e+02,nan,nan
4.013782051282051100e+01,1.240608974358974308e+02,1.664796747967479575e+02,3.003252032520325088e+02
4.008181818181817846e+01,1.239893939393939348e+02,1.663771428571428430e+02,3.002742857142857247e+02
4.014903846153845990e+01,1.239839743589743506e+02,1.665155038759689887e+02,3.002441860465116292e+02
4.016885007278020225e+01,1.237743813682678251e+02,1.666117424242424079e+02,3.004583333333333144e+02
4.018631732168849879e+01,1.237219796215429284e+02,1.665915750915750664e+02,3.007948717948717672e+02
4.027851851851851706e+01,1.233496296296296180e+02,1.664247619047619082e+02,3.006990476190475761e+02
4.041949152542373014e+01,1.226115819209039444e+02,1.666375968992248033e+02,3.007015503875969102e+02
4.037304964539006846e+01,1.222865248226950285e+02,1.668049242424242209e+02,3.006628787878787534e+02
4.042346208869813751e+01,1.221001430615164480e+02,1.664171539961013480e+02,3.003976608187134616e+02
4.051965065502183450e+01,1.215851528384279447e+02,1.666124497991967814e+02,3.005160642570281198e+02
4.043019943019942986e+01,1.208376068376068417e+02,1.664102564102564088e+02,3.004319526627218693e+02
4.044592592592591984e+01,1.213970370370370375e+02,1.662453183520599111e+02,3.005430711610486583e+02
4.026244343891402622e+01,1.217843137254901933e+02,1.664194756554306878e+02,3.006423220973782691e+02
4.020430107526880903e+01,1.219923195084485315e+02,1.664509803921568505e+02,3.006333333333333258e+02
4.035479256080114396e+01,1.210743919885550781e+02,1.659411764705882320e+02,3.004450980392156794e+02
4.034529147982063080e+01,1.209850523168908722e+02,1.655657142857142787e+02,3.004514285714285506e+02
4.029595015576323647e+01,1.221339563862928230e+02,1.652716763005780365e+02,3.010828516377649180e+02
4.122899728997289515e+01,1.179024390243902474e+02,1.658906810035842057e+02,2.973064516129032313e+02
4.008703703703703525e+01,1.265759259259259153e+02,1.807235023041474733e+02,1.810430107526881613e+02
4.085634588563458891e+01,1.196164574616457372e+02,1.656794171220400642e+02,2.984863387978141986e+02
4.062626262626262275e+01,1.196334776334776251e+02,1.652174688057041010e+02,2.980427807486631195e+02
4.076334776334775967e+01,1.197157287157287158e+02,1.657155797101449082e+02,2.980634057971014386e+02
4.076334776334775967e+01,1.197157287157287158e+02,1.654812734082396730e+02,2.978689138576779101e+02
4.078917378917378755e+01,1.195982905982906033e+02,1.654972067039106207e+02,2.978957169459962415e+02
4.077825464949928147e+01,1.196838340486409038e+02,1.651922398589065324e+02,2.977636684303350876e+02
4.083694083694083332e+01,1.195468975468975401e+02,1.647453183520599111e+02,2.973202247191011338e+02
4.100000000000000000e+01,1.190330459770114828e+02,1.647453183520599111e+02,2.973202247191011338e+02
4.099572649572649397e+01,1.189729344729344689e+02,1.647453183520599111e+02,2.973202247191011338e+02
4.101652892561983776e+01,1.182190082644628149e+02,1.647453183520599111e+02,2.973202247191011338e+02
4.101534170153416881e+01,1.181645746164574575e+02,1.644644808743169335e+02,2.971384335154826886e+02
4.083893557422968712e+01,1.181582633053221230e+02,1.639283154121863788e+02,2.971182795698924792e+02
4.098194444444444429e+01,1.176430555555555486e+02,1.637703703703703582e+02,2.969870370370369983e+02
4.098194444444444429e+01,1.176430555555555486e+02,1.637173913043478137e+02,2.970326086956521863e+02
4.093863319386331767e+01,1.176820083682008402e+02,1.637173913043478137e+02,2.970326086956521863e+02
4.094915254237287883e+01,1.177895480225988649e+02,1.625708582834331253e+02,2.966786427145708558e+02
4.074458874458874647e+01,1.176161616161616053e+02,1.623276190476190379e+02,2.968476190476190482e+02
4.071129707112970664e+01,1.180516039051603912e+02,1.623035087719298133e+02,2.971421052631578732e+02
4.069620253164556800e+01,1.181533052039381033e+02,1.622885304659498047e+02,2.970698924731182728e+02
4.071063829787234312e+01,1.182695035460992870e+02,1.622885304659498047e+02,2.970698924731182728e+02
4.071063829787234312e+01,1.182695035460992870e+02,1.614327808471454944e+02,2.972965009208102742e+02
4.068975468975468601e+01,1.182828282828282767e+02,1.610409683426443053e+02,2.972216014897579157e+02
4.074672489082969662e+01,1.181310043668122205e+02,1.611952117863719991e+02,2.975009208103130618e+02
4.074672489082969662e+01,1.181310043668122205e+02,1.611952117863719991e+02,2.975009208103130618e+02
4.067916666666666714e+01,1.181611111111110972e+02,1.613001841620626067e+02,2.975930018416206053e+02
4.067916666666666714e+01,1.181611111111110972e+02,1.613001841620626067e+02,2.975930018416206053e+02
4.071008403361344818e+01,1.177885154061624604e+02,1.614003831417624326e+02,2.974252873563218600e+02
4.076149425287356109e+01,1.175301724137931103e+02,1.610301318267419788e+02,2.970979284369114453e+02
4.071761280931585958e+01,1.171979621542940322e+02,1.609515828677839693e+02,2.970912476722532460e+02
4.072246065808297288e+01,1.169456366237482001e+02,1.609459962756052107e+02,2.970521415270018224e+02
4.068821839080459313e+01,1.169037356321838956e+02,1.609459962756052107e+02,2.970521415270018224e+02
4.062931034482758719e+01,1.167413793103448256e+02,1.607909909909909913e+02,2.968612612612612338e+02
4.065384615384615330e+01,1.166752136752136693e+02,1.610824372759856544e+02,2.969677419354838435e+02
4.065384615384615330e+01,1.166752136752136693e+02,1.610374331550802083e+02,2.969429590017825262e+02
4.065384615384615330e+01,1.166752136752136693e+02,1.602127659574468055e+02,2.967854609929078151e+02
4.060262008733624128e+01,1.166521106259097422e+02,1.602216216216216083e+02,2.969207207207206807e+02
4.040606060606059913e+01,1.167636363636363654e+02,1.596551059730250302e+02,2.968439306358381486e+02
4.050595238095237249e+01,1.166517857142857082e+02,1.597022471910112245e+02,2.968970037453183295e+02
4.047121212121211897e+01,1.165181818181818159e+02,1.597022471910112245e+02,2.968970037453183295e+02
4.047121212121211897e+01,1.165181818181818159e+02,1.591988636363636260e+02,2.968162878787878753e+02
4.047121212121211897e+01,1.165181818181818159e+02,1.591988636363636260e+02,2.968162878787878753e+02
4.061843971631205363e+01,1.165134751773049544e+02,1.588928571428571388e+02,2.967718253968253634e+02
4.061458333333332860e+01,1.167500000000000000e+02,1.592831325301204686e+02,2.967871485943774701e+02
4.068965517241379359e+01,1.163534482758620641e+02,1.593068181818181870e+02,2.968674242424242493e+02
4.068965517241379359e+01,1.163534482758620641e+02,1.593409090909090935e+02,2.968674242424242493e+02
4.061458333333332860e+01,1.169553571428571388e+02,1.593448275862068897e+02,2.966532567049808335e+02
4.057383966244725571e+01,1.161153305203938118e+02,1.591829268292682968e+02,2.965406504065040281e+02
4.058227848101265778e+01,1.159803094233473928e+02,1.595823529411764810e+02,2.964980392156862763e+02
4.059491778774289372e+01,1.165650224215246595e+02,1.596291913214990075e+02,2.965522682445758846e+02
4.062324929971988041e+01,1.159229691876750650e+02,1.596219739292365034e+02,2.962364990689012529e+02
4.062536873156341954e+01,1.158038348082595803e+02,1.596261510128913415e+02,2.962725598526703266e+02
4.053823953823953019e+01,1.160476190476190510e+02,1.596277777777777658e+02,2.962425925925925867e+02
4.051259259259258982e+01,1.159970370370370318e+02,1.596277777777777658e+02,2.962425925925925867e+02
4.051259259259258982e+01,1.159970370370370318e+02,1.596685393258426870e+02,2.963071161048688964e+02
4.051259259259258982e+01,1.159970370370370318e+02,1.595531914893616943e+02,2.963705673758865373e+02
4.051259259259258982e+01,1.159970370370370318e+02,1.595478723404255277e+02,2.963989361702127781e+02
4.047259259259259068e+01,1.160622222222222177e+02,1.588636363636363740e+02,2.961912878787878753e+02
4.045521292217326703e+01,1.162995594713656402e+02,1.588313953488372192e+02,2.962596899224806180e+02
4.045521292217326703e+01,1.162995594713656402e+02,1.588011363636363740e+02,2.964962121212120678e+02
4.046433770014555620e+01,1.162096069868995585e+02,1.590489130434782510e+02,2.968061594202898164e+02
4.054468085106383057e+01,1.158170212765957388e+02,1.584925925925925867e+02,2.966722222222222172e+02
4.042152466367713259e+01,1.165575485799701028e+02,1.586761363636363740e+02,2.968693181818181870e+02
4.052849002849002602e+01,1.160883190883190821e+02,1.588380414312617575e+02,2.969548022598870034e+02
4.052849002849002602e+01,1.160883190883190821e+02,1.587619047619047592e+02,2.969314285714285688e+02
4.061549100968187531e+01,1.154536652835408006e+02,1.588554913294797757e+02,2.972581888246627955e+02
4.061549100968187531e+01,1.154536652835408006e+02,1.588554913294797757e+02,2.972581888246627955e+02
4.049321266968325972e+01,1.159969834087481075e+02,1.582894211576846146e+02,2.969241516966067707e+02
4.049074074074074048e+01,1.156111111111111143e+02,1.584376278118609207e+02,2.970122699386503200e+02
4.049074074074074048e+01,1.156111111111111143e+02,1.584376278118609207e+02,2.970122699386503200e+02
4.040519877675840377e+01,1.155183486238532140e+02,1.584376278118609207e+02,2.970122699386503200e+02
4.042170542635658848e+01,1.154713178294573623e+02,1.584376278118609207e+02,2.970122699386503200e+02
4.048148148148147385e+01,1.148770370370370273e+02,1.587446393762183163e+02,2.972163742690058257e+02
4.043657817109144048e+01,1.145383480825958600e+02,1.586551059730250302e+02,2.972504816955683964e+02
4.043657817109144048e+01,1.145383480825958600e+02,1.586551059730250302e+02,2.972504816955683964e+02
4.043657817109144048e+01,1.145383480825958600e+02,1.584116575591985452e+02,2.973588342440801284e+02
4.046246246246246159e+01,1.146291291291291117e+02,1.583786231884057827e+02,2.973260869565217490e+02
4.042518518518518533e+01,1.149703703703703610e+02,1.580896686159844080e+02,2.972768031189083331e+02
4.043259259259258442e+01,1.148992592592592530e+02,1.579025341130604261e+02,2.972534113060428353e+02
4.043259259259258442e+01,1.148992592592592530e+02,1.579025341130604261e+02,2.972534113060428353e+02
4.037351190476190510e+01,1.151607142857142918e+02,1.579352941176470608e+02,2.972882352941176691e+02
4.039380530973451044e+01,1.152035398230088532e+02,1.579352941176470608e+02,2.972882352941176691e+02
4.042857142857143060e+01,1.150877976190476062e+02,1.576979742173112413e+02,2.968139963167587325e+02
4.044148148148147470e+01,1.149259259259259238e+02,1.577808471454880248e+02,2.968195211786371601e+02
4.043303571428571530e+01,1.147619047619047450e+02,1.580555555555555429e+02,2.968716475095785086e+02
4.049404761904761330e+01,1.145922619047618980e+02,1.583623188405796895e+02,2.970217391304348098e+02
4.053654970760233311e+01,1.137222222222222143e+02,1.587337164750957754e+02,2.970613026819923448e+02
4.055111111111111200e+01,1.134222222222222172e+02,1.581909909909909970e+02,2.965477477477477350e+02
4.066237482117310265e+01,1.127939914163090123e+02,1.585203703703703582e+02,2.966333333333333258e+02
4.066237482117310265e+01,1.127939914163090123e+02,1.585203703703703582e+02,2.966333333333333258e+02
4.066237482117310265e+01,1.127939914163090123e+02,1.584981060606060339e+02,2.964772727272727479e+02
4.067988252569750074e+01,1.125212922173274563e+02,1.584981060606060339e+02,2.964772727272727479e+02
4.073949579831932510e+01,1.119103641456582494e+02,1.581582867783984909e+02,2.963314711359403759e+02
4.074616457461645069e+01,1.117531380753138137e+02,1.583057090239410627e+02,2.964162062615101263e+02
4.075416666666666998e+01,1.117986111111111001e+02,1.580335097001763529e+02,2.965996472663139230e+02
4.075416666666666998e+01,1.117986111111111001e+02,1.580141843971631204e+02,2.966489361702127781e+02
4.075416666666666998e+01,1.117986111111111001e+02,1.580141843971631204e+02,2.966489361702127781e+02
4.092450142450142181e+01,1.116139601139601041e+02,1.569785575048732937e+02,2.964678362573099548e+02
4.094032023289664579e+01,1.118049490538573423e+02,1.574369114877589482e+02,2.969227871939735905e+02
4.090975254730712862e+01,1.120363901018922803e+02,1.574772727272727195e+02,2.969488636363636260e+02
4.084279475982532404e+01,1.121499272197962114e+02,1.575689655172413666e+02,2.969827586206896513e+02
4.084279475982532404e+01,1.121499272197962114e+02,1.575689655172413666e+02,2.969827586206896513e+02
4.071120689655172242e+01,1.117356321839080380e+02,1.570888888888889028e+02,2.969481481481481069e+02
4.071982758620689680e+01,1.116235632183907995e+02,1.571275045537340418e+02,2.970072859744990410e+02
4.078560939794419227e+01,1.114640234948604984e+02,1.571275045537340418e+02,2.970072859744990410e+02
4.078560939794419227e+01,1.114640234948604984e+02,1.575209471766848708e+02,2.970400728597449529e+02
4.078560939794419227e+01,1.114640234948604984e+02,1.575173041894353219e+02,2.969508196721311606e+02
4.088455988455987722e+01,1.104126984126984041e+02,1.571818181818181870e+02,2.966515151515151274e+02
4.089185185185184679e+01,1.104059259259259136e+02,1.570738636363636260e+02,2.965662878787878753e+02
4.095703703703703269e+01,1.103792592592592570e+02,1.572816091954022966e+02,2.967011494252873831e+02
4.095703703703703269e+01,1.103792592592592570e+02,1.572816091954022966e+02,2.967011494252873831e+02
4.095703703703703269e+01,1.103792592592592570e+02,1.567880539499036558e+02,2.961926782273602612e+02
4.082286634460547248e+01,1.105475040257648942e+02,1.565925925925925810e+02,2.960666666666666629e+02
4.083570300157977329e+01,1.103191153238546605e+02,1.568324225865209485e+02,2.962914389799635160e+02
4.076910569105690740e+01,1.106991869918699081e+02,1.568691756272401392e+02,2.965161290322580498e+02
4.077723577235772012e+01,1.106894308943089413e+02,1.568691756272401392e+02,2.965161290322580498e+02
4.076910569105690740e+01,1.106991869918699081e+02,1.568691756272401392e+02,2.965161290322580498e+02
4.075565610859728594e+01,1.104947209653091988e+02,1.560860215053763511e+02,2.963261648745519778e+02
4.087131782945736092e+01,1.107271317829457331e+02,1.559315315315315331e+02,2.962720720720720351e+02
4.086328725038401899e+01,1.108172043010752645e+02,1.558979963570127438e+02,2.962586520947176609e+02
4.087131782945736092e+01,1.107271317829457331e+02,1.558979963570127438e+02,2.962586520947176609e+02
4.099269005847952485e+01,1.100029239766081730e+02,1.559309664694280002e+02,2.962426035502958825e+02
4.098148148148148096e+01,1.095256410256410220e+02,1.563049242424242209e+02,2.964734848484848158e+02
4.087823439878233955e+01,1.095722983257229828e+02,1.561464354527938383e+02,2.964605009633910981e+02
4.083861236802412975e+01,1.096395173453996961e+02,1.560682261208576733e+02,2.963762183235867269e+02
4.089660493827160082e+01,1.091743827160493652e+02,1.560211946050096117e+02,2.963082851637764747e+02
4.092295597484276470e+01,1.092342767295597383e+02,1.564934086629001797e+02,2.962674199623351683e+02
4.100438596491228083e+01,1.080599415204678309e+02,1.565488029465929856e+02,2.962836095764272386e+02
4.108438818565400652e+01,1.082320675105485179e+02,1.566778398510242027e+02,2.962476722532588269e+02
4.108438818565400652e+01,1.082320675105485179e+02,1.566778398510242027e+02,2.962476722532588269e+02
4.103319502074688785e+01,1.079460580912863037e+02,1.566778398510242027e+02,2.962476722532588269e+02
4.090660919540229656e+01,1.079683908045976892e+02,1.566778398510242027e+02,2.962476722532588269e+02
4.080454545454545467e+01,1.072212121212121048e+02,1.563985890652557202e+02,2.964038800705467338e+02
4.102489626556016589e+01,1.065020746887966823e+02,1.562359550561797619e+02,2.963820224719100906e+02
4.102489626556016589e+01,1.065020746887966823e+02,1.562359550561797619e+02,2.963820224719100906e+02
4.102489626556016589e+01,1.065020746887966823e+02,1.562359550561797619e+02,2.963820224719100906e+02
4.105509641873278071e+01,1.065068870523415825e+02,1.559542124542124384e+02,2.965091575091574896e+02
4.069278033794162042e+01,1.075775729646697272e+02,1.557219047619047672e+02,2.964533333333333189e+02
4.071875000000000000e+01,1.075654761904761756e+02,1.556799242424242209e+02,2.966628787878787534e+02
4.071875000000000000e+01,1.075654761904761756e+02,1.556799242424242209e+02,2.966628787878787534e+02
4.071875000000000000e+01,1.075654761904761756e+02,1.556799242424242209e+02,2.966628787878787534e+02
4.074733637747335990e+01,1.072754946727549452e+02,1.559112318840579690e+02,2.967536231884058111e+02
4.096866096866096285e+01,1.067079772079771942e+02,1.556287878787878753e+02,2.965738636363636260e+02
4.091737891737891175e+01,1.066566951566951502e+02,1.556849816849816648e+02,2.965769230769230944e+02
4.091737891737891175e+01,1.066566951566951502e+02,1.556849816849816648e+02,2.965769230769230944e+02
4.069093851132685558e+01,1.073818770226537112e+02,1.554619565217391255e+02,2.963369565217391255e+02
4.071166666666666600e+01,1.070333333333333172e+02,1.554619565217391255e+02,2.963369565217391255e+02
4.078653530377668091e+01,1.066617405582922800e+02,1.557310606060605949e+02,2.961818181818181870e+02
4.084992101105844853e+01,1.062575039494470701e+02,1.557448789571694476e+02,2.963035381750465262e+02
4.084992101105844853e+01,1.062575039494470701e+02,1.556891385767790155e+02,2.962640449438202381e+02
4.084992101105844853e+01,1.062575039494470701e+02,1.556891385767790155e+02,2.962640449438202381e+02
4.089093701996927166e+01,1.063563748079877058e+02,1.555567375886524815e+02,2.964095744680851112e+02
4.090476190476190510e+01,1.058601190476190368e+02,1.551171171171171181e+02,2.962288288288287958e+02
4.088940092165898932e+01,1.061981566820276441e+02,1.548397085610200179e+02,2.964335154826957819e+02
4.088940092165898932e+01,1.061981566820276441e+02,1.548397085610200179e+02,2.964335154826957819e+02
4.088940092165898932e+01,1.061981566820276441e+02,1.551837837837837810e+02,2.965927927927928067e+02
4.088940092165898932e+01,1.061981566820276441e+02,1.550256410256410220e+02,2.965000000000000000e+02
4.077666666666666373e+01,1.061099999999999994e+02,1.545672514619882918e+02,2.964795321637427037e+02
4.088942307692308020e+01,1.060288461538461604e+02,1.546853932584269558e+02,2.966423220973782691e+02
4.088942307692308020e+01,1.060288461538461604e+02,1.546853932584269558e+02,2.966423220973782691e+02
4.105255255255254809e+01,1.051441441441441498e+02,1.546853932584269558e+02,2.966423220973782691e+02
4.110968660968660515e+01,1.048632478632478637e+02,1.546853932584269558e+02,2.966423220973782691e+02
4.106552706552705700e+01,1.046823361823361722e+02,1.546904761904762040e+02,2.962658730158730123e+02
4.107983193277311074e+01,1.047170868347338768e+02,1.548565891472868259e+02,2.963798449612402806e+02
4.103988603988603501e+01,1.045498575498575349e+02,1.548265107212475584e+02,2.963274853801169684e+02
4.112704918032786594e+01,1.046543715846994473e+02,1.547364341085271064e+02,2.962558139534883708e+02
4.113983050847457434e+01,1.041200564971751419e+02,1.547707129094412153e+02,2.962620423892099666e+02
4.124899598393574252e+01,1.037322623828647892e+02,1.547524950099800378e+02,2.958682634730539007e+02
4.114999999999999858e+01,1.041069444444444372e+02,1.548662790697674438e+02,2.958120155038759549e+02
4.133333333333333570e+01,1.039231824417009591e+02,1.548694779116465838e+02,2.957128514056224731e+02
4.131535269709543456e+01,1.040553250345781464e+02,1.548869395711500943e+02,2.957192982456140271e+02
4.131535269709543456e+01,1.040553250345781464e+02,1.548869395711500943e+02,2.957192982456140271e+02
4.122784810126582045e+01,1.040140646976090011e+02,1.546030828516377653e+02,2.956974951830442819e+02
4.130290456431535517e+01,1.039017980636237866e+02,1.547951582867783884e+02,2.958044692737429955e+02
4.130452674897119181e+01,1.038203017832647390e+02,1.547951582867783884e+02,2.958044692737429955e+02
4.130452674897119181e+01,1.038203017832647390e+02,1.547951582867783884e+02,2.958044692737429955e+02
4.129554655870445146e+01,1.039730094466936521e+02,1.547951582867783884e+02,2.958044692737429955e+02
4.122807017543858876e+01,1.039608636977058040e+02,1.546554934823091116e+02,2.957932960893854784e+02
4.125449515905946640e+01,1.041424619640387164e+02,1.547639639639639597e+02,2.958180180180179946e+02
4.125449515905946640e+01,1.041424619640387164e+02,1.550359848484848442e+02,2.956799242424242493e+02
4.126474622770918899e+01,1.040013717421124824e+02,1.551268939393939377e+02,2.957367424242424363e+02
4.126337448559670662e+01,1.032565157750342877e+02,1.550323809523809473e+02,2.953790476190475829e+02
4.122175732217573341e+01,1.033905160390516045e+02,1.552386587771203210e+02,2.952741617357001473e+02
4.123236514522821494e+01,1.033374827109266931e+02,1.553177387914229826e+02,2.951130604288498489e+02
4.123236514522821494e+01,1.033374827109266931e+02,1.553177387914229826e+02,2.951130604288498489e+02
4.123374827109266505e+01,1.032461964038727444e+02,1.558934911242603505e+02,2.950650887573964383e+02
4.124822695035460640e+01,1.026439716312056731e+02,1.559681647940074924e+02,2.950093632958801209e+02
4.120029239766081730e+01,1.028421052631578902e+02,1.559818840579710013e+02,2.946702898550724399e+02
4.121652421652421339e+01,1.023333333333333286e+02,1.560674157303370748e+02,2.946217228464419122e+02
4.118274853801169400e+01,1.026842105263157947e+02,1.560674157303370748e+02,2.946217228464419122e+02
4.118274853801169400e+01,1.026842105263157947e+02,1.560462427745664797e+02,2.945240847784200469e+02
4.118274853801169400e+01,1.026842105263157947e+02,1.559590643274853790e+02,2.944483430799220400e+02
4.120168067226890685e+01,1.025322128851540526e+02,1.559171597633136059e+02,2.942169625246548321e+02
4.135109289617486183e+01,1.024002732240437012e+02,1.561589147286821628e+02,2.943139534883720785e+02
4.133333333333332860e+01,1.025440771349862104e+02,1.561589147286821628e+02,2.943139534883720785e+02
4.133333333333332860e+01,1.025440771349862104e+02,1.562400793650793673e+02,2.943273809523809632e+02
4.133194444444443860e+01,1.026152777777777629e+02,1.562550200803212874e+02,2.943012048192771317e+02
4.127309236947791504e+01,1.026760374832663985e+02,1.563178294573643257e+02,2.942868217054263482e+02
4.127272727272727337e+01,1.025358126721762915e+02,1.564282945736433987e+02,2.943662790697674154e+02
4.116598079561042312e+01,1.027256515775034273e+02,1.569484126984126817e+02,2.942678571428571672e+02
4.123025435073627420e+01,1.024591700133868812e+02,1.570387596899224718e+02,2.941627906976744384e+02
4.125164690382081289e+01,1.023096179183135632e+02,1.571287878787878753e+02,2.941704545454545610e+02
4.127309236947791504e+01,1.017965194109772398e+02,1.573512544802867410e+02,2.941200716845877992e+02
4.123387096774193594e+01,1.019301075268817129e+02,1.575496453900709071e+02,2.941241134751772961e+02
4.125333333333333030e+01,1.018746666666666556e+02,1.575496453900709071e+02,2.941241134751772961e+02
4.124666666666666259e+01,1.017146666666666590e+02,1.576219739292365034e+02,2.940074487895716402e+02
4.124666666666666259e+01,1.017146666666666590e+02,1.577822736030828423e+02,2.942312138728323703e+02
4.130303030303029743e+01,1.014655647382920023e+02,1.576609848484848442e+02,2.938731060606060623e+02
4.127222222222221859e+01,1.013819444444444287e+02,1.577005649717514189e+02,2.939171374764594589e+02
4.127222222222221859e+01,1.013819444444444287e+02,1.577005649717514189e+02,2.939171374764594589e+02
4.127083333333333570e+01,1.013819444444444287e+02,1.577367424242424079e+02,2.939488636363636260e+02
4.127083333333333570e+01,1.013819444444444287e+02,1.575664739884392986e+02,2.939614643545278909e+02
4.133063427800269807e+01,1.016936572199730051e+02,1.577043314500941449e+02,2.944086629001882898e+02
4.133063427800269807e+01,1.016936572199730051e+02,1.574444444444444571e+02,2.942611111111111200e+02
4.132784636488339913e+01,1.019026063100137094e+02,1.576015325670497873e+02,2.945804597701149419e+02
4.132784636488339913e+01,1.019026063100137094e+02,1.575626204238920991e+02,2.945279383429672180e+02
4.132784636488339913e+01,1.019026063100137094e+02,1.577284644194756424e+02,2.948464419475655518e+02
4.134557823129251375e+01,1.018625850340136054e+02,1.577837837837837753e+02,2.944504504504504325e+02
4.113936781609194782e+01,1.026580459770114828e+02,1.575865921787709567e+02,2.942011173184357631e+02
4.113936781609194782e+01,1.026580459770114828e+02,1.575865921787709567e+02,2.942011173184357631e+02
4.116666666666666430e+01,1.025724637681159379e+02,1.575649717514124291e+02,2.942259887005649830e+02
4.113936781609194782e+01,1.026580459770114828e+02,1.582030651340996030e+02,2.943620689655172669e+02
4.131330472103004325e+01,1.019399141630901227e+02,1.580568627450980159e+02,2.942745098039215463e+02
4.133333333333332860e+01,1.012979002624671807e+02,1.580635838150288919e+02,2.941753371868978775e+02
4.131333333333332547e+01,1.014386666666666628e+02,1.580116959064327489e+02,2.941423001949317495e+02
4.131866666666666532e+01,1.012986666666666622e+02,1.580116959064327489e+02,2.941423001949317495e+02
4.131542699724517576e+01,1.013636363636363598e+02,1.581052631578947398e+02,2.940467836257309955e+02
4.132653061224489477e+01,1.015687074829931902e+02,1.581197604790419291e+02,2.940718562874251347e+02
4.123055555555554719e+01,1.017833333333333314e+02,1.580677966101694949e+02,2.943747645951035565e+02
4.131758530183726918e+01,1.017545931758530031e+02,1.581182170542635674e+02,2.943817829457364041e+02
4.131758530183726918e+01,1.017545931758530031e+02,1.581027131782945503e+02,2.943759689922480334e+02
4.131758530183726918e+01,1.017545931758530031e+02,1.581027131782945503e+02,2.943759689922480334e+02
4.121038251366119454e+01,1.014153005464480799e+02,1.577811244979919536e+02,2.942329317269076228e+02
4.119467787114845692e+01,1.016876750700280070e+02,1.578245614035087669e+02,2.944639376218323150e+02
4.119467787114845692e+01,1.016876750700280070e+02,1.578486590038314148e+02,2.945727969348658917e+02
4.119467787114845692e+01,1.016876750700280070e+02,1.579108527131782864e+02,2.946143410852712918e+02
4.119467787114845692e+01,1.016876750700280070e+02,1.579108527131782864e+02,2.946143410852712918e+02
4.120534458509141729e+01,1.014781997187060369e+02,1.581727642276422614e+02,2.946808943089430954e+02
4.112393162393162527e+01,1.014131054131053986e+02,1.581152263374485472e+02,2.946460905349794075e+02
4.118067226890756416e+01,1.014817927170868188e+02,1.581706349206349103e+02,2.947579365079365061e+02
4.117638888888888715e+01,1.014777777777777743e+02,1.582829457364341010e+02,2.948100775193798313e+02
4.109423347398030302e+01,1.016047819971870609e+02,1.585950920245398663e+02,2.944969325153374484e+02
4.113517060367453837e+01,1.012349081364829289e+02,1.588065134099616671e+02,2.948524904214559115e+02
4.112517580872010825e+01,1.012587904360056257e+02,1.588468992248061795e+02,2.949205426356588760e+02
4.112517580872010825e+01,1.012587904360056257e+02,1.588199233716474907e+02,2.949329501915708533e+02
4.112517580872010825e+01,1.012587904360056257e+02,1.588468992248061795e+02,2.949205426356588760e+02
4.114504881450488227e+01,1.011562064156206304e+02,1.587292817679557970e+02,2.945524861878453180e+02
4.117615176151760892e+01,1.006287262872628645e+02,1.582921568627450881e+02,2.942686274509803752e+02
4.106521739130435122e+01,1.013028985507246205e+02,1.582222222222222285e+02,2.946861598440545436e+02
4.108620689655172242e+01,1.012399425287356252e+02,1.582905027932960991e+02,2.948770949720670274e+02
4.108620689655172242e+01,1.012399425287356252e+02,1.580055248618784560e+02,2.950000000000000000e+02
4.108543417366946215e+01,1.011274509803921546e+02,1.579039548022598751e+02,2.950112994350282634e+02
4.098902606310013397e+01,1.012935528120713258e+02,1.574931773879142156e+02,2.950896686159843512e+02
4.093128654970760039e+01,1.023494152046783512e+02,1.575271317829457303e+02,2.955116279069767415e+02
4.099293785310734251e+01,1.020663841807909478e+02,nan,nan
4.099719887955181719e+01,1.019481792717086677e+02,1.574197530864197461e+02,2.956502057613168404e+02
4.099293785310734251e+01,1.020663841807909478e+02,1.575060240963855449e+02,2.957429718875501976e+02
4.089233038348082516e+01,1.023967551622418739e+02,1.570698602794411158e+02,2.956207584830339101e+02
4.089766081871344738e+01,1.022616959064327347e+02,1.570256410256410220e+02,2.955207100591716198e+02
4.091884057971014244e+01,1.022594202898550577e+02,1.569764705882352871e+02,2.955607843137254349e+02
4.101032448377580408e+01,1.018938053097345176e+02,1.569764705882352871e+02,2.955607843137254349e+02
4.101032448377580408e+01,1.018938053097345176e+02,1.569764705882352871e+02,2.955607843137254349e+02
4.084946236559139265e+01,1.016697388632872503e+02,1.565107212475633389e+02,2.954385964912280542e+02
4.099710144927535538e+01,1.012608695652173907e+02,1.566201550387596626e+02,2.956589147286821344e+02
4.099710144927535538e+01,1.012608695652173907e+02,1.565056818181818130e+02,2.955416666666666288e+02
4.114305555555554861e+01,1.007611111111111057e+02,1.562682445759368761e+02,2.955719921104536070e+02
4.111673699015470618e+01,1.009465541490857845e+02,1.560433925049309494e+02,2.955838264299802631e+02
4.107834757834757511e+01,1.009259259259259096e+02,1.556333333333333258e+02,2.950901960784313474e+02
4.109370816599732024e+01,1.014190093708165961e+02,1.556992337164750779e+02,2.957432950191570740e+02
4.110887096774193594e+01,1.013776881720429941e+02,1.552705882352941273e+02,2.955725490196078340e+02
4.110887096774193594e+01,1.013776881720429941e+02,1.552705882352941273e+02,2.955725490196078340e+02
4.110887096774193594e+01,1.013776881720429941e+02,1.549069767441860392e+02,2.954496124031007298e+02
4.085369532428355654e+01,1.017375565610859667e+02,1.544816955684007667e+02,2.953063583815028892e+02
4.086011904761904390e+01,1.016324404761904674e+02,1.545294117647058840e+02,2.956078431372548607e+02
4.083633633633633053e+01,1.017282282282282182e+02,1.545294117647058840e+02,2.956078431372548607e+02
4.081212121212121247e+01,1.018166666666666487e+02,1.543564547206165685e+02,2.954739884393063676e+02
4.078899082568807444e+01,1.018975535168195563e+02,1.543812260536398355e+02,2.955363984674329458e+02
4.078840579710144709e+01,1.016028985507246318e+02,1.540591715976331386e+02,2.952682445759368761e+02
4.075729646697388375e+01,1.016082949308755730e+02,1.541936127744510827e+02,2.956706586826347234e+02
4.077419354838709609e+01,1.016082949308755730e+02,1.541030303030302946e+02,2.954727272727272975e+02
4.077419354838709609e+01,1.016082949308755730e+02,1.541030303030302946e+02,2.954727272727272975e+02
4.086910197869101324e+01,1.013576864535768607e+02,1.541030303030302946e+02,2.954727272727272975e+02
4.079464285714285410e+01,1.011190476190476062e+02,1.536291913214990075e+02,2.952011834319526429e+02
4.082511210762331899e+01,1.013497757847533620e+02,1.537947154471544593e+02,2.954227642276422330e+02
4.083775811209439155e+01,1.012949852507374544e+02,1.537672583826429786e+02,2.956745562130177518e+02
4.083775811209439155e+01,1.012949852507374544e+02,1.537064393939393767e+02,2.953503787878787534e+02
4.083775811209439155e+01,1.012949852507374544e+02,1.537064393939393767e+02,2.953503787878787534e+02
4.080365296803653052e+01,1.020365296803652910e+02,1.532592592592592382e+02,2.953781676413255468e+02
4.078538812785387790e+01,1.018356164383561691e+02,1.531936127744510827e+02,2.953992015968063924e+02
4.072993827160493652e+01,1.016836419753086318e+02,1.531726907630522021e+02,2.954236947791164312e+02
4.070597484276729006e+01,1.019795597484276612e+02,1.530151515151515014e+02,2.959280303030302548e+02
4.070151515151514587e+01,1.023484848484848442e+02,1.530151515151515014e+02,2.959280303030302548e+02
4.069069069069068689e+01,1.023183183183183047e+02,1.525203252032520140e+02,2.951849593495934414e+02
4.074382716049382225e+01,1.020493827160493652e+02,1.524776422764227561e+02,2.954715447154471235e+02
4.074382716049382225e+01,1.020493827160493652e+02,1.525030674846625800e+02,2.955153374233128716e+02
4.074382716049382225e+01,1.020493827160493652e+02,1.525030674846625800e+02,2.955153374233128716e+02
4.074382716049382225e+01,1.020493827160493652e+02,1.525030674846625800e+02,2.955153374233128716e+02
4.071615720524017235e+01,1.016870451237263353e+02,nan,nan
4.070648967551622377e+01,1.017109144542772725e+02,1.522530864197530889e+02,2.952674897119341040e+02
4.070648967551622377e+01,1.017109144542772725e+02,1.522530864197530889e+02,2.952674897119341040e+02
4.070648967551622377e+01,1.017109144542772725e+02,1.522530864197530889e+02,2.952674897119341040e+02
4.075180375180374881e+01,1.022395382395382342e+02,1.522528735632184009e+02,2.953601532567049617e+02
4.067681159420289561e+01,1.013159420289855035e+02,nan,nan
4.082300884955752451e+01,1.012035398230088532e+02,1.523975155279503042e+02,2.952360248447204754e+02
4.082300884955752451e+01,1.012035398230088532e+02,1.523050505050505024e+02,2.950363636363636601e+02
4.082300884955752451e+01,1.012035398230088532e+02,1.522781186094069596e+02,2.949263803680981368e+02
4.072782874617736582e+01,1.016880733944954187e+02,1.523002070393374652e+02,2.948881987577639734e+02
4.066959064327485152e+01,1.016169590643274745e+02,1.520602409638554207e+02,2.949839357429718802e+02
4.066068759342301320e+01,1.021629297458893859e+02,1.519759036144578204e+02,2.950682730923694521e+02
4.064125560538116844e+01,1.023198804185351207e+02,1.519806201550387357e+02,2.950193798449612359e+02
4.064125560538116844e+01,1.023198804185351207e+02,1.520156862745097897e+02,2.951078431372548607e+02
4.068340943683408995e+01,1.022572298325722926e+02,1.520522088353413608e+02,2.952891566265060419e+02
4.055650929899857005e+01,1.022460658082975584e+02,1.514044943820224773e+02,2.951535580524344482e+02
4.071976401179940552e+01,1.022477876106194685e+02,1.512083333333333428e+02,2.948134920634920491e+02
4.071976401179940552e+01,1.022477876106194685e+02,1.511896207584830165e+02,2.947485029940119716e+02
4.071976401179940552e+01,1.022477876106194685e+02,1.511896207584830165e+02,2.947485029940119716e+02
4.071976401179940552e+01,1.022477876106194685e+02,1.512464646464646307e+02,2.947939393939394108e+02
4.051359084406294642e+01,1.024434907010014228e+02,1.510402298850574709e+02,2.946877394636015310e+02
4.054834054834054768e+01,1.021515151515151558e+02,1.510465116279069662e+02,2.947131782945736518e+02
4.053448275862069039e+01,1.021968390804597533e+02,1.510465116279069662e+02,2.947131782945736518e+02
4.053448275862069039e+01,1.021968390804597533e+02,1.510721247563352847e+02,2.947192982456140271e+02
4.053448275862069039e+01,1.021968390804597533e+02,1.510721247563352847e+02,2.947192982456140271e+02
4.050500715307582311e+01,1.021287553648068638e+02,1.509314285714285688e+02,2.949657142857142844e+02
4.051271186440678207e+01,1.019689265536723042e+02,1.508826815642458143e+02,2.948938547486033599e+02
4.050937950937950660e+01,1.019956709956709915e+02,1.507969348659003685e+02,2.950038314176244967e+02
4.052521008403361691e+01,1.015952380952380878e+02,1.506825396825396695e+02,2.948293650793650613e+02
4.052521008403361691e+01,1.015952380952380878e+02,1.506825396825396695e+02,2.948293650793650613e+02
4.054824561403508909e+01,1.021154970760233880e+02,1.501796407185628652e+02,2.946886227544910071e+02
4.051851851851851194e+01,1.021524216524216371e+02,1.499352941176470608e+02,2.948137254901960773e+02
4.051851851851851194e+01,1.021524216524216371e+02,1.499352941176470608e+02,2.948137254901960773e+02
4.051851851851851194e+01,1.021524216524216371e+02,1.499627450980391927e+02,2.949921568627451052e+02
4.053531073446327326e+01,1.019901129943502696e+02,1.497647058823529278e+02,2.947272727272727479e+02
4.045614035087719174e+01,1.019122807017543835e+02,1.496026365348399167e+02,2.949096045197740068e+02
4.045000000000000284e+01,1.021402777777777686e+02,1.495096899224806180e+02,2.946375968992247749e+02
4.045000000000000284e+01,1.021402777777777686e+02,1.496026365348399167e+02,2.949096045197740068e+02
4.045000000000000284e+01,1.021402777777777686e+02,1.494315992292870874e+02,2.949306358381502946e+02
4.049572649572649397e+01,1.014658119658119659e+02,1.494659090909090935e+02,2.950606060606060623e+02
4.039477124183006396e+01,1.012901960784313786e+02,1.493314711359404043e+02,2.949571694599627563e+02
4.048762736535662299e+01,1.016040756914119356e+02,1.494388888888888971e+02,2.953092592592592496e+02
4.048762736535662299e+01,1.016040756914119356e+02,1.495000000000000000e+02,2.955199275362318758e+02
4.048762736535662299e+01,1.016040756914119356e+02,1.494388888888888971e+02,2.953092592592592496e+02
4.048762736535662299e+01,1.016040756914119356e+02,1.493988764044943878e+02,2.951947565543071050e+02
4.046418732782368721e+01,1.007300275482093497e+02,1.491219047619047444e+02,2.949142857142857110e+02
4.042349726775955787e+01,1.008183060109289499e+02,1.491843575418994305e+02,2.949497206703910592e+02
4.044005270092225857e+01,1.003768115942028913e+02,1.491843575418994305e+02,2.949497206703910592e+02
4.043859649122806843e+01,1.006288798920377872e+02,1.491843575418994305e+02,2.949497206703910592e+02
4.043859649122806843e+01,1.006288798920377872e+02,1.491508379888268223e+02,2.949497206703910592e+02
4.049572649572649397e+01,1.010284900284900118e+02,1.489921568627450768e+02,2.949274509803921660e+02
4.045814977973568460e+01,1.012657856093979376e+02,1.488283433133732387e+02,2.948023952095808227e+02
4.046164574616457088e+01,1.012440725244072439e+02,1.488793103448275872e+02,2.946743295019156790e+02
4.046132208157523991e+01,1.013136427566807214e+02,1.488927875243664687e+02,2.946998050682261123e+02
4.046132208157523991e+01,1.013136427566807214e+02,1.489638095238095161e+02,2.949238095238094957e+02
4.045074224021591647e+01,1.008272604588394046e+02,1.485589430894308691e+02,2.947784552845528196e+02
4.050780141843971194e+01,1.011418439716312037e+02,1.486584362139917630e+02,2.948744855967078138e+02
4.045673758865248004e+01,1.009886524822695009e+02,1.486584362139917630e+02,2.948744855967078138e+02
4.045673758865248004e+01,1.009886524822695009e+02,1.486584362139917630e+02,2.948744855967078138e+02
4.043776824034334538e+01,1.009370529327610768e+02,1.486584362139917630e+02,2.948744855967078138e+02
4.035146443514644687e+01,1.008089260808926042e+02,nan,nan
4.040204678362572821e+01,1.006929824561403564e+02,1.486625766871165695e+02,2.945725971370142702e+02
4.040204678362572821e+01,1.006929824561403564e+02,1.486625766871165695e+02,2.945725971370142702e+02
4.040204678362572821e+01,1.006929824561403564e+02,1.486399176954732297e+02,2.945102880658436106e+02
4.044163150492263981e+01,1.005682137834036496e+02,1.487424242424242209e+02,2.947045454545454390e+02
4.031961591220850494e+01,1.004005486968449929e+02,1.487891891891891873e+02,2.941621621621621898e+02
4.035201149425287070e+01,1.005847701149425149e+02,1.487900552486187848e+02,2.942044198895027876e+02
4.035201149425287070e+01,1.005847701149425149e+02,1.487900552486187848e+02,2.942044198895027876e+02
4.035201149425287070e+01,1.005847701149425149e+02,1.488520499108734327e+02,2.943422459893047858e+02
4.035201149425287070e+01,1.005847701149425149e+02,1.488720720720720578e+02,2.944270270270270089e+02
4.033061224489795649e+01,1.007551020408163254e+02,1.485421245421245260e+02,2.943553113553113576e+02
4.038271604938271508e+01,1.006378600823045275e+02,1.485325670498084207e+02,2.942681992337164729e+02
4.039722222222221859e+01,1.007152777777777715e+02,1.485325670498084207e+02,2.942681992337164729e+02
4.039722222222221859e+01,1.007152777777777715e+02,1.485325670498084207e+02,2.942681992337164729e+02
4.039722222222221859e+01,1.007152777777777715e+02,1.485325670498084207e+02,2.942681992337164729e+02
4.028368794326240732e+01,1.003758865248226897e+02,1.484380952380952294e+02,2.941961904761904520e+02
4.042898550724637374e+01,1.007637681159420140e+02,nan,nan
4.042772861356932168e+01,1.005752212389380560e+02,nan,nan
4.042772861356932168e+01,1.005752212389380560e+02,nan,nan
4.042772861356932168e+01,1.005752212389380560e+02,nan,nan
4.021794871794871540e+01,1.006096866096866052e+02,1.482626262626262417e+02,2.934484848484848385e+02
4.023728813559321793e+01,1.005663841807909478e+02,1.483742331288343621e+02,2.935398773006135116e+02
4.023728813559321793e+01,1.005663841807909478e+02,1.484181818181818073e+02,2.936606060606060851e+02
4.023728813559321793e+01,1.005663841807909478e+02,1.484181818181818073e+02,2.936606060606060851e+02
4.023728813559321793e+01,1.005663841807909478e+02,1.484471544715447067e+02,2.936991869918699081e+02
4.034210526315789735e+01,1.007631578947368354e+02,1.486046511627907023e+02,2.944806201550387641e+02
4.029846582984657744e+01,1.010808926080892576e+02,1.484862745098039056e+02,2.942039215686274360e+02
4.029676511954992435e+01,1.011659634317862100e+02,1.485510597302504721e+02,2.943872832369942216e+02
4.036427566807313383e+01,1.003966244725738335e+02,1.484099378881987548e+02,2.937349896480330926e+02
4.036194563662374435e+01,1.002074391988554964e+02,1.484099378881987548e+02,2.937349896480330926e+02
4.030864197530863891e+01,1.009218106995884767e+02,1.483868312757201409e+02,2.937448559670781947e+02
4.030694444444444002e+01,1.010569444444444400e+02,1.483393574297188593e+02,2.937630522088353473e+02
4.033473389355742000e+01,1.009691876750700175e+02,1.483835341365461602e+02,2.938654618473895539e+02
4.033473389355742000e+01,1.009691876750700175e+02,1.483835341365461602e+02,2.938654618473895539e+02
4.033473389355742000e+01,1.009691876750700175e+02,1.483835341365461602e+02,2.938654618473895539e+02
4.029733333333332723e+01,1.004666666666666544e+02,1.486928838951310752e+02,2.942509363295880007e+02
4.035723771580344987e+01,1.005391766268260199e+02,1.486238361266294135e+02,2.938938547486033599e+02
4.035723771580344987e+01,1.005391766268260199e+02,1.486041666666666572e+02,2.938162878787878753e+02
4.036640211640211362e+01,1.004629629629629477e+02,1.487291666666666572e+02,2.939678030303030027e+02
4.038172043010752787e+01,1.001155913978494567e+02,1.487085714285714175e+02,2.939085714285714062e+02
4.037959183673469710e+01,1.008448979591836689e+02,1.488247619047618855e+02,2.932685714285714198e+02
4.042460317460317754e+01,1.005859788359788212e+02,1.488524904214559399e+02,2.936570881226053302e+02
4.042460317460317754e+01,1.005859788359788212e+02,1.489364161849711081e+02,2.936994219653179243e+02
4.042328042328042415e+01,1.005859788359788212e+02,1.489364161849711081e+02,2.936994219653179243e+02
4.040666666666666629e+01,1.007346666666666550e+02,1.488598484848484702e+02,2.935814393939393767e+02
4.042741935483871174e+01,1.009059139784946098e+02,1.488141762452107173e+02,2.934386973180076552e+02
4.043908969210173865e+01,1.009210174029451110e+02,1.488870673952640971e+02,2.939216757741347692e+02
4.043908969210173865e+01,1.009210174029451110e+02,1.488240740740740762e+02,2.937629629629629449e+02
4.042510121457490158e+01,1.009001349527665212e+02,1.488453038674033166e+02,2.938213627992633405e+02
4.037651821862348100e+01,1.011106612685560009e+02,1.487853107344632804e+02,2.937721280602636398e+02
4.047277556440902657e+01,1.014701195219123520e+02,1.487291666666666572e+02,2.937575757575757507e+02
4.039071038251365309e+01,1.020560109289617401e+02,1.484279835390946403e+02,2.933251028806584486e+02
4.042496679946879112e+01,1.016905710491367785e+02,nan,nan
4.042496679946879112e+01,1.016905710491367785e+02,nan,nan
4.041765480895915630e+01,1.016376811594202820e+02,nan,nan
4.044800000000000040e+01,1.018919999999999959e+02,nan,nan
4.048089591567852352e+01,1.016179183135704847e+02,1.483662551440329196e+02,2.934176954732510012e+02
4.048089591567852352e+01,1.016179183135704847e+02,1.483662551440329196e+02,2.934176954732510012e+02
4.048089591567852352e+01,1.016179183135704847e+02,1.483662551440329196e+02,2.934176954732510012e+02
4.050464807436918591e+01,1.016069057104913611e+02,1.482842535787320912e+02,2.932760736196319158e+02
4.055284552845528623e+01,1.014823848238482356e+02,nan,nan
4.050416666666666998e+01,1.018694444444444400e+02,nan,nan
4.052400548696844140e+01,1.016666666666666714e+02,nan,nan
4.052400548696844140e+01,1.016666666666666714e+02,nan,nan
4.046164574616457088e+01,1.021478382147838175e+02,1.488057142857142878e+02,2.935942857142857179e+02
4.035365853658536395e+01,1.024146341463414700e+02,1.483991769547324964e+02,2.934300411522633567e+02
4.031836734693877844e+01,1.028448979591836689e+02,1.484497991967871258e+02,2.934016064257028233e+02
4.031836734693877844e+01,1.028448979591836689e+02,1.483928571428571388e+02,2.933253968253968083e+02
4.032561132561131956e+01,1.025701415701415584e+02,1.483005780346820757e+02,2.935799614643544828e+02
4.032561132561131956e+01,1.025701415701415584e+02,1.483005780346820757e+02,2.935799614643544828e+02
4.024462365591397628e+01,1.031438172043010724e+02,1.482603550295858099e+02,2.938994082840236501e+02
4.028925619834710403e+01,1.032052341597796072e+02,1.483617886178861625e+02,2.937845528455284239e+02
4.028925619834710403e+01,1.032052341597796072e+02,1.483617886178861625e+02,2.937845528455284239e+02
4.031292517006802711e+01,1.029809523809523739e+02,1.483617886178861625e+02,2.937845528455284239e+02
4.029614325068870073e+01,1.031267217630853850e+02,1.483617886178861625e+02,2.937845528455284239e+02
4.034688346883468313e+01,1.028523035230352178e+02,1.484970059880239432e+02,2.936347305389221560e+02
4.039112903225806406e+01,1.029395161290322562e+02,1.484291187739463567e+02,2.929578544061302523e+02
4.036021505376343299e+01,1.031008064516128968e+02,1.484696969696969688e+02,2.930776515151515014e+02
4.033465085638998460e+01,1.029499341238471573e+02,1.485745098039215577e+02,2.930803921568627288e+02
4.032253711201079227e+01,1.031997300944669291e+02,1.489010989010988908e+02,2.934047619047618696e+02
4.038844086021504864e+01,1.027311827956989134e+02,1.489389179755671933e+02,2.935654450261779971e+02
4.035677083333332860e+01,1.027851562500000000e+02,1.491180555555555429e+02,2.932361111111110858e+02
4.036057068741893517e+01,1.027094682230869012e+02,1.491180555555555429e+02,2.932465277777777715e+02
4.036057068741893517e+01,1.027094682230869012e+02,1.490736842105263236e+02,2.931228070175438347e+02
4.041370223978919540e+01,1.026495388669301718e+02,1.491180555555555429e+02,2.932465277777777715e+02
4.048843537414965965e+01,1.028176870748299336e+02,1.488095238095237960e+02,2.930128205128204968e+02
4.047425474254742284e+01,1.028617886178861767e+02,1.486294326241134627e+02,2.932304964539006846e+02
4.047446236559139265e+01,1.027741935483871032e+02,1.486294326241134627e+02,2.932304964539006846e+02
4.043209876543210157e+01,1.031152263374485614e+02,nan,nan
4.041106719367589051e+01,1.027588932806324067e+02,1.483001949317738593e+02,2.930292397660818438e+02
4.039591836734693686e+01,1.028993197278911538e+02,1.479011627906976685e+02,2.928333333333333144e+02
4.037617135207496233e+01,1.033855421686747036e+02,1.479069767441860392e+02,2.931414728682170221e+02
4.037715803452854857e+01,1.032948207171314721e+02,1.477616279069767415e+02,2.930213178294573595e+02
4.037715803452854857e+01,1.032948207171314721e+02,1.478630952380952408e+02,2.931289682539682531e+02
4.037715803452854857e+01,1.032948207171314721e+02,1.477126436781609300e+02,2.929865900383141479e+02
4.040551181102362222e+01,1.028897637795275557e+02,1.476403013182674044e+02,2.925762711864406924e+02
4.040551181102362222e+01,1.028897637795275557e+02,1.476629213483145975e+02,2.926367041198501511e+02
4.040551181102362222e+01,1.028897637795275557e+02,1.476629213483145975e+02,2.926367041198501511e+02
4.040551181102362222e+01,1.028897637795275557e+02,1.476629213483145975e+02,2.926367041198501511e+02
4.040551181102362222e+01,1.028897637795275557e+02,1.476629213483145975e+02,2.926367041198501511e+02
4.030843706777316271e+01,1.031466113416320809e+02,1.473869047619047592e+02,2.920198412698412653e+02
4.024005486968449219e+01,1.032894375857338787e+02,1.475194274028629593e+02,2.921717791411043095e+02
4.024005486968449219e+01,1.032894375857338787e+02,1.475797101449275317e+02,2.922360248447204754e+02
4.023333333333333428e+01,1.034749999999999943e+02,1.475797101449275317e+02,2.922360248447204754e+02
4.023401360544217198e+01,1.034789115646258466e+02,1.475759368836291969e+02,2.926568047337278244e+02
4.032113821138211307e+01,1.037303523035230199e+02,1.471149425287356394e+02,2.924904214559386446e+02
4.030185979971387411e+01,1.037768240343347657e+02,1.471156862745097840e+02,2.926156862745098124e+02
4.032208157524613057e+01,1.035949367088607573e+02,1.471550387596899157e+02,2.926434108527131457e+02
4.031330472103004325e+01,1.038669527896995675e+02,1.471753371868978775e+02,2.927052023121387379e+02
4.032208157524613057e+01,1.036033755274261665e+02,1.471753371868978775e+02,2.927052023121387379e+02
4.030878552971576312e+01,1.038087855297157489e+02,1.470800744878957005e+02,2.928547486033519363e+02
4.033994708994708844e+01,1.038716931216931130e+02,1.468592592592592325e+02,2.927740740740740648e+02
4.035475234270414546e+01,1.038835341365461886e+02,1.466969696969696884e+02,2.924412878787878753e+02
4.035646258503400929e+01,1.038857142857142861e+02,1.467452107279693223e+02,2.924808429118774029e+02
4.035646258503400929e+01,1.038857142857142861e+02,1.466404494382022392e+02,2.923801498127340892e+02
4.032183908045976750e+01,1.042456896551724128e+02,1.463409523809523591e+02,2.922419047619047205e+02
4.036427566807313383e+01,1.040365682137833971e+02,1.464391217564870260e+02,2.921816367265468557e+02
4.036427566807313383e+01,1.040365682137833971e+02,1.464391217564870260e+02,2.921816367265468557e+02
4.036427566807313383e+01,1.040365682137833971e+02,1.464391217564870260e+02,2.921816367265468557e+02
4.032208157524613057e+01,1.041125175808719945e+02,1.464756335282650923e+02,2.919883040935672511e+02
4.033333333333333570e+01,1.037517146776405923e+02,1.464074074074073906e+02,2.917017543859649322e+02
4.030379746835443200e+01,1.040956399437412045e+02,1.464812623274161751e+02,2.915976331360946574e+02
4.031129476584021631e+01,1.038112947658402163e+02,1.464812623274161751e+02,2.915976331360946574e+02
4.031129476584021631e+01,1.038112947658402163e+02,1.465397727272727195e+02,2.914734848484848158e+02
4.030191256830600821e+01,1.039494535519125549e+02,1.464655493482308941e+02,2.915921787709497153e+02
4.026092896174863256e+01,1.043442622950819612e+02,1.463604651162790731e+02,2.916937984496123590e+02
4.023182441700959799e+01,1.045116598079560930e+02,1.463483146067415817e+02,2.913745318352059712e+02
4.022589531680440444e+01,1.045950413223140458e+02,1.463908045977011625e+02,2.915536398467432946e+02
4.025236167341429905e+01,1.046882591093117441e+02,1.463996101364522247e+02,2.915438596491227941e+02
4.024217687074829541e+01,1.048530612244897924e+02,1.464235294117647186e+02,2.915862745098038999e+02
4.011255411255411474e+01,1.044603174603174551e+02,1.458419047619047433e+02,2.913257142857142981e+02
4.011484593837534618e+01,1.041960784313725412e+02,1.460217391304347814e+02,2.916775362318840621e+02
4.013617021276595409e+01,1.045361702127659527e+02,1.460217391304347814e+02,2.916775362318840621e+02
4.013472222222221575e+01,1.042527777777777658e+02,1.460217391304347814e+02,2.916775362318840621e+02
4.011294765840219867e+01,1.042341597796143162e+02,1.460217391304347814e+02,2.916775362318840621e+02
4.008641975308641747e+01,1.045473251028806629e+02,1.456416184971098176e+02,2.912967244701348477e+02
4.012947658402203643e+01,1.039944903581267113e+02,1.458352713178294380e+02,2.914593023255814046e+02
4.012638888888888289e+01,1.041277777777777658e+02,1.458352713178294380e+02,2.914593023255814046e+02
4.012638888888888289e+01,1.041277777777777658e+02,1.458352713178294380e+02,2.914593023255814046e+02
4.013165266106442175e+01,1.041960784313725412e+02,1.458370370370370210e+02,2.915759259259259011e+02
4.013360323886639947e+01,1.040458839406207829e+02,1.453116370808678255e+02,2.911854043392504536e+02
4.010555555555554719e+01,1.044500000000000028e+02,1.452011494252873547e+02,2.910153256704980436e+02
4.011707988980715811e+01,1.042892561983471040e+02,1.452011494252873547e+02,2.910153256704980436e+02
4.011707988980715811e+01,1.042892561983471040e+02,1.452011494252873547e+02,2.910153256704980436e+02
4.011707988980715811e+01,1.042892561983471040e+02,1.452011494252873547e+02,2.910153256704980436e+02
4.004426002766251713e+01,1.049764868603042771e+02,1.443882113821138091e+02,2.904857723577235902e+02
4.004881450488144878e+01,1.049511854951185512e+02,1.444932562620423937e+02,2.909537572254335487e+02
4.004881450488144878e+01,1.049511854951185512e+02,1.444932562620423937e+02,2.909537572254335487e+02
3.999305555555555003e+01,1.046611111111110972e+02,1.443853564547206076e+02,2.909441233140655072e+02
3.998879551820727585e+01,1.048011204481792618e+02,1.443853564547206076e+02,2.909441233140655072e+02
3.989583333333332860e+01,1.048779761904761756e+02,1.437811244979919536e+02,2.905522088353413324e+02
3.995196506550218629e+01,1.047918486171761288e+02,1.436934865900383045e+02,2.906724137931034306e+02
3.997835497835497875e+01,1.047546897546897497e+02,1.436934865900383045e+02,2.906724137931034306e+02
3.997835497835497875e+01,1.047546897546897497e+02,1.436934865900383045e+02,2.906724137931034306e+02
3.997835497835497875e+01,1.047546897546897497e+02,1.436934865900383045e+02,2.906724137931034306e+02
3.993952180028129106e+01,1.043727144866385288e+02,1.430678642714570685e+02,2.900439121756486998e+02
3.995924308588063667e+01,1.047743813682678251e+02,1.430120481927710898e+02,2.903353413654618294e+02
3.992198581560283088e+01,1.046269503546099173e+02,1.430352941176470551e+02,2.902098039215686072e+02
3.994374120956398855e+01,1.046385372714486550e+02,1.429047619047618980e+02,2.902420634920634939e+02
3.994374120956398855e+01,1.046385372714486550e+02,1.429047619047618980e+02,2.902420634920634939e+02
3.990516039051603059e+01,1.041645746164574575e+02,1.423540372670807415e+02,2.900331262939958492e+02
3.993552812071330038e+01,1.043141289437585755e+02,1.421617357001972266e+02,2.903905325443786865e+02
3.993552812071330038e+01,1.043141289437585755e+02,1.419783037475345111e+02,2.906390532544378971e+02
3.992083333333333428e+01,1.045486111111111001e+02,1.415961904761904577e+02,2.910057142857143049e+02
3.994214876033058204e+01,1.045440771349862104e+02,1.416052141527001709e+02,2.910279329608938497e+02
3.965826330532212296e+01,1.047310924369747909e+02,1.409597701149425291e+02,2.909923371647509498e+02
3.965315315315315559e+01,1.056846846846846830e+02,1.406742857142857019e+02,2.910323809523809473e+02
3.964545454545454817e+01,1.057818181818181813e+02,1.402116104868913737e+02,2.912434456928838813e+02
3.964393939393939092e+01,1.058545454545454589e+02,1.400890151515151274e+02,2.915795454545454390e+02
3.964393939393939092e+01,1.058545454545454589e+02,1.396907407407407220e+02,2.916518518518518022e+02
3.968636363636363740e+01,1.057848484848484674e+02,1.395885714285714414e+02,2.920114285714285529e+02
3.961265432098765160e+01,1.057314814814814810e+02,1.393726591760299698e+02,2.923220973782771352e+02
3.956481481481481666e+01,1.062314814814814810e+02,1.390710382513661330e+02,2.925336976320582494e+02
3.956481481481481666e+01,1.062314814814814810e+02,1.386999999999999886e+02,2.926648148148148039e+02
3.964984709480121694e+01,1.062064220183486185e+02,1.381758241758241752e+02,2.926684981684981608e+02
3.958503401360543705e+01,1.052095238095238017e+02,1.375000000000000000e+02,2.927083333333333144e+02
3.959663865546218631e+01,1.050462184873949525e+02,1.373351158645276087e+02,2.929465240641711148e+02
3.964957264957264726e+01,1.050128205128205110e+02,1.371448516579406487e+02,2.931727748691099578e+02
3.964957264957264726e+01,1.050128205128205110e+02,1.363333333333333428e+02,2.930089605734767133e+02
3.964957264957264726e+01,1.050128205128205110e+02,1.357893772893772848e+02,2.929871794871794464e+02
3.952558782849239094e+01,1.048810511756569781e+02,1.355724258289703243e+02,2.931256544502617771e+02
3.949327956989246502e+01,1.048387096774193594e+02,1.350174520069807897e+02,2.933193717277487167e+02
3.946857923497267251e+01,1.051311475409836049e+02,1.349171075837742535e+02,2.932592592592592382e+02
3.946857923497267251e+01,1.051311475409836049e+02,1.346105442176870497e+02,2.932431972789115662e+02
3.945121951219512368e+01,1.051300813008130035e+02,1.339736842105263293e+02,2.931140350877192873e+02
3.937768817204300831e+01,1.052419354838709609e+02,1.332558558558558559e+02,2.930882882882882541e+02
3.933734939759035854e+01,1.052543507362784396e+02,1.326741573033707766e+02,2.931086142322097317e+02
3.936363636363636687e+01,1.049736495388669226e+02,1.326741573033707766e+02,2.931086142322097317e+02
3.933734939759035854e+01,1.052543507362784396e+02,1.322971014492753454e+02,2.930489130434782510e+02
3.933734939759035854e+01,1.052543507362784396e+02,1.319240069084628715e+02,2.928359240069084422e+02
3.931593038821954167e+01,1.049196787148594439e+02,1.308131868131868032e+02,2.926025641025640880e+02
3.927023319615911845e+01,1.050164609053497884e+02,1.305204991087343842e+02,2.924135472370766138e+02
3.925172890733056619e+01,1.051493775933609953e+02,1.303245149911816441e+02,2.923827160493826796e+02
3.925172890733056619e+01,1.051493775933609953e+02,1.302504504504504439e+02,2.924828828828828478e+02
3.925172890733056619e+01,1.051493775933609953e+02,1.299508196721311606e+02,2.925482695810564451e+02
3.915341701534170227e+01,1.047294281729428178e+02,1.292391304347825951e+02,2.921014492753623131e+02
3.915602836879432402e+01,1.047078014184397148e+02,1.289556737588652311e+02,2.921365248226950371e+02
3.917580872011251358e+01,1.046427566807313525e+02,1.289153439153439251e+02,2.921058201058201007e+02
3.920987654320987303e+01,1.045857338820301692e+02,1.283440860215053760e+02,2.920358422939067964e+02
3.919087136929460513e+01,1.045159059474412118e+02,1.279175257731958766e+02,2.917044673539518840e+02
3.924156545209176272e+01,1.039311740890688327e+02,1.268185185185185162e+02,2.910870370370370210e+02
3.920901639344262435e+01,1.041830601092896131e+02,1.264684210526315837e+02,2.909877192982456222e+02
3.922083333333333144e+01,1.043486111111110972e+02,1.262719298245613970e+02,2.908929824561403166e+02
3.920641562064155750e+01,1.042566248256624846e+02,1.255781250000000000e+02,2.905190972222222285e+02
3.918220338983050510e+01,1.044731638418079029e+02,1.248508771929824377e+02,2.903140350877192759e+02
3.907391910739190877e+01,1.048131101813110178e+02,1.242322695035460924e+02,2.899397163120567029e+02
3.902765647743812849e+01,1.051280931586608460e+02,1.238556149732620355e+02,2.898823529411764639e+02
3.905747126436781258e+01,1.049899425287356252e+02,1.236313131313131350e+02,2.896060606060606233e+02
3.900888888888889028e+01,1.045259259259259181e+02,1.228849902534113028e+02,2.889532163742690045e+02
3.899551569506726167e+01,1.047010463378176297e+02,1.222314814814814667e+02,2.886259259259259125e+02
3.898798798798798515e+01,1.049939939939939819e+02,1.213239171374764567e+02,2.878738229755178963e+02
3.899107142857143060e+01,1.053913690476190368e+02,1.208387096774193594e+02,2.872885304659498047e+02
3.902777777777777146e+01,1.051959064327485294e+02,1.206684027777777715e+02,2.870954861111110858e+02
3.899703703703703184e+01,1.053081481481481489e+02,1.201650000000000063e+02,2.866316666666666606e+02
3.899703703703703184e+01,1.053081481481481489e+02,1.193797678275290224e+02,2.859601990049751521e+02
3.903181818181818130e+01,1.054939393939393852e+02,1.182823315118397005e+02,2.851930783242258372e+02
3.904977375565611197e+01,1.055535444947209669e+02,1.176509598603839351e+02,2.845549738219895062e+02
3.907391304347826377e+01,1.053985507246376727e+02,1.171742808798646251e+02,2.842554991539763023e+02
3.904826546003016574e+01,1.055535444947209669e+02,1.165255102040816269e+02,2.837363945578231323e+02
3.907758620689655515e+01,1.052916666666666572e+02,1.162964669738863250e+02,2.835960061443932432e+02
3.892628205128205110e+01,1.056875000000000000e+02,1.139106145251396640e+02,2.818938547486033599e+02
3.894444444444444287e+01,1.060000000000000000e+02,1.134697754749568048e+02,2.814248704663212379e+02
3.894968553459118965e+01,1.058962264150943327e+02,1.130508771929824405e+02,2.809719298245614141e+02
3.894968553459118965e+01,1.058962264150943327e+02,1.122017094017093939e+02,2.802923076923077019e+02
3.894968553459118965e+01,1.058962264150943327e+02,1.118811881188118775e+02,2.799735973597359475e+02
3.908689458689458007e+01,1.054358974358974308e+02,1.108888888888888857e+02,2.790632478632478524e+02
3.908260869565217632e+01,1.056463768115941946e+02,1.104892205638474252e+02,2.786683250414593545e+02
3.906286549707601807e+01,1.056871345029239677e+02,1.102760942760942697e+02,2.784629629629629335e+02
3.906286549707601807e+01,1.056871345029239677e+02,1.102789115646258438e+02,2.785034013605442169e+02
3.906286549707601807e+01,1.056871345029239677e+02,1.090980392156862706e+02,2.772513368983957207e+02
3.909668109668108826e+01,1.058658008658008640e+02,1.086321243523316014e+02,2.768117443868738974e+02
3.905485232067510282e+01,1.060407876230660946e+02,1.083095238095237960e+02,2.764489795918367463e+02
3.903913043478260647e+01,1.063753623188405726e+02,1.083774509803921546e+02,2.763169934640523024e+02
3.903913043478260647e+01,1.063753623188405726e+02,1.082157894736842110e+02,2.759982456140350564e+02
3.903913043478260647e+01,1.063753623188405726e+02,1.078050000000000068e+02,2.756683333333332939e+02
3.904341736694677678e+01,1.062605042016806749e+02,1.067315789473684191e+02,2.747824561403508596e+02
3.905270655270654601e+01,1.063418803418803407e+02,1.067582417582417520e+02,2.745805860805860448e+02
3.899262536873155938e+01,1.066194690265486713e+02,1.064799301919720591e+02,2.743612565445026235e+02
3.908055555555554861e+01,1.057666666666666657e+02,1.058555555555555543e+02,2.736148148148147925e+02
3.908055555555554861e+01,1.057666666666666657e+02,1.055650623885917838e+02,2.735294117647058556e+02
3.924492753623187724e+01,1.062173913043478279e+02,1.049780219780219710e+02,2.728663003663003792e+02
3.906811594202898164e+01,1.071159420289855007e+02,1.046041666666666714e+02,2.724722222222222285e+02
3.911159420289855149e+01,1.069507246376811480e+02,1.046041666666666714e+02,2.724722222222222285e+02
3.911159420289855149e+01,1.069507246376811480e+02,1.043131313131313078e+02,2.722861952861952659e+02
3.910101010101009678e+01,1.071428571428571388e+02,1.037640449438202239e+02,2.718408239700374338e+02
3.890434782608695485e+01,1.078028985507246205e+02,1.034648148148148010e+02,2.716537037037036839e+02
3.881159420289854722e+01,1.071724637681159322e+02,1.027397003745318216e+02,2.711891385767789870e+02
3.880786026200873096e+01,1.072590975254730665e+02,1.027397003745318216e+02,2.711891385767789870e+02
3.880555555555555003e+01,1.073450292397660775e+02,1.023127147766322906e+02,2.709484536082474051e+02
3.880786026200873096e+01,1.072590975254730665e+02,1.019726775956284115e+02,2.708214936247723017e+02
3.882546494992846675e+01,1.071945636623748186e+02,1.011001926782273586e+02,2.705279383429672180e+02
3.884887005649716940e+01,1.072570621468926504e+02,1.010555555555555571e+02,2.705037037037037067e+02
3.884887005649716940e+01,1.072570621468926504e+02,1.007696629213483135e+02,2.703857677902621504e+02
3.885138888888888431e+01,1.069694444444444343e+02,1.003065953654188860e+02,2.700926916221033594e+02
3.881034482758620641e+01,1.072959770114942444e+02,1.001220400728597326e+02,2.699908925318761135e+02
3.888333333333333286e+01,1.074694444444444343e+02,9.917992424242423510e+01,2.697670454545454390e+02
3.888412017167382118e+01,1.083748211731044364e+02,9.879619047619047478e+01,2.696019047619047342e+02
3.888412017167382118e+01,1.083748211731044364e+02,9.879619047619047478e+01,2.696019047619047342e+02
3.882051282051281760e+01,1.084615384615384670e+02,9.888446969696968836e+01,2.696988636363636260e+02
3.882051282051281760e+01,1.084615384615384670e+02,9.888446969696968836e+01,2.696988636363636260e+02
3.885693215339232864e+01,1.084955752212389370e+02,9.749325626204237949e+01,2.693988439306358487e+02
3.892251461988303873e+01,1.092485380116958993e+02,9.720833333333331439e+01,2.693712121212120678e+02
3.889823008849557340e+01,1.092241887905604614e+02,9.708429118773945277e+01,2.693007662835248652e+02
3.890497076023391543e+01,1.090906432748537895e+02,9.670127504553732933e+01,2.693023679417121912e+02
3.890497076023391543e+01,1.090906432748537895e+02,9.670127504553732933e+01,2.693023679417121912e+02
3.876190476190475920e+01,1.091858678955453144e+02,9.613872832369942500e+01,2.691753371868978775e+02
3.878431372549019329e+01,1.090015082956259391e+02,9.571454880294658096e+01,2.691675874769796906e+02
3.878228228228228147e+01,1.089099099099099135e+02,9.567034990791896121e+01,2.692007366482504267e+02
3.880434782608695343e+01,1.090202898550724484e+02,9.545555555555554861e+01,2.692148148148148152e+02
3.876969696969696599e+01,1.093818181818181756e+02,9.506593406593407281e+01,2.690842490842490520e+02
3.881871345029239251e+01,1.096915204678362414e+02,9.421546961325967118e+01,2.689079189686923996e+02
3.880289855072463467e+01,1.096463768115941946e+02,9.432209737827714946e+01,2.690318352059924791e+02
3.880208333333332860e+01,1.101190476190476062e+02,9.441068139963167027e+01,2.692615101289134145e+02
3.884782608695652328e+01,1.100289855072463610e+02,9.416396396396395119e+01,2.694558558558558161e+02
3.882595870206489508e+01,1.101533923303834683e+02,9.375428571428571445e+01,2.696457142857142912e+02
3.896248196248195939e+01,1.105598845598845514e+02,9.283895131086141816e+01,2.698932584269662698e+02
3.896202531645569422e+01,1.105485232067510566e+02,9.265868263473053901e+01,2.703393213572854279e+02
3.895658263305321611e+01,1.107212885154061581e+02,9.222097378277152302e+01,2.706348314606741496e+02
3.895658263305321611e+01,1.107212885154061581e+02,9.211229946524063905e+01,2.709590017825311747e+02
3.900000000000000000e+01,1.108565400843881861e+02,9.194845360824741931e+01,2.711426116838487701e+02
3.914439324116742824e+01,1.107526881720430083e+02,9.146360153256703995e+01,2.717892720306513183e+02
3.914200298953662127e+01,1.106113602391629200e+02,9.150837988826815206e+01,2.722439478584730068e+02
3.914200298953662127e+01,1.106113602391629200e+02,9.142372881355932179e+01,2.722410546139359440e+02
3.914003044140029886e+01,1.105175038051750391e+02,9.074074074074074758e+01,2.726402116402116462e+02
3.914574314574313973e+01,1.110230880230880217e+02,9.059496124031007014e+01,2.729689922480620226e+02
3.912907801418439391e+01,1.113489361702127667e+02,8.961464354527937815e+01,2.734585741811175126e+02
3.914782608695652044e+01,1.117130434782608717e+02,8.937689393939393767e+01,2.737518939393939377e+02
3.914782608695652044e+01,1.117130434782608717e+02,8.926268115942028203e+01,2.737934782608695627e+02
3.914782608695652044e+01,1.117130434782608717e+02,8.899808429118773745e+01,2.741513409961685284e+02
3.914782608695652044e+01,1.117130434782608717e+02,8.896481481481481524e+01,2.743203703703703695e+02
3.901622418879055942e+01,1.119557522123893847e+02,8.852542372881356414e+01,2.748399246704331063e+02
3.904492753623188150e+01,1.115739130434782567e+02,8.832549019607841956e+01,2.750843137254901762e+02
3.904022988505746383e+01,1.114310344827586192e+02,8.818604651162790731e+01,2.751492248062015165e+02
3.904148783977110071e+01,1.113319027181688057e+02,8.809411764705882320e+01,2.751568627450980102e+02
3.901106500691562928e+01,1.117468879668049766e+02,8.763257575757575069e+01,2.756590909090909349e+02
3.894672131147540739e+01,1.119740437158469888e+02,8.728298611111110006e+01,2.760538194444444002e+02
3.889774236387781770e+01,1.118180610889774158e+02,8.724652777777777146e+01,2.761006944444444002e+02
3.889774236387781770e+01,1.118180610889774158e+02,8.724652777777777146e+01,2.761006944444444002e+02
3.891397849462365599e+01,1.119704301075268660e+02,8.711398963730569278e+01,2.761865284974093129e+02
3.889774236387781770e+01,1.118180610889774158e+02,8.672592592592592098e+01,2.764129629629629221e+02
3.893306559571619374e+01,1.116720214190093685e+02,8.587344028520497830e+01,2.770267379679144142e+02
3.893084370677730988e+01,1.116694329183955716e+02,8.522099447513812720e+01,2.773922651933701786e+02
3.893084370677730988e+01,1.116694329183955716e+02,8.522099447513812720e+01,2.773922651933701786e+02
3.893084370677730988e+01,1.116694329183955716e+02,8.522099447513812720e+01,2.773922651933701786e+02
3.892592592592592382e+01,1.118960113960113887e+02,8.548534798534798540e+01,2.773241758241758248e+02
3.903252032520325088e+01,1.118130081300813004e+02,8.511731843575418566e+01,2.778361266294227221e+02
3.902109704641350163e+01,1.119170182841068879e+02,8.492655367231638763e+01,2.781073446327683882e+02
3.902109704641350163e+01,1.119170182841068879e+02,8.504469273743016799e+01,2.780726256983240319e+02
3.904005722460657779e+01,1.122288984263233118e+02,8.504469273743016799e+01,2.780726256983240319e+02
3.904005722460657779e+01,1.122288984263233118e+02,8.504469273743016799e+01,2.780726256983240319e+02
3.901418439716311326e+01,1.125744680851063890e+02,8.407509157509157660e+01,2.786538461538461320e+02
3.910638297872340274e+01,1.130212765957446805e+02,8.422537878787878185e+01,2.786363636363636260e+02
3.910638297872340274e+01,1.130212765957446805e+02,8.422537878787878185e+01,2.786363636363636260e+02
3.911587982832617882e+01,1.129313304721029994e+02,8.407509157509157660e+01,2.786923076923076792e+02
3.911587982832617882e+01,1.129313304721029994e+02,8.389265536723164018e+01,2.786365348399246500e+02
3.911253561253560918e+01,1.131054131054130920e+02,8.326811594202898448e+01,2.786467391304348098e+02
3.925797101449274606e+01,1.137304347826086968e+02,8.308058608058607319e+01,2.790293040293040008e+02
3.925797101449274606e+01,1.137304347826086968e+02,8.308058608058607319e+01,2.790293040293040008e+02
3.925877192982456165e+01,1.137923976608187075e+02,8.308058608058607319e+01,2.790293040293040008e+02
3.924553571428571530e+01,1.139136904761904674e+02,8.233128834355828474e+01,2.792597137014314512e+02
3.930581039755351469e+01,1.137492354740061131e+02,8.180761904761904191e+01,2.795752380952380918e+02
3.936085626911314961e+01,1.139709480122323981e+02,8.165036231884057827e+01,2.797934782608695627e+02
3.936085626911314961e+01,1.139709480122323981e+02,8.165036231884057827e+01,2.797934782608695627e+02
3.936085626911314961e+01,1.139709480122323981e+02,8.160805860805859879e+01,2.797747252747252560e+02
3.941997063142436986e+01,1.143847283406754656e+02,8.146520146520146000e+01,2.799395604395604664e+02
3.944909344490933734e+01,1.139721059972105905e+02,8.143189964157706129e+01,2.802007168458781052e+02
3.940567375886524104e+01,1.143205673758865260e+02,8.133333333333332860e+01,2.802754385964911990e+02
3.940567375886524104e+01,1.143205673758865260e+02,8.133333333333332860e+01,2.802754385964911990e+02
3.941803278688524870e+01,1.142950819672131217e+02,8.120185185185184196e+01,2.804370370370370438e+02
3.943741765480895367e+01,1.146890645586297666e+02,8.102536231884057827e+01,2.806757246376811281e+02
3.950800582241629400e+01,1.147889374090247401e+02,8.080149812734082104e+01,2.808614232209737338e+02
3.953561253561252897e+01,1.144914529914529879e+02,8.078084714548802481e+01,2.810552486187845034e+02
3.952624113475177126e+01,1.144113475177304906e+02,8.067419962335215189e+01,2.811355932203389898e+02
3.949070100143060813e+01,1.145608011444921175e+02,8.067419962335215189e+01,2.811355932203389898e+02
3.952838427947597921e+01,1.145793304221251674e+02,7.991428571428571104e+01,2.814095238095238187e+02
3.951898734177215289e+01,1.148537271448663830e+02,7.940074906367040342e+01,2.814288389513108086e+02
3.947679324894514963e+01,1.150225035161743961e+02,7.935185185185184764e+01,2.814074074074073906e+02
3.947679324894514963e+01,1.150225035161743961e+02,7.940074906367040342e+01,2.814288389513108086e+02
3.947679324894514963e+01,1.150225035161743961e+02,7.889830508474575765e+01,2.814670433145009270e+02
3.950216450216450426e+01,1.153261183261183191e+02,7.894696969696968836e+01,2.814678030303030027e+02
3.967768595041322044e+01,1.162920110192837342e+02,7.781920903954802782e+01,2.819585687382297579e+02
3.960251046025104671e+01,1.163905160390516045e+02,7.773180076628351287e+01,2.819425287356322087e+02
3.960251046025104671e+01,1.163905160390516045e+02,7.773180076628351287e+01,2.819425287356322087e+02
3.962836879432623505e+01,1.166354609929077952e+02,7.750877192982456165e+01,2.819161793372319380e+02
3.962836879432623505e+01,1.166354609929077952e+02,7.756069364161849933e+01,2.819344894026974657e+02
3.954597701149425149e+01,1.164913793103448256e+02,7.674556213017751816e+01,2.821065088757396211e+02
3.957902298850574141e+01,1.163965517241379359e+02,7.695906432748537895e+01,2.820448343079921756e+02
3.961651917404129364e+01,1.168053097345132727e+02,7.695906432748537895e+01,2.820448343079921756e+02
3.960672514619882634e+01,1.166842105263157947e+02,7.695906432748537895e+01,2.820448343079921756e+02
3.959882005899704183e+01,1.167345132743362797e+02,7.695906432748537895e+01,2.820448343079921756e+02
3.979588839941262535e+01,1.175301027900146806e+02,7.599415204678362556e+01,2.822514619883040723e+02
3.983994126284874682e+01,1.178737151248164423e+02,7.611560693641618514e+01,2.821290944123313693e+02
3.978023598820058737e+01,1.176755162241887831e+02,7.604417670682730090e+01,2.815461847389557875e+02
3.972740740740740506e+01,1.176237037037036970e+02,7.592702169625246711e+01,2.814280078895463362e+02
3.972740740740740506e+01,1.176237037037036970e+02,7.598635477582845965e+01,2.814522417153995661e+02
3.980409356725145642e+01,1.179766081871344880e+02,7.509019607843136157e+01,2.815235294117646845e+02
3.985398230088495808e+01,1.180265486725663777e+02,7.456130268199233058e+01,2.815344827586206975e+02
3.982602339181286055e+01,1.178947368421052602e+02,7.449233716475094980e+01,2.816015325670497873e+02
3.983035714285714590e+01,1.180357142857142918e+02,7.428623188405796895e+01,2.817735507246376301e+02
3.985398230088495808e+01,1.180265486725663777e+02,7.432312925170067786e+01,2.819472789115646378e+02
4.001843971631205221e+01,1.185631205673758757e+02,7.346336996336995639e+01,2.821300366300366136e+02
3.990598290598290276e+01,1.182336182336182162e+02,7.366312056737588421e+01,2.820992907801418141e+02
3.984785615491009025e+01,1.178188105117565669e+02,7.309189189189189051e+01,2.826468468468468132e+02
3.983403068340306419e+01,1.178675034867503371e+02,7.319354838709676869e+01,2.826827956989247355e+02
3.997988505747125743e+01,1.184640804597701020e+02,7.285429141716566903e+01,2.828602794411177683e+02
4.002575107296136991e+01,1.184821173104434848e+02,7.217365269461078015e+01,2.829540918163672245e+02
4.009155937052932472e+01,1.187224606580829658e+02,7.213609467455621882e+01,2.829960552268244101e+02
4.009155937052932472e+01,1.187224606580829658e+02,7.177572016460905502e+01,2.833744855967078138e+02
4.009155937052932472e+01,1.187224606580829658e+02,7.168495934959348403e+01,2.833821138211382049e+02
4.010533910533909818e+01,1.188412698412698347e+02,7.158077709611451667e+01,2.833333333333333144e+02
3.999302649930264408e+01,1.182859135285913510e+02,7.091960784313724275e+01,2.834784313725489824e+02
3.999302649930264408e+01,1.182859135285913510e+02,7.089607843137254406e+01,2.835137254901960659e+02
3.999302649930264408e+01,1.182859135285913510e+02,7.111685823754788771e+01,2.835210727969348454e+02
3.999302649930264408e+01,1.182859135285913510e+02,7.095126705653021304e+01,2.835516569200779600e+02
4.002213001383125146e+01,1.183084370677731556e+02,7.073859649122806559e+01,2.835912280701754185e+02
3.998855507868383086e+01,1.186623748211731026e+02,6.995660749506903642e+01,2.836035502958579855e+02
4.006167400881057006e+01,1.188825256975036666e+02,6.988949275362318758e+01,2.837644927536231876e+02
4.003056768558951717e+01,1.187438136826783079e+02,7.016402116402116462e+01,2.837513227513227321e+02
4.001762114537444859e+01,1.187591776798825265e+02,6.992234848484848442e+01,2.838428030303030027e+02
4.001762114537444859e+01,1.187591776798825265e+02,6.992234848484848442e+01,2.838428030303030027e+02
4.000757575757575779e+01,1.188984848484848413e+02,6.918163672654689833e+01,2.839461077844311490e+02
3.994672754946726911e+01,1.190608828006088231e+02,6.930726256983240319e+01,2.839776536312849089e+02
3.994268476621417108e+01,1.189517345399698343e+02,6.945119705340700023e+01,2.839023941068139720e+02
3.994672754946726911e+01,1.190608828006088231e+02,6.914285714285713880e+01,2.839647266313932619e+02
3.994672754946726911e+01,1.190608828006088231e+02,6.914285714285713880e+01,2.839647266313932619e+02
4.006314243759177174e+01,1.190234948604992553e+02,6.852986512524084617e+01,2.843911368015413927e+02
3.990732436472346478e+01,1.188400597907324254e+02,6.827544910179641136e+01,2.844071856287425248e+02
3.987481146304675406e+01,1.188114630467571544e+02,6.829940119760479433e+01,2.844071856287425248e+02
3.982300884955752451e+01,1.184616519174041258e+02,6.826946107784431206e+01,2.843712574850299575e+02
3.982300884955752451e+01,1.184616519174041258e+02,6.826946107784431206e+01,2.843712574850299575e+02
3.992608695652173623e+01,1.180681159420289816e+02,6.784738955823293338e+01,2.843955823293172784e+02
3.980491551459292765e+01,1.182258064516128968e+02,6.784523809523810201e+01,2.844742063492063266e+02
3.983408748114629816e+01,1.183212669683257872e+02,6.782035928143712056e+01,2.846007984031936076e+02
3.988148148148147953e+01,1.183244444444444383e+02,6.748000000000000398e+01,2.843295238095237778e+02
3.983408748114629816e+01,1.183212669683257872e+02,6.758192090395479568e+01,2.841393596986817442e+02
3.993939393939393767e+01,1.185984848484848442e+02,6.728813559322033200e+01,2.834934086629001513e+02
3.978593272171253403e+01,1.181360856269113100e+02,6.787640449438202950e+01,2.833838951310860921e+02
3.983184523809523370e+01,1.180788690476190368e+02,6.821621621621621046e+01,2.831603603603603574e+02
3.978593272171253403e+01,1.181360856269113100e+02,6.720855614973261538e+01,2.826506238859179803e+02
3.978593272171253403e+01,1.181360856269113100e+02,6.706737588652481463e+01,2.823138297872340559e+02
3.969571865443424485e+01,1.179159021406727703e+02,6.701388888888888573e+01,2.819218750000000000e+02
3.959111111111111114e+01,1.178548148148148158e+02,6.679755671902267977e+01,2.816195462478184481e+02
3.959111111111111114e+01,1.178548148148148158e+02,6.683854166666667140e+01,2.816336805555555429e+02
3.959111111111111114e+01,1.178548148148148158e+02,6.680246913580246826e+01,2.814779541446208100e+02
3.960089686098654482e+01,1.179431988041853430e+02,6.652233676975944832e+01,2.810704467353951941e+02
3.939528023598819573e+01,1.172389380530973426e+02,6.584659090909090651e+01,2.805454545454545610e+02
3.930654761904761330e+01,1.168883928571428612e+02,6.614025500910746302e+01,2.807887067395263898e+02
3.935087719298245901e+01,1.170964912280701782e+02,6.614025500910746302e+01,2.807887067395263898e+02
3.935087719298245901e+01,1.170964912280701782e+02,6.576116838487972416e+01,2.806340206185566899e+02
3.935087719298245901e+01,1.170964912280701782e+02,6.576116838487972416e+01,2.806340206185566899e+02
3.917294281729427752e+01,1.169093444909344441e+02,6.476217228464419406e+01,2.804438202247191043e+02
3.902695035460992301e+01,1.165631205673758757e+02,6.461709401709400424e+01,2.806410256410256352e+02
3.912056737588652311e+01,1.166737588652482174e+02,6.451320132013201203e+01,2.807623762376237551e+02
3.912056737588652311e+01,1.166737588652482174e+02,6.465996649916247918e+01,2.808358458961473616e+02
3.915164520743919496e+01,1.167997138769670897e+02,6.412500000000000000e+01,2.806800000000000068e+02
3.904761904761904390e+01,1.167083333333333286e+02,6.370146520146519720e+01,2.805476190476190368e+02
3.897701149425287070e+01,1.163821839080459597e+02,6.367207207207206210e+01,2.805243243243243114e+02
3.901943198804184476e+01,1.165336322869955126e+02,6.303565062388591400e+01,2.800713012477718280e+02
3.895301027900146096e+01,1.163127753303964766e+02,6.299301919720767273e+01,2.801116928446771226e+02
3.895301027900146096e+01,1.163127753303964766e+02,6.254356060606060197e+01,2.799848484848484418e+02
3.896983408748113931e+01,1.160980392156862706e+02,6.224309392265193708e+01,2.799208103130754921e+02
3.893363499245851500e+01,1.157918552036199031e+02,6.235883424408014264e+01,2.797249544626593547e+02
3.893363499245851500e+01,1.157918552036199031e+02,6.244144144144144093e+01,2.798090090090090030e+02
3.894672754946726911e+01,1.158995433789954319e+02,6.244144144144144093e+01,2.798090090090090030e+02
3.891101055806937836e+01,1.157752639517345301e+02,6.217765567765567170e+01,2.796007326007325560e+02
3.889327485380116656e+01,1.154722222222222143e+02,6.202659574468085424e+01,2.793475177304964063e+02
3.896069868995633101e+01,1.156215429403202251e+02,6.195164075993091046e+01,2.793506044905008707e+02
3.896069868995633101e+01,1.156215429403202251e+02,6.195164075993091046e+01,2.793506044905008707e+02
3.893567251461988121e+01,1.155862573099415158e+02,6.204013961605584626e+01,2.792757417102966997e+02
3.893567251461988121e+01,1.155862573099415158e+02,6.218556701030927769e+01,2.794175257731958482e+02
3.898654708520179213e+01,1.154723467862481243e+02,6.123603603603603318e+01,2.785333333333333030e+02
3.890214067278287047e+01,1.152752293577981675e+02,6.107875457875456959e+01,2.781776556776556504e+02
3.890214067278287047e+01,1.152752293577981675e+02,6.068205128205128318e+01,2.779982905982905663e+02
3.890214067278287047e+01,1.152752293577981675e+02,6.062841530054645034e+01,2.779107468123861509e+02
3.890214067278287047e+01,1.152752293577981675e+02,6.062841530054645034e+01,2.779107468123861509e+02
3.890196078431372229e+01,1.150286576168929003e+02,6.004788213627992377e+01,2.775248618784530663e+02
3.892438271604937938e+01,1.152129629629629619e+02,6.034385964912279832e+01,2.775894736842105317e+02
3.892438271604937938e+01,1.152129629629629619e+02,6.034385964912279832e+01,2.775894736842105317e+02
3.892438271604937938e+01,1.152129629629629619e+02,6.034385964912279832e+01,2.775894736842105317e+02
3.892438271604937938e+01,1.152129629629629619e+02,6.002094240837696049e+01,2.772739965095985895e+02
3.891858678955452433e+01,1.152227342549923179e+02,5.928219696969696884e+01,2.764905303030302548e+02
3.888736681887366586e+01,1.150928462709284616e+02,5.945379537953795079e+01,2.763762376237623926e+02
3.888736681887366586e+01,1.150928462709284616e+02,5.926388888888888573e+01,2.762291666666666856e+02
3.894672754946726911e+01,1.151887366818873630e+02,5.914025500910746302e+01,2.762987249544626707e+02
3.894672754946726911e+01,1.151887366818873630e+02,5.914025500910746302e+01,2.762987249544626707e+02
3.907001522070014943e+01,1.155951293759512879e+02,5.831239092495636811e+01,2.756335078534031595e+02
3.900148148148147698e+01,1.151881481481481444e+02,5.818596491228069567e+01,2.755070175438596038e+02
3.900148148148147698e+01,1.151881481481481444e+02,5.818596491228069567e+01,2.755070175438596038e+02
3.884534534534534345e+01,1.149054054054054035e+02,5.786817325800376466e+01,2.753992467043314605e+02
3.884534534534534345e+01,1.149054054054054035e+02,5.776325757575757081e+01,2.753181818181818130e+02
3.897727272727272663e+01,1.151772727272727224e+02,5.712792792792792795e+01,2.747657657657657637e+02
3.910968660968660515e+01,1.149558404558404447e+02,5.724372759856630211e+01,2.748960573476702507e+02
3.910968660968660515e+01,1.149558404558404447e+02,5.725133689839572071e+01,2.748823529411764639e+02
3.910968660968660515e+01,1.149558404558404447e+02,5.696410256410256068e+01,2.745641025641025408e+02
3.910968660968660515e+01,1.149558404558404447e+02,5.643470790378006541e+01,2.740274914089346794e+02
3.903493449781659308e+01,1.149927219796215354e+02,5.606159420289854722e+01,2.736394927536231876e+02
3.898099415204678309e+01,1.149649122807017534e+02,5.596886446886446009e+01,2.735366300366300152e+02
3.898099415204678309e+01,1.149649122807017534e+02,5.596886446886446009e+01,2.735366300366300152e+02
3.900289855072463752e+01,1.149565217391304373e+02,5.581305114638447407e+01,2.732892416225749344e+02
3.900289855072463752e+01,1.149565217391304373e+02,5.581305114638447407e+01,2.732892416225749344e+02
3.894777265745007355e+01,1.151213517665130581e+02,5.542439862542954643e+01,2.732285223367697427e+02
3.897054263565890864e+01,1.152341085271317809e+02,5.493956043956043800e+01,2.727069597069597080e+02
3.897946287519746988e+01,1.152480252764612914e+02,5.493956043956043800e+01,2.727069597069597080e+02
3.899844961240309971e+01,1.153085271317829381e+02,5.499271402550090926e+01,2.727595628415300553e+02
3.902635658914728367e+01,1.152434108527131684e+02,5.462095238095237448e+01,2.724914285714285711e+02
3.899541284403670005e+01,1.156039755351681890e+02,5.392513368983956923e+01,2.717130124777183369e+02
3.897685185185185475e+01,1.154753086419753032e+02,5.368478260869564878e+01,2.713659420289855007e+02
3.897685185185185475e+01,1.154753086419753032e+02,5.367043314500941165e+01,2.713879472693031971e+02
3.897685185185185475e+01,1.154753086419753032e+02,5.375791433891992455e+01,2.714618249534450456e+02
3.897685185185185475e+01,1.154753086419753032e+02,5.367043314500941165e+01,2.713879472693031971e+02
3.885849056603773732e+01,1.154905660377358458e+02,5.297267759562841860e+01,2.706684881602914174e+02
3.874108527131782154e+01,1.150155038759689887e+02,5.290185185185184480e+01,2.706555555555555657e+02
3.870689655172413524e+01,1.148103448275862064e+02,5.281884057971014101e+01,2.706847826086956275e+02
3.870689655172413524e+01,1.148103448275862064e+02,5.272695035460992585e+01,2.705336879432624073e+02
3.870689655172413524e+01,1.148103448275862064e+02,5.272695035460992585e+01,2.705336879432624073e+02
3.856199677938808179e+01,1.154508856682769675e+02,5.211764705882352899e+01,2.700035650623885886e+02
3.854126984126983757e+01,1.153031746031745968e+02,5.208781362007167814e+01,2.700483870967742064e+02
3.854126984126983757e+01,1.153031746031745968e+02,5.208781362007167814e+01,2.700483870967742064e+02
3.854126984126983757e+01,1.153031746031745968e+02,5.181271477663229774e+01,2.698161512027490971e+02
3.852201257861634787e+01,1.153663522012578539e+02,5.147719298245613828e+01,2.693438596491228054e+02
3.857211538461538680e+01,1.151474358974358836e+02,5.116098484848484418e+01,2.689450757575757507e+02
3.856410256410256210e+01,1.150897435897435770e+02,5.113372093023255616e+01,2.686550387596898872e+02
3.856410256410256210e+01,1.150897435897435770e+02,5.093177387914229115e+01,2.684639376218323150e+02
3.857852564102564230e+01,1.150657051282051100e+02,5.093109869646182375e+01,2.682290502793296127e+02
3.852492211838005431e+01,1.151339563862928230e+02,5.075468164794006753e+01,2.680992509363295540e+02
3.867182130584192379e+01,1.158797250859106356e+02,5.026217228464419406e+01,2.672752808988764173e+02
3.856778309409887839e+01,1.152838915470494356e+02,5.039682539682539897e+01,2.673051146384479466e+02
3.856778309409887839e+01,1.152838915470494356e+02,5.026736111111110716e+01,2.671666666666666856e+02
3.856778309409887839e+01,1.152838915470494356e+02,5.041093474426807575e+01,2.671463844797178240e+02
3.856778309409887839e+01,1.152838915470494356e+02,5.034046345811051282e+01,2.670570409982174738e+02
3.855929487179486870e+01,1.156041666666666572e+02,5.018848167539267280e+01,2.662739965095985895e+02
3.855929487179486870e+01,1.156041666666666572e+02,5.026070763500931093e+01,2.662141527001862187e+02
3.855929487179486870e+01,1.156041666666666572e+02,5.016483516483516780e+01,2.659780219780219568e+02
3.855929487179486870e+01,1.156041666666666572e+02,4.972020725388600937e+01,2.656096718480138179e+02
3.853015873015873183e+01,1.154365079365079225e+02,4.984491978609625562e+01,2.651782531194295416e+02
3.852873563218390984e+01,1.155270935960591174e+02,4.926628352490421037e+01,2.644655172413793025e+02
3.859043348281016250e+01,1.159925261584454290e+02,4.979670329670329920e+01,2.646904761904762040e+02
3.862861491628614630e+01,1.161567732115677245e+02,4.971948998178505974e+01,2.646612021857923764e+02
3.857249626307922341e+01,1.159297458893871351e+02,4.984469696969696884e+01,2.642215909090909349e+02
3.857249626307922341e+01,1.159297458893871351e+02,4.970250896057347489e+01,2.640698924731182728e+02
3.855401234567901270e+01,1.162067901234567842e+02,4.932771535580523903e+01,2.632490636704119424e+02
3.862500000000000000e+01,1.163271604938271508e+02,4.954945054945054750e+01,2.632948717948717672e+02
3.859633027522935578e+01,1.161865443425076307e+02,4.964652014652014600e+01,2.633278388278388320e+02
3.859633027522935578e+01,1.161865443425076307e+02,4.949912739965095199e+01,2.629860383944153455e+02
3.862500000000000000e+01,1.163271604938271508e+02,4.947543859649122311e+01,2.623859649122806559e+02
3.860416666666666430e+01,1.162172619047618980e+02,4.979047619047618412e+01,2.619047619047618696e+02
3.864872944693572521e+01,1.162167414050822032e+02,4.988095238095237249e+01,2.617326007326007016e+02
3.870104633781762971e+01,1.164050822122570992e+02,4.979930191972076159e+01,2.613298429319371508e+02
3.871071953010278577e+01,1.158986784140969206e+02,4.971301247771835108e+01,2.607076648841354540e+02
3.872148148148147584e+01,1.160222222222222257e+02,4.989483065953653806e+01,2.600766488413547108e+02
3.882554517133956296e+01,1.171962616822429908e+02,5.003614457831325524e+01,2.593815261044176168e+02
3.879559748427672616e+01,1.171069182389936998e+02,5.054775828460038412e+01,2.589356725146199096e+02
3.876911314984709378e+01,1.167645259938837796e+02,5.052906976744186096e+01,2.588914728682170221e+02
3.875993883792048678e+01,1.167370030581039657e+02,5.058522727272727337e+01,2.578787878787878753e+02
3.875993883792048678e+01,1.167370030581039657e+02,5.096254681647939577e+01,2.572996254681647770e+02
3.877370030581039373e+01,1.168623853211009163e+02,5.122549019607842524e+01,2.565568627450980443e+02
3.881327160493827222e+01,1.171018518518518476e+02,5.111827956989247213e+01,2.563189964157705845e+02
3.880757575757575495e+01,1.169545454545454533e+02,5.107526881720430367e+01,2.562437275985662950e+02
3.880757575757575495e+01,1.169545454545454533e+02,5.174908424908424109e+01,2.556556776556776356e+02
3.880757575757575495e+01,1.169545454545454533e+02,5.187968441814595622e+01,2.541065088757396495e+02
3.885150078988941402e+01,1.174360189573459650e+02,5.193660531697341298e+01,2.533885480572596975e+02
3.889320388349514701e+01,1.177605177993527406e+02,5.203725490196077885e+01,2.532490196078431097e+02
3.893750000000000000e+01,1.178301282051281902e+02,5.206095238095237931e+01,2.526742857142857019e+02
3.888461538461538680e+01,1.178541666666666572e+02,5.245490196078430500e+01,2.524509803921568505e+02
3.888461538461538680e+01,1.178541666666666572e+02,5.250387596899224718e+01,2.513003875968992133e+02
3.885202492211837466e+01,1.179563862928348783e+02,5.268992248062015449e+01,2.505387596899224718e+02
3.893365695792880388e+01,1.182459546925566229e+02,5.261016949152542566e+01,2.502542372881355845e+02
3.893365695792880388e+01,1.182459546925566229e+02,5.265370370370369812e+01,2.501240740740740591e+02
3.893365695792880388e+01,1.182459546925566229e+02,5.322155688622754610e+01,2.499141716566866194e+02
3.893365695792880388e+01,1.182459546925566229e+02,5.328265107212475016e+01,2.485614035087719174e+02
3.890158730158729838e+01,1.187317460317460132e+02,nan,nan
3.893851132686084071e+01,1.189886731391585641e+02,5.346230158730158166e+01,2.467936507936507553e+02
3.880568011958146002e+01,1.184364723467862461e+02,5.362745098039215463e+01,2.462039215686274360e+02
3.876505139500734032e+01,1.185873715124816385e+02,5.392028985507245409e+01,2.459637681159420026e+02
3.878518518518518476e+01,1.185037037037036924e+02,5.394885361552027803e+01,2.452380952380952408e+02
3.873976608187134474e+01,1.188771929824561369e+02,5.409961685823753896e+01,2.439118773946360079e+02
3.876234567901234129e+01,1.189722222222222285e+02,5.412662942271880695e+01,2.439757914338919704e+02
3.877672955974842495e+01,1.192641509433962312e+02,5.422759856630823805e+01,2.431415770609318656e+02
3.876234567901234129e+01,1.189722222222222285e+02,5.419786096256684260e+01,2.424919786096256757e+02
3.857977207977207712e+01,1.188490028490028436e+02,5.416931216931217108e+01,2.424761904761904816e+02
3.858931082981715832e+01,1.188987341772151893e+02,5.448412698412697353e+01,2.409246031746031349e+02
3.859451659451659111e+01,1.196031746031745939e+02,5.455490196078430643e+01,2.398196078431372200e+02
3.855747126436781258e+01,1.196063218390804508e+02,5.489642184557438753e+01,2.394689265536723042e+02
3.853043478260869392e+01,1.195855072463768067e+02,5.495291902071562617e+01,2.387401129943502838e+02
3.854506437768240090e+01,1.194091559370529296e+02,5.502946593001841080e+01,2.379226519337016441e+02
3.873579109062979597e+01,1.210245775729646596e+02,5.495580110497237314e+01,2.375580110497237456e+02
3.855506607929515184e+01,1.203230543318648955e+02,5.514965986394557262e+01,2.372721088435373815e+02
3.855847953216373725e+01,1.203274853801169542e+02,5.538827838827838690e+01,2.362710622710622488e+02
3.867528735632183867e+01,1.209741379310344769e+02,5.575044563279856646e+01,2.350677361853832394e+02
3.867528735632183867e+01,1.209741379310344769e+02,5.566843033509699268e+01,2.347248677248677211e+02
3.859345794392523032e+01,1.213457943925233593e+02,5.578998073217726272e+01,2.337668593448940157e+02
3.854545454545454675e+01,1.212348484848484702e+02,5.581501831501830679e+01,2.335128205128204968e+02
3.857142857142856940e+01,1.211145833333333286e+02,5.587809523809523427e+01,2.330095238095237846e+02
3.853982300884955947e+01,1.210294985250737341e+02,5.592252252252252021e+01,2.324630630630630606e+02
3.858035714285714590e+01,1.213988095238095184e+02,5.597297297297297547e+01,2.318972972972972855e+02
3.831336405529953737e+01,1.219093701996927734e+02,5.588165680473372987e+01,2.311400394477317377e+02
3.830031446540880324e+01,1.218238993710691744e+02,5.587476979742172745e+01,2.297974217311233645e+02
3.828348909657320576e+01,1.216526479750778691e+02,5.604918032786885362e+01,2.293005464480874309e+02
3.828169014084507182e+01,1.217480438184663427e+02,5.605882352941176805e+01,2.294866310160427929e+02
3.826729559748427079e+01,1.217358490566037688e+02,5.609055876685933839e+01,2.284797687861271811e+02
3.801875901875901320e+01,1.224069264069264023e+02,5.607539682539682246e+01,2.278849206349206327e+02
3.800567375886524246e+01,1.223872340425531888e+02,5.606779661016949490e+01,2.274124293785310726e+02
3.800567375886524246e+01,1.223872340425531888e+02,5.620118343195266419e+01,2.270946745562130218e+02
3.800567375886524246e+01,1.223872340425531888e+02,5.620118343195266419e+01,2.270946745562130218e+02
3.801843971631205221e+01,1.224184397163120508e+02,5.645808966861597611e+01,2.255438596491227941e+02
3.774476987447698662e+01,1.224323570432356973e+02,5.644379844961239456e+01,2.249457364341085110e+02
3.778297872340425556e+01,1.226099290780141757e+02,5.648431372549018903e+01,2.244313725490195850e+02
3.775386779184247388e+01,1.224781997187060369e+02,5.645019157088121631e+01,2.246858237547892543e+02
3.778466076696164322e+01,1.229115044247787552e+02,5.670216962524654747e+01,2.242110453648915041e+02
3.778466076696164322e+01,1.229115044247787552e+02,5.675828460038985668e+01,2.235087719298245474e+02
3.742201834862385113e+01,1.233746177370030495e+02,5.676350093109869022e+01,2.230502793296089408e+02
3.737481481481481183e+01,1.232281481481481364e+02,5.700740740740739909e+01,2.224296296296296021e+02
3.737481481481481183e+01,1.232281481481481364e+02,5.700740740740739909e+01,2.224296296296296021e+02
3.737925925925925696e+01,1.232681481481481427e+02,5.761764705882352899e+01,2.212843137254901649e+02
3.738288288288288186e+01,1.234849849849849761e+02,5.797333333333332916e+01,2.211238095238095127e+02
3.718224299065420269e+01,1.241713395638629152e+02,5.823314065510596294e+01,2.201098265895953716e+02
3.707327586206896797e+01,1.241709770114942444e+02,5.846511627906976827e+01,2.192364341085271064e+02
3.706837606837606813e+01,1.239985754985754909e+02,5.920973782771535099e+01,2.186498127340823885e+02
3.707826086956522005e+01,1.242855072463767954e+02,5.985037878787878185e+01,2.183106060606060339e+02
3.706837606837606813e+01,1.239985754985754909e+02,6.122099447513812009e+01,2.173867403314917226e+02
3.680303030303029743e+01,1.243090909090909122e+02,6.240277777777777146e+01,2.165198412698412369e+02
3.676315789473684248e+01,1.242967836257309813e+02,6.307471264367816133e+01,2.160842911877394386e+02
3.675892857142856940e+01,1.245877976190476062e+02,6.361775362318839910e+01,2.154456521739130324e+02
3.675892857142856940e+01,1.245877976190476062e+02,6.458888888888888857e+01,2.145425925925925696e+02
3.675892857142856940e+01,1.245877976190476062e+02,6.510227272727273373e+01,2.142821969696969688e+02
3.670030581039755191e+01,1.249663608562691053e+02,6.590130353817504272e+01,2.135418994413407745e+02
3.664797507788161823e+01,1.248816199376946940e+02,6.630681818181818699e+01,2.133087121212120962e+02
3.664797507788161823e+01,1.248816199376946940e+02,6.674305555555555713e+01,2.129079861111110858e+02
3.664797507788161823e+01,1.248816199376946940e+02,6.774153297682708796e+01,2.119233511586452607e+02
3.664797507788161823e+01,1.248816199376946940e+02,6.776523297491038988e+01,2.119462365591397770e+02
3.650868878357029956e+01,1.255876777251184819e+02,6.783423423423423060e+01,2.113657657657657580e+02
3.648470948012231929e+01,1.252920489296635935e+02,6.794652406417112900e+01,2.108163992869875187e+02
3.644657097288676084e+01,1.250111642743221694e+02,6.804188481675392097e+01,2.107364746945898730e+02
3.644657097288676084e+01,1.250111642743221694e+02,6.851891891891891362e+01,2.097819819819819713e+02
3.645357686453576918e+01,1.254901065449010531e+02,6.875641025641024839e+01,2.096776556776556504e+02
3.639647577092510744e+01,1.250058737151248067e+02,6.898643410852713487e+01,2.090736434108526964e+02
3.641975308641975317e+01,1.257962962962962905e+02,6.904255319148936110e+01,2.089804964539006846e+02
3.641975308641975317e+01,1.257962962962962905e+02,6.904255319148936110e+01,2.089804964539006846e+02
3.639542483660130756e+01,1.263235294117647101e+02,6.919230769230769340e+01,2.087948717948717956e+02
3.640065681444991696e+01,1.264252873563218316e+02,6.958105646630235697e+01,2.083551912568306079e+02
3.629666666666666686e+01,1.269633333333333240e+02,6.963783783783783576e+01,2.079711711711711644e+02
3.627083333333332860e+01,1.268205128205128034e+02,6.959601449275362484e+01,2.079873188405796895e+02
3.627301587301587205e+01,1.266507936507936449e+02,6.959601449275362484e+01,2.079873188405796895e+02
3.627083333333332860e+01,1.268205128205128034e+02,6.991085271317828642e+01,2.076434108527131741e+02
3.620642201834862561e+01,1.267782874617736866e+02,6.996252465483235028e+01,2.075069033530571971e+02
3.591203703703703809e+01,1.271203703703703667e+02,7.004000000000000625e+01,2.068476190476190197e+02
3.589150943396226268e+01,1.270283018867924483e+02,7.049911816578482160e+01,2.065149911816578197e+02
3.589150943396226268e+01,1.270283018867924483e+02,7.055793226381460670e+01,2.064509803921568505e+02
3.590094339622641684e+01,1.270000000000000000e+02,7.054385964912279405e+01,2.064192982456140157e+02
3.589999999999999858e+01,1.267303030303030198e+02,7.064311594202898448e+01,2.062572463768115654e+02
3.578955453149001187e+01,1.274669738863287165e+02,7.160344827586206407e+01,2.056513409961685568e+02
3.579342723004695159e+01,1.279921752738654135e+02,7.152329749103941481e+01,2.054982078853046517e+02
3.579999999999999716e+01,1.278527131782945645e+02,7.152749140893470781e+01,2.053024054982817859e+02
3.579342723004695159e+01,1.279921752738654135e+02,7.167845117845116931e+01,2.052356902356902140e+02
3.566984126984126391e+01,1.278571428571428612e+02,7.206914893617020823e+01,2.049716312056737593e+02
3.554740061162079456e+01,1.281773700305810166e+02,7.301098901098900740e+01,2.042857142857142776e+02
3.561751152073732385e+01,1.279738863287250297e+02,7.281326352530540191e+01,2.042949389179755428e+02
3.561751152073732385e+01,1.279738863287250297e+02,7.266666666666667140e+01,2.040788530465949577e+02
3.561751152073732385e+01,1.279738863287250297e+02,7.293609671848012965e+01,2.039706390328151713e+02
3.558914728682169937e+01,1.278527131782945645e+02,7.322727272727273373e+01,2.038063973063972867e+02
3.536085626911314961e+01,1.283287461773700215e+02,7.379012345679011275e+01,2.032292768959435421e+02
3.532575757575757081e+01,1.284166666666666572e+02,7.431362007168458206e+01,2.031559139784946240e+02
3.526388888888888573e+01,1.284891975308641747e+02,7.455785837651121994e+01,2.030276338514680106e+02
3.523439878234398748e+01,1.286362252663622598e+02,7.533333333333332860e+01,2.030358422939067964e+02
3.511219512195121695e+01,1.291186991869918756e+02,7.592881944444444287e+01,2.032951388888888857e+02
3.477669902912621325e+01,1.296650485436893234e+02,7.645437616387336277e+01,2.035344506517690775e+02
3.479283489096572879e+01,1.294906542056074841e+02,7.643369175627239542e+01,2.038028673835125062e+02
3.476572327044024746e+01,1.295896226415094361e+02,7.732815198618307306e+01,2.038704663212435264e+02
3.480218068535825182e+01,1.294423676012461044e+02,7.784192439862542301e+01,2.041254295532645813e+02
3.479938271604937938e+01,1.293734567901234414e+02,7.834205933682372347e+01,2.045776614310645414e+02
3.468429487179486870e+01,1.303733974358974308e+02,7.935135135135135442e+01,2.049837837837837924e+02
3.457097288676236246e+01,1.305406698564593171e+02,7.951418439716312037e+01,2.051507092198581290e+02
3.457097288676236246e+01,1.305406698564593171e+02,7.959298245614034784e+01,2.051964912280701583e+02
3.450314465408804665e+01,1.307185534591195051e+02,8.062199312714776056e+01,2.054553264604810749e+02
3.452160493827160082e+01,1.304737654320987588e+02,8.062199312714776056e+01,2.054553264604810749e+02
3.434323432343234117e+01,1.313003300330032914e+02,8.143033509700175898e+01,2.060123456790123271e+02
3.440816326530612201e+01,1.310952380952380736e+02,8.200841750841750866e+01,2.063383838383838338e+02
3.436548223350254005e+01,1.312436548223350314e+02,8.208680555555555713e+01,2.063281250000000000e+02
3.431518151815181028e+01,1.310528052805280481e+02,8.208680555555555713e+01,2.063281250000000000e+02
3.429981378026070615e+01,1.334096834264431948e+02,8.311222780569514157e+01,2.067621440536013324e+02
3.436928104575163445e+01,1.321535947712418135e+02,8.369534050179210283e+01,2.071559139784946240e+02
3.434158415841584144e+01,1.325412541254125358e+02,8.409621993127147732e+01,2.074536082474226930e+02
3.434158415841584144e+01,1.325412541254125358e+02,8.405583756345177449e+01,2.074805414551607328e+02
3.437378640776699257e+01,1.327313915857605195e+02,8.498797250859105645e+01,2.079243986254295180e+02
3.427450980392156765e+01,1.341675579322638043e+02,8.529251700680271142e+01,2.081717687074829826e+02
3.432508250825082285e+01,1.340627062706270465e+02,8.570731707317072789e+01,2.085040650406503744e+02
3.428911564625850161e+01,1.342636054421768677e+02,8.601815181518151121e+01,2.086798679867986550e+02
3.432105263157895081e+01,1.344771929824561312e+02,8.611488673139157868e+01,2.087669902912621467e+02
3.433680555555555003e+01,1.342690972222222001e+02,8.740833333333331723e+01,2.095399999999999920e+02
3.460301507537688792e+01,1.346733668341708494e+02,8.742807017543859160e+01,2.095842105263157862e+02
3.470810810810810665e+01,1.368396396396396426e+02,8.860701754385964080e+01,2.103315789473684276e+02
3.471823204419889208e+01,1.370386740331491637e+02,8.872625698324021926e+01,2.104059590316573463e+02
3.466140350877192589e+01,1.364719298245613857e+02,8.886898839137643336e+01,2.106998341625207161e+02
3.487108655616942343e+01,1.366151012891344294e+02,8.934244080145718669e+01,2.111202185792349724e+02
3.486703096539162061e+01,1.365100182149362524e+02,8.936756756756756204e+01,2.112036036036035966e+02
3.525842696629213435e+01,1.382621722846441799e+02,9.039007092198581006e+01,2.123156028368794068e+02
3.531182795698924792e+01,1.387992831541218379e+02,9.059038142620231326e+01,2.132520729684908645e+02
3.540170940170939673e+01,1.386273504273504216e+02,9.089311594202898448e+01,2.146304347826086882e+02
3.581541218637992330e+01,1.392455197132616433e+02,9.093193717277486599e+01,2.152844677137870519e+02
3.583243243243243370e+01,1.392378378378378443e+02,9.120921985815601829e+01,2.163191489361702224e+02
3.582162162162162389e+01,1.397081081081081209e+02,9.103664921465968973e+01,2.166928446771378560e+02
3.597894736842105345e+01,1.398824561403508540e+02,9.096938775510204778e+01,2.177874149659863576e+02
3.621999999999999886e+01,1.401466666666666470e+02,9.101971326164873233e+01,2.189157706093189688e+02
3.628358208955224029e+01,1.402238805970149258e+02,9.123572744014731484e+01,2.200423572744014677e+02
3.682982456140350536e+01,1.408140350877192759e+02,9.144074074074073621e+01,2.213240740740740478e+02
3.730978260869564878e+01,1.414492753623188150e+02,9.143646408839778417e+01,2.220810313075506315e+02
3.739716312056737024e+01,1.414343971631205648e+02,9.118808193668527906e+01,2.223798882681564351e+02
3.741791044776119435e+01,1.417512437810945300e+02,9.123315118397084689e+01,2.231457194899817580e+02
3.744781144781144633e+01,1.418703703703703525e+02,9.107471264367815422e+01,2.240191570881225687e+02
3.761904761904762040e+01,1.420476190476190368e+02,9.097206703910615033e+01,2.239310986964618166e+02
3.788562091503267482e+01,1.422287581699346219e+02,9.095421245421243839e+01,2.246336996336996208e+02
3.795379537953795079e+01,1.423646864686468518e+02,9.104571428571428271e+01,2.259466666666666583e+02
3.795379537953795079e+01,1.423646864686468518e+02,9.080753968253968367e+01,2.261865079365078941e+02
3.832367149758454161e+01,1.426586151368759943e+02,9.077644710578842080e+01,2.262814371257485107e+02
3.832367149758454161e+01,1.426586151368759943e+02,9.072693032015065739e+01,2.269039548022598751e+02
3.889158576051779903e+01,1.435857605177993435e+02,9.089311594202898448e+01,2.277463768115941889e+02
3.900000000000000000e+01,1.437046204620461936e+02,9.099807321772640023e+01,2.282369942196531838e+02
3.904901960784313530e+01,1.437712418300653496e+02,9.107448789571694192e+01,2.286443202979515661e+02
3.904901960784313530e+01,1.437712418300653496e+02,9.100968992248061795e+01,2.292054263565891290e+02
3.933011272141706627e+01,1.440515297906602257e+02,9.102745098039216032e+01,2.291607843137254577e+02
3.936866359447004271e+01,1.440046082949308754e+02,9.131460674157303004e+01,2.304082397003745086e+02
3.943425076452599143e+01,1.439434250764525984e+02,9.130434782608695343e+01,2.307355072463767840e+02
3.943425076452599143e+01,1.439434250764525984e+02,9.135106382978723616e+01,2.310620567375886480e+02
3.943425076452599143e+01,1.439434250764525984e+02,9.135106382978723616e+01,2.310620567375886480e+02
3.948919753086419604e+01,1.440262345679012128e+02,9.170481927710842740e+01,2.324317269076305195e+02
4.004892966360856121e+01,1.447767584097859412e+02,9.179092702169624829e+01,2.328954635108480886e+02
4.019741100323624039e+01,1.453268608414239509e+02,9.191111111111111143e+01,2.335648148148148096e+02
4.019741100323624039e+01,1.453268608414239509e+02,9.186050724637679821e+01,2.341014492753623131e+02
4.024333333333333229e+01,1.452916666666666572e+02,9.191329479768786825e+01,2.350231213872832257e+02
4.042410015649451793e+01,1.455446009389671360e+02,9.192572463768115654e+01,2.352789855072463467e+02
4.044961240310077244e+01,1.455333333333333314e+02,9.214666666666666117e+01,2.368990476190475931e+02
4.045454545454545325e+01,1.456454545454545553e+02,9.205232558139535115e+01,2.377596899224806180e+02
4.045454545454545325e+01,1.456454545454545553e+02,9.208752327746739752e+01,2.389255121042830297e+02
4.053703703703703809e+01,1.457222222222222285e+02,9.217432950191570740e+01,2.399233716475095548e+02
4.048165137614678599e+01,1.456422018348623908e+02,9.211890838206626597e+01,2.399668615984405164e+02
4.076168929110104955e+01,1.458039215686274304e+02,9.221666666666666856e+01,2.419185185185184821e+02
4.080454545454545467e+01,1.458787878787878753e+02,9.223408239700373201e+01,2.436722846441947468e+02
4.080454545454545467e+01,1.458787878787878753e+02,9.243238095238095298e+01,2.444457142857142742e+02
4.100721500721500234e+01,1.462063492063491879e+02,9.272659176029961259e+01,2.457715355805243291e+02
4.104424778761062242e+01,1.463952802359881673e+02,9.274372759856629500e+01,2.460358422939067964e+02
4.150744047619047450e+01,1.472247023809523512e+02,nan,nan
4.144494720965308687e+01,1.469351432880844470e+02,9.345194274028629877e+01,2.491267893660531456e+02
4.141037037037036583e+01,1.469896296296296327e+02,9.357714285714286007e+01,2.494914285714285711e+02
4.166666666666666430e+01,1.471965811965812065e+02,9.395185185185184196e+01,2.502240740740740534e+02
4.166666666666666430e+01,1.471965811965812065e+02,9.400175438596490096e+01,2.507701754385964534e+02
4.168759342301942894e+01,1.473572496263079188e+02,9.427746741154561505e+01,2.520148975791433656e+02
4.185250737463126569e+01,1.475412979351032163e+02,9.459195402298850297e+01,2.529980842911877232e+02
4.184287812041115728e+01,1.475638766519823832e+02,9.476881720430107237e+01,2.535663082437275762e+02
4.210488505747125743e+01,1.478132183908045931e+02,9.532771535580523903e+01,2.547453183520599111e+02
4.214492753623187582e+01,1.478376811594202707e+02,9.571146953405016689e+01,2.559068100358422839e+02
4.233040935672514138e+01,1.481125730994151866e+02,9.613068181818181301e+01,2.570378787878787534e+02
4.247787610619469234e+01,1.484778761061946852e+02,9.627173913043478137e+01,2.577192028985506909e+02
4.248592592592591899e+01,1.484385185185185208e+02,9.700385356454718533e+01,2.588612716763005892e+02
4.274501424501423941e+01,1.485398860398860279e+02,9.705788423153691724e+01,2.592335329341317447e+02
4.258849557522123774e+01,1.484380530973451187e+02,9.756321839080459313e+01,2.603927203065133540e+02
4.304678362573098838e+01,1.492076023391812782e+02,9.797254901960783968e+01,2.610980392156862422e+02
4.285957446808510696e+01,1.488297872340425556e+02,9.832216014897578304e+01,2.619776536312849089e+02
4.285957446808510696e+01,1.488297872340425556e+02,9.842357274401472012e+01,2.622633517495395949e+02
4.301553672316384080e+01,1.490522598870056186e+02,9.894954954954953052e+01,2.631117117117116777e+02
4.290701001430614525e+01,1.489628040057224325e+02,9.898918918918919019e+01,2.632252252252251878e+02
4.308089260808925758e+01,1.491241283124128074e+02,9.934113060428849451e+01,2.642163742690058257e+02
4.308926080892607757e+01,1.491492329149232887e+02,9.969749518304429614e+01,2.650231213872832541e+02
4.308926080892607757e+01,1.491492329149232887e+02,9.973837209302325846e+01,2.651899224806201687e+02
4.322814207650272778e+01,1.492349726775956071e+02,9.975555555555554577e+01,2.652060606060605892e+02
4.325213675213674946e+01,1.494572649572649539e+02,1.003674242424242351e+02,2.665587121212120678e+02
4.327083333333333570e+01,1.493222222222221944e+02,1.004048964218455637e+02,2.669359698681732311e+02
4.324786324786325054e+01,1.494757834757834587e+02,1.005695238095238011e+02,2.672380952380952408e+02
4.332327586206896797e+01,1.495747126436781400e+02,1.006648451730418827e+02,2.675992714025500732e+02
4.332327586206896797e+01,1.495747126436781400e+02,1.006703096539161919e+02,2.675391621129326154e+02
4.362343096234309314e+01,1.498284518828452008e+02,1.013104761904761801e+02,2.680380952380952522e+02
4.361744022503515339e+01,1.498354430379746702e+02,1.012336956521739069e+02,2.680670289855071928e+02
4.378111587982832731e+01,1.500772532188841240e+02,1.014003527336860486e+02,2.684338624338624300e+02
4.387994350282485811e+01,1.501468926553672247e+02,1.015757575757575637e+02,2.688882575757575637e+02
4.390436005625878835e+01,1.501828410689169857e+02,1.018351254480286627e+02,2.693566308243727576e+02
4.384188034188034067e+01,1.501566951566951502e+02,1.019810017271157108e+02,2.698221070811744084e+02
4.413717421124827922e+01,1.503388203017832438e+02,1.025315315315315274e+02,2.704378378378378329e+02
4.420283687943262407e+01,1.503971631205673418e+02,1.027730496453900599e+02,2.711595744680851112e+02
4.427155172413792883e+01,1.505517241379310462e+02,1.028097731239092383e+02,2.712914485165794076e+02
4.431457431457431539e+01,1.506118326118325967e+02,1.028097731239092383e+02,2.712914485165794076e+02
4.431890331890331680e+01,1.506681096681096506e+02,1.033048128342246059e+02,2.720142602495543542e+02
4.479305555555554719e+01,1.510319444444444343e+02,1.038085106382978751e+02,2.728386524822694810e+02
4.476502732240437155e+01,1.508866120218578999e+02,1.038990990990990895e+02,2.732486486486486683e+02
4.475034867503486424e+01,1.509232914923291275e+02,1.038199643493761073e+02,2.731604278074866556e+02
4.475034867503486424e+01,1.509232914923291275e+02,1.038199643493761073e+02,2.731604278074866556e+02
4.475034867503486424e+01,1.509232914923291275e+02,1.038199643493761073e+02,2.731604278074866556e+02
4.479661016949152241e+01,1.507627118644067821e+02,1.048655913978494567e+02,2.746326164874552092e+02
4.486998616874135593e+01,1.508326417704010964e+02,1.049571694599627563e+02,2.749888268156424829e+02
4.486998616874135593e+01,1.508326417704010964e+02,1.050926916221033736e+02,2.753030303030303116e+02
4.502499999999999858e+01,1.508166666666666629e+02,1.053555555555555543e+02,2.755462962962962479e+02
4.509641873278236091e+01,1.508595041322313932e+02,1.054331450094161795e+02,2.757043314500941733e+02
4.509090909090909349e+01,1.508471074380165362e+02,1.062033898305084705e+02,2.766365348399246500e+02
4.512158469945354966e+01,1.509672131147540881e+02,1.065762711864406782e+02,2.768851224105461029e+02
4.512273361227335755e+01,1.508814504881450489e+02,1.066039215686274417e+02,2.768666666666666174e+02
4.512273361227335755e+01,1.508814504881450489e+02,nan,nan
4.512273361227335755e+01,1.508814504881450489e+02,1.075232774674115319e+02,2.777467411545623577e+02
4.544206008583690704e+01,1.511902718168812498e+02,1.085745098039215577e+02,2.776627450980391814e+02
4.550847457627118331e+01,1.514025423728813564e+02,1.092500000000000000e+02,2.778203703703703695e+02
4.538450899031811758e+01,1.512130013831258566e+02,1.096908462867012020e+02,2.777927461139896650e+02
4.572777777777777430e+01,1.515708333333333258e+02,1.105054945054945108e+02,2.779743589743589496e+02
4.562962962962962621e+01,1.512874074074073860e+02,1.108299999999999983e+02,2.781283333333333303e+02
4.572874493927125172e+01,1.511457489878542617e+02,1.125478927203065069e+02,2.788333333333333144e+02
4.589903181189487924e+01,1.513858921161825606e+02,1.135928030303030170e+02,2.790000000000000000e+02
4.582167352537722849e+01,1.512839506172839492e+02,1.139234972677595579e+02,2.789672131147540881e+02
4.565047233468285981e+01,1.510809716599190153e+02,1.145185185185185048e+02,2.790574074074073678e+02
4.565047233468285981e+01,1.510809716599190153e+02,1.151137724550898156e+02,2.792195608782434988e+02
4.631779661016949490e+01,1.516468926553672247e+02,1.161053639846743266e+02,2.792662835249041677e+02
4.623669467787114229e+01,1.515532212885154024e+02,1.166212121212121104e+02,2.791837121212120678e+02
4.622764227642276325e+01,1.514552845528455407e+02,1.169594843462246700e+02,2.792946593001841507e+02
4.630138888888888715e+01,1.516111111111111143e+02,1.178174603174603163e+02,2.795436507936507837e+02
4.630138888888888715e+01,1.516111111111111143e+02,1.181131687242798307e+02,2.795946502057612975e+02
4.622448979591836604e+01,1.513469387755102105e+02,1.186268939393939377e+02,2.798693181818181870e+02
4.645683930942895046e+01,1.512270916334661308e+02,1.190823970037452995e+02,2.798426966292134921e+02
4.662638888888888289e+01,1.514986111111111029e+02,1.195917159763313578e+02,2.798954635108481170e+02
4.662638888888888289e+01,1.514986111111111029e+02,1.198689138576778959e+02,2.798539325842696712e+02
4.662638888888888289e+01,1.514986111111111029e+02,1.207456647398843899e+02,2.802061657032755306e+02
4.649857549857549799e+01,1.512948717948717956e+02,1.210479041916167660e+02,2.805528942115768132e+02
4.654722222222221717e+01,1.513083333333333371e+02,1.211646586345381422e+02,2.804879518072289102e+02
4.654722222222221717e+01,1.513083333333333371e+02,1.214923371647509498e+02,2.804885057471264531e+02
4.640928270042194015e+01,1.510815752461321892e+02,1.217592592592592524e+02,2.807055555555555770e+02
4.640928270042194015e+01,1.510815752461321892e+02,1.220896057347670052e+02,2.808046594982078545e+02
4.680663780663780216e+01,1.514458874458874504e+02,1.221723484848484844e+02,2.810284090909090651e+02
4.673188405797100842e+01,1.513521739130434867e+02,1.234979919678714708e+02,2.814216867469879730e+02
4.673188405797100842e+01,1.513521739130434867e+02,1.234979919678714708e+02,2.814216867469879730e+02
4.679629629629629051e+01,1.515071225071224887e+02,1.236055226824457520e+02,2.815049309664693737e+02
4.659103641456582068e+01,1.512577030812324779e+02,1.234735772357723391e+02,2.815731707317073074e+02
4.683547925608011298e+01,1.515765379113018412e+02,1.244852071005917225e+02,2.820355029585798547e+02
4.669915254237287883e+01,1.514194915254237230e+02,1.242796296296296248e+02,2.820574074074073678e+02
4.668965517241379359e+01,1.514396551724137794e+02,1.247003968253968083e+02,2.821309523809524080e+02
4.668965517241379359e+01,1.514396551724137794e+02,1.250470809792843596e+02,2.822128060263653424e+02
4.669915254237287883e+01,1.514194915254237230e+02,1.254609053497942170e+02,2.826543209876543301e+02
4.705913978494623251e+01,1.515698924731182728e+02,1.255780346820809257e+02,2.827379576107899766e+02
4.689024390243902474e+01,1.514715447154471519e+02,1.256985815602836851e+02,2.830744680851063890e+02
4.685655737704917811e+01,1.514713114754098342e+02,1.259242424242424079e+02,2.830738636363636260e+02
4.684636488340191818e+01,1.514334705075445697e+02,1.265480225988700624e+02,2.832994350282485811e+02
4.684636488340191818e+01,1.514334705075445697e+02,1.270606060606060481e+02,2.836742424242424363e+02
4.712586445366527954e+01,1.515338865836791058e+02,1.271666666666666572e+02,2.837248062015503933e+02
4.702710027100270906e+01,1.515582655826558209e+02,1.272793296089385535e+02,2.840000000000000000e+02
4.702710027100270906e+01,1.515582655826558209e+02,1.272793296089385535e+02,2.840000000000000000e+02
4.718333333333333002e+01,1.517916666666666572e+02,1.273371647509578395e+02,2.840593869731800396e+02
4.718333333333333002e+01,1.517916666666666572e+02,1.280136452241715403e+02,2.842982456140350678e+02
4.715752461322080791e+01,1.516779184247538694e+02,1.284227642276422614e+02,2.845853658536585158e+02
4.707439198855507101e+01,1.516680972818311659e+02,1.287891891891891873e+02,2.848936936936936490e+02
4.710593220338983400e+01,1.516652542372881385e+02,1.287891891891891873e+02,2.848936936936936490e+02
4.712356321839079953e+01,1.517341954022988375e+02,1.290340501792114765e+02,2.848817204301075208e+02
4.712356321839079953e+01,1.517341954022988375e+02,1.290340501792114765e+02,2.848817204301075208e+02
4.706125356125355808e+01,1.516196581196581121e+02,1.300299625468164777e+02,2.853464419475655518e+02
4.710288065843621297e+01,1.518408779149519603e+02,1.300128205128204968e+02,2.853333333333333144e+02
4.711203319502075004e+01,1.518852005532503142e+02,1.299441340782123007e+02,2.853873370577280753e+02
4.708611111111110858e+01,1.519569444444444457e+02,1.306036036036036023e+02,2.855819819819819827e+02
4.694796061884669314e+01,1.520646976090013993e+02,1.315077519379844944e+02,2.859670542635658421e+02
4.721551724137930961e+01,1.523505747126436631e+02,1.319521072796934789e+02,2.860862068965517437e+02
4.721199442119944223e+01,1.523960948396094750e+02,1.323754578754578688e+02,2.866153846153846416e+02
4.709349593495934982e+01,1.522073170731707421e+02,1.327638888888888857e+02,2.868154761904762040e+02
4.707723577235772439e+01,1.520447154471544593e+02,1.331985018726591647e+02,2.871067415730337302e+02
4.707723577235772439e+01,1.520447154471544593e+02,1.337407407407407334e+02,2.875769980506822208e+02
4.713495276653171118e+01,1.524278002699055321e+02,1.345734126984126817e+02,2.878511904761904816e+02
4.728319783197832038e+01,1.528021680216801883e+02,1.349085714285714346e+02,2.881352380952380940e+02
4.728319783197832038e+01,1.528021680216801883e+02,1.350335195530726367e+02,2.882532588454375855e+02
4.724426450742240036e+01,1.527354925775978245e+02,1.350994475138121516e+02,2.882449355432780749e+02
4.724894514767932208e+01,1.529156118143459935e+02,1.356294326241134627e+02,2.883882978723404449e+02
4.750416666666666998e+01,1.534000000000000057e+02,1.367145593869731783e+02,2.888371647509578679e+02
4.764381720430107237e+01,1.537110215053763227e+02,1.369750957854406010e+02,2.890172413793103487e+02
4.764381720430107237e+01,1.537110215053763227e+02,1.371215469613259756e+02,2.891086556169428832e+02
4.756462585034012847e+01,1.536149659863945374e+02,1.372405303030302832e+02,2.892537878787878753e+02
4.735169491525423524e+01,1.533870056497174801e+02,1.378122605363984690e+02,2.892011494252873831e+02
4.742448979591836888e+01,1.536489795918367349e+02,1.385261044176706662e+02,2.895240963855421796e+02
4.729861111111110716e+01,1.535736111111110915e+02,1.391297405189620520e+02,2.896087824351297400e+02
4.727709190672153028e+01,1.535802469135802539e+02,1.390372549019607789e+02,2.895745098039215577e+02
4.734293552812070516e+01,1.537777777777777715e+02,1.395000000000000000e+02,2.897154471544715193e+02
4.717739628040056488e+01,1.536180257510729632e+02,1.402601156069364094e+02,2.900077071290943991e+02
4.727566807313642272e+01,1.542222222222222001e+02,1.404249084249084092e+02,2.897912087912088168e+02
4.725104602510459983e+01,1.540334728033472800e+02,1.414126984126984041e+02,2.902817460317460245e+02
4.721322537112010309e+01,1.539824561403508767e+02,1.407383512544802784e+02,2.899946236559139834e+02
4.723962516733600836e+01,1.539825970548862131e+02,1.417164750957854267e+02,2.904272030651340515e+02
4.711294765840219867e+01,1.541501377410468194e+02,1.424962962962962933e+02,2.906018518518518476e+02
4.706157965194109494e+01,1.542302543507362600e+02,1.425416666666666572e+02,2.906268939393939377e+02
4.725203252032520140e+01,1.549403794037940258e+02,1.433107344632768445e+02,2.906817325800376466e+02
4.725203252032520140e+01,1.549403794037940258e+02,1.433107344632768445e+02,2.906817325800376466e+02
4.723866666666666703e+01,1.550453333333333035e+02,1.437058823529411882e+02,2.911586452762923045e+02
4.706374501992031867e+01,1.547529880478087705e+02,1.438228070175438518e+02,2.911333333333333258e+02
4.704819277108433795e+01,1.550682730923694805e+02,1.444592198581560183e+02,2.914893617021276668e+02
4.708933333333332882e+01,1.552626666666666608e+02,1.451851851851851904e+02,2.916049382716049081e+02
4.708933333333332882e+01,1.552626666666666608e+02,1.450680272108843383e+02,2.915153061224489761e+02
4.709711286089238769e+01,1.556128608923884542e+02,1.453068783068783034e+02,2.915273368606701752e+02
4.717254901960784252e+01,1.556274509803921546e+02,1.463412698412698205e+02,2.920476190476190368e+02
4.701540616246498416e+01,1.559019607843137294e+02,1.464196078431372428e+02,2.919352941176470608e+02
4.703835978835978437e+01,1.557962962962962763e+02,1.470707070707070443e+02,2.921555555555555657e+02
4.708666666666666600e+01,1.559506666666666490e+02,1.475594541910331259e+02,2.922397660818713234e+02
4.693869731800766232e+01,1.563946360153256592e+02,1.477222222222222285e+02,2.922757936507936165e+02
4.705882352941176805e+01,1.567725490196078511e+02,1.480205761316872213e+02,2.924382716049382793e+02
4.696491228070174628e+01,1.566734143049932300e+02,1.487103174603174409e+02,2.927361111111110858e+02
4.706723891273247062e+01,1.575164520743919638e+02,1.491124260355029492e+02,2.929546351084812272e+02
4.701867816091953500e+01,1.573951149425287213e+02,1.493721881390592898e+02,2.930715746421267909e+02
4.696734693877551337e+01,1.578897959183673549e+02,1.501932938856015767e+02,2.932169625246548321e+02
4.696734693877551337e+01,1.578897959183673549e+02,1.502916666666666572e+02,2.932916666666666288e+02
4.686376811594202962e+01,1.583855072463767897e+02,1.516984126984126817e+02,2.939722222222221717e+02
4.671509971509971137e+01,1.584444444444444571e+02,nan,nan
4.677684797768479541e+01,1.583960948396094750e+02,1.515946502057612975e+02,2.940144032921810435e+02
4.672384937238494018e+01,1.585076708507670560e+02,1.523391812865497172e+02,2.942183235867445887e+02
4.672384937238494018e+01,1.585076708507670560e+02,1.523391812865497172e+02,2.942183235867445887e+02
4.669344042838018538e+01,1.587322623828647750e+02,1.530893854748603360e+02,2.945009310986964692e+02
4.671174863387977894e+01,1.589918032786885362e+02,1.538254901960784196e+02,2.947196078431372257e+02
4.668983268983268431e+01,1.596229086229085965e+02,1.546179337231968702e+02,2.949044834307991891e+02
4.671465629053177793e+01,1.595499351491569087e+02,1.545895953757225527e+02,2.948535645472061333e+02
4.670000000000000284e+01,1.600679487179486955e+02,1.552509803921568619e+02,2.949549019607842979e+02
4.673870056497174374e+01,1.610960451977400965e+02,1.560346820809248527e+02,2.951772639691714630e+02
4.671273712737126971e+01,1.611056910569105582e+02,1.562485549132948108e+02,2.952716763005780081e+02
4.676095617529880144e+01,1.611328021248339724e+02,1.564350282485875709e+02,2.953107344632768445e+02
4.657983193277311074e+01,1.620238095238095184e+02,1.575257936507936449e+02,2.955992063492063266e+02
4.661134163208851788e+01,1.618464730290456544e+02,1.578050682261208522e+02,2.956725146198830316e+02
4.671836734693877702e+01,1.621768707482993079e+02,1.588123752495009740e+02,2.960878243512973995e+02
4.676680384087791253e+01,1.623223593964334555e+02,1.587662835249041962e+02,2.960249042145593421e+02
4.669283746556473602e+01,1.629449035812671980e+02,1.594547206165703130e+02,2.961136801541425712e+02
4.664363143631435804e+01,1.629295392953929422e+02,1.598106508875739564e+02,2.961577909270216651e+02
4.659972105997210434e+01,1.631004184100418399e+02,1.603478260869565304e+02,2.963167701863354182e+02
4.665718157181571257e+01,1.640257452574525416e+02,1.612281746031746081e+02,2.966150793650793389e+02
4.666525423728813848e+01,1.646016949152542281e+02,1.618798449612403090e+02,2.968139534883720785e+02
4.667226890756302282e+01,1.645210084033613498e+02,1.620936329588014928e+02,2.968651685393258504e+02
4.655886524822694383e+01,1.651673758865248089e+02,1.625622489959839356e+02,2.969236947791164312e+02
4.654166666666666430e+01,1.655625000000000000e+02,1.632752808988764173e+02,2.969063670411984504e+02
4.656198347107437741e+01,1.659407713498622456e+02,1.636121212121212238e+02,2.969373737373737185e+02
4.654184397163120224e+01,1.662354609929077753e+02,1.644979919678714850e+02,2.971586345381525689e+02
4.652525252525251886e+01,1.664733044733044665e+02,1.651269841269841265e+02,2.973571428571428328e+02
4.646018893387314108e+01,1.668272604588393904e+02,1.654007936507936449e+02,2.971785714285714448e+02
4.650533333333332564e+01,1.670000000000000000e+02,1.655593220338982974e+02,2.972730696798493000e+02
4.632641770401106385e+01,1.683997233748270901e+02,1.664134078212290433e+02,2.974078212290502847e+02
4.630146082337316926e+01,1.682363877822045026e+02,1.665181159420289703e+02,2.973931159420289418e+02
4.633333333333332860e+01,1.682446236559139550e+02,1.667399267399267160e+02,2.975183150183149792e+02
4.625672043010752787e+01,1.695080645161290249e+02,1.675805860805860732e+02,2.976648351648351536e+02
4.611462450592885176e+01,1.698274044795783766e+02,1.678323699421965216e+02,2.978208092485548946e+02
4.596448087431693352e+01,1.703401639344262435e+02,1.688490196078431325e+02,2.982705882352940989e+02
4.598544973544973402e+01,1.708796296296296191e+02,1.688464419475655234e+02,2.989756554307115834e+02
4.595238095238094900e+01,1.709867724867724803e+02,1.687329434697855675e+02,2.995828460038986236e+02
4.604508196721311464e+01,1.709631147540983704e+02,1.690130353817504556e+02,3.003482309124767085e+02
4.562753036437246834e+01,1.716005398110661133e+02,1.693560606060605949e+02,3.008901515151515014e+02
4.540860215053763227e+01,1.726196236559139550e+02,1.700461847389558159e+02,3.018975903614457934e+02
4.527920227920227347e+01,1.732991452991452945e+02,1.702246777163904028e+02,3.024788213627992377e+02
4.523087431693988236e+01,1.739125683060109111e+02,1.701783783783783690e+02,3.025549549549549511e+02
4.527662517289073207e+01,1.739889349930843423e+02,1.706702898550724683e+02,3.034909420289855007e+02
4.515151515151514872e+01,1.746893939393939377e+02,1.706611721611721464e+02,3.035293040293040008e+02
4.479217273954115797e+01,1.764993252361673228e+02,1.708571428571428612e+02,3.041352380952380940e+02
4.476610644257702631e+01,1.771288515406162389e+02,1.712137681159420310e+02,3.047536231884058111e+02
4.467325428194993009e+01,1.772582345191040645e+02,1.713832442067736110e+02,3.049322638146167037e+02
4.443852459016393652e+01,1.778989071038251097e+02,1.718532608695652186e+02,3.056865942028985046e+02
4.441632088520054822e+01,1.781798063623789687e+02,1.718654970760233880e+02,3.057173489278752072e+02
4.420579710144927077e+01,1.789376811594202934e+02,1.721210428305400342e+02,3.059478584729981208e+02
4.421518987341772089e+01,1.792672292545709922e+02,1.725580952380952340e+02,3.065409523809523762e+02
4.412195121951219789e+01,1.801002710027100306e+02,1.727185185185185219e+02,3.066018518518518476e+02
4.414021164021163202e+01,1.798280423280423292e+02,1.727185185185185219e+02,3.066018518518518476e+02
4.416539440203561639e+01,1.804885496183206044e+02,1.731826241134751569e+02,3.069095744680851112e+02
4.376111111111110574e+01,1.820583333333333371e+02,1.738076190476190277e+02,3.075961904761904293e+02
4.374248366013071632e+01,1.822954248366012848e+02,1.741325536062377921e+02,3.075945419103313725e+02
4.362277091906720727e+01,1.825130315500685754e+02,1.741805555555555429e+02,3.077023809523809632e+02
4.329817158931082588e+01,1.836976090014064482e+02,1.741805555555555429e+02,3.077023809523809632e+02
4.319305555555555287e+01,1.839486111111110915e+02,nan,nan
4.309803921568627061e+01,1.845882352941176521e+02,1.752033898305084847e+02,3.080131826741995837e+02
4.312482853223593793e+01,1.850301783264746120e+02,1.760591715976331386e+02,3.085207100591716198e+02
4.311885245901639507e+01,1.854453551912568230e+02,1.763069679849340901e+02,3.085028248587570374e+02
4.308499335989375112e+01,1.857224435590969165e+02,1.768526703499079247e+02,3.086629834254143816e+02
4.291508238276298925e+01,1.861825095057034218e+02,1.774555555555555486e+02,3.088462962962962592e+02
4.257839262187087570e+01,1.872503293807641569e+02,1.780692167577413443e+02,3.087559198542804779e+02
4.260202788339670121e+01,1.873764258555133040e+02,1.792316384180790863e+02,3.083841807909604427e+02
4.240234948604992127e+01,1.887107195301027787e+02,1.797928994082840291e+02,3.077790927021696348e+02
4.222721088435373815e+01,1.892462585034013500e+02,1.807679558011049608e+02,3.075782688766113893e+02
4.221875000000000000e+01,1.895690104166666572e+02,1.819682539682539471e+02,3.075555555555555429e+02
4.206250000000000000e+01,1.901093750000000000e+02,1.821256281407035260e+02,3.069430485762143803e+02
4.192866407263294093e+01,1.910363164721141231e+02,1.832397660818713518e+02,3.068752436647173454e+02
4.156960408684546593e+01,1.918441890166027974e+02,1.835207100591715914e+02,3.065779092702169351e+02
4.142519685039370358e+01,1.926627296587926423e+02,nan,nan
4.106915629322268302e+01,1.942448132780083085e+02,nan,nan
4.097372060857537690e+01,1.947053941908713739e+02,1.869147286821705336e+02,3.059321705426356175e+02
4.091327913279132389e+01,1.951693766937669352e+02,1.876725490196078283e+02,3.055098039215686185e+02
4.081153846153846132e+01,1.958910256410256352e+02,1.880173410404624406e+02,3.053371868978804855e+02
4.062102351313968995e+01,1.964605809128630654e+02,1.889485815602836567e+02,3.051719858156027954e+02
4.031504922644163003e+01,1.977721518987341653e+02,1.901049723756906076e+02,3.047734806629834452e+02
4.010373443983402808e+01,1.983706777316735668e+02,1.903045267489711989e+02,3.045473251028806203e+02
4.016533333333332934e+01,1.989746666666666499e+02,1.909860279441117541e+02,3.043952095808382978e+02
3.985733882030177710e+01,2.005404663923182227e+02,1.917925925925925696e+02,3.042462962962962933e+02
3.999470899470899354e+01,2.006931216931216966e+02,1.927950310559006084e+02,3.037515527950310457e+02
3.986692506459947793e+01,2.010801033591731084e+02,nan,nan
3.967231638418078887e+01,2.021129943502824631e+02,1.935265151515151274e+02,3.034924242424242493e+02
3.970728291316525826e+01,2.032100840336134411e+02,1.946329588014981198e+02,3.033352059925093727e+02
3.975573549257759254e+01,2.040701754385964648e+02,1.955609318996415595e+02,3.031541218637992756e+02
3.966113416320884966e+01,2.055435684647302992e+02,1.956939890710382599e+02,3.031202185792349724e+02
3.950656167979002475e+01,2.055288713910761089e+02,1.967083333333333144e+02,3.026363636363636260e+02
3.965975103734439955e+01,2.067358229598893331e+02,1.976107784431137588e+02,3.024251497005988085e+02
3.981725146198829890e+01,2.078450292397660633e+02,1.981856287425149787e+02,3.019101796407185816e+02
3.979710144927535964e+01,2.076811594202898448e+02,1.990938697318007371e+02,3.012586206896551744e+02
3.997413793103448398e+01,2.089295977011494188e+02,1.997485714285714380e+02,3.008076190476190277e+02
3.989894419306183693e+01,2.094494720965309114e+02,2.003313725490195907e+02,3.000862745098038999e+02
4.010966810966810669e+01,2.104300144300144098e+02,2.008324420677361672e+02,2.995311942959001499e+02
4.042796610169491345e+01,2.112655367231638195e+02,2.018586956521739069e+02,2.983188405797101268e+02
4.082945736434108142e+01,2.121596899224805952e+02,2.020290697674418539e+02,2.979050387596898872e+02
4.112878787878787534e+01,2.130575757575757336e+02,2.024734042553191387e+02,2.974397163120567029e+02
4.119313304721030278e+01,2.130028612303290174e+02,2.030629629629629278e+02,2.967648148148148266e+02
4.156756756756756488e+01,2.142267267267266959e+02,2.041148775894538403e+02,2.957401129943502838e+02
4.180116959064326920e+01,2.146856725146198528e+02,2.045373406193077983e+02,2.951311475409835907e+02
4.201190476190475920e+01,2.150461309523809348e+02,2.047096774193548470e+02,2.948745519713261274e+02
4.250800582241629400e+01,2.156928675400291127e+02,2.054696969696969688e+02,2.938560606060605664e+02
4.269067796610169552e+01,2.160508474576271283e+02,2.055498084291187695e+02,2.937969348659003685e+02
4.326222222222222058e+01,2.166533333333333360e+02,2.065096899224806180e+02,2.924903100775193252e+02
4.376623376623376771e+01,2.171818181818181870e+02,2.068514285714285847e+02,2.920209523809523944e+02
4.388418079096044977e+01,2.174519774011299376e+02,2.071845878136200554e+02,2.917114695340501385e+02
4.413304721030043254e+01,2.177725321888412111e+02,2.078836291913214609e+02,2.909230769230769056e+02
4.439601139601139579e+01,2.182977207977207854e+02,2.080823970037453137e+02,2.906385767790262094e+02
4.463585434173668887e+01,2.184887955182072687e+02,2.088200408997954867e+02,2.895501022494887593e+02
4.521610169491525255e+01,2.190423728813559308e+02,2.089730848861283619e+02,2.888385093167701712e+02
4.531586608442503206e+01,2.192692867540029056e+02,2.091329588014981198e+02,2.886348314606741496e+02
4.589592123769338627e+01,2.198931082981715690e+02,2.098609523809523694e+02,2.874761904761904248e+02
4.615124816446401468e+01,2.201086637298090807e+02,2.100874316939890605e+02,2.872149362477231307e+02
4.636796536796536827e+01,2.203160173160173088e+02,2.110122699386503200e+02,2.859304703476482246e+02
4.671156462585033609e+01,2.208217687074829598e+02,2.113764705882352928e+02,2.854941176470588289e+02
4.696870748299319587e+01,2.211333333333333258e+02,2.116521739130434696e+02,2.850380434782608745e+02
4.763934426229508290e+01,2.217486338797814085e+02,2.120622710622710372e+02,2.846520146520146568e+02
4.773173970783532383e+01,2.218977423638777964e+02,2.130842696629213435e+02,2.834082397003745086e+02
4.808435374149659935e+01,2.223605442176870497e+02,2.134597701149425291e+02,2.827911877394635667e+02
4.856950067476383026e+01,2.228394062078272384e+02,2.138740310077519098e+02,2.819089147286821344e+02
4.856885456885456165e+01,2.227863577863577689e+02,2.140223577235772154e+02,2.818008130081300351e+02
4.875256410256410078e+01,2.229576923076922981e+02,2.146268939393939092e+02,2.813674242424242493e+02
4.922045152722443362e+01,2.235922974767596259e+02,2.146439393939393767e+02,2.814299242424242493e+02
5.015546772068510961e+01,2.243135704874835028e+02,2.156171428571428521e+02,2.802419047619047205e+02
5.060026560424966391e+01,2.247065073041168546e+02,2.158678500986193285e+02,2.800256410256409936e+02
5.096875000000000000e+01,2.249921875000000000e+02,2.160892857142857224e+02,2.797480158730158450e+02
5.081338481338480761e+01,2.249678249678249529e+02,2.167254901960783968e+02,2.789980392156862763e+02
5.125134408602149705e+01,2.254032258064516157e+02,2.169352380952380770e+02,2.788171428571428692e+02
5.169626769626768947e+01,2.258249678249678141e+02,2.174541910331383860e+02,2.781052631578947398e+02
5.240234375000000000e+01,2.264687500000000000e+02,2.176078431372548607e+02,2.780352941176470836e+02
5.282786885245901942e+01,2.267377049180327901e+02,2.176078431372548607e+02,2.780352941176470836e+02
5.325396825396825307e+01,2.271349206349206327e+02,2.183826429980275918e+02,2.769487179487178992e+02
5.351574803149606652e+01,2.274461942257217686e+02,2.183213572854291158e+02,2.769720558882235082e+02
5.375345911949685274e+01,2.277295597484276470e+02,2.189156378600822848e+02,2.761790123456789843e+02
5.432539682539682246e+01,2.282433862433862259e+02,2.192701149425287497e+02,2.762567049808429260e+02
5.483207070707070585e+01,2.287058080808080547e+02,2.191726190476190368e+02,2.762718253968253634e+02
5.481536555142502465e+01,2.287013630731102865e+02,2.195287356321838956e+02,2.758563218390804650e+02
5.521733821733820946e+01,2.291233211233211193e+02,2.196999999999999886e+02,2.756333333333333258e+02
5.614357053682896037e+01,2.299725343320848765e+02,2.200986193293885549e+02,2.751025641025640880e+02
5.650742240215924284e+01,2.303198380566801688e+02,2.204405458089668457e+02,2.749259259259259238e+02
5.713613231552162830e+01,2.309134860050890268e+02,2.204405458089668457e+02,2.749259259259259238e+02
5.724300254452926140e+01,2.309669211195928540e+02,2.207159090909090935e+02,2.747102272727272521e+02
5.754150702426564123e+01,2.315325670498084207e+02,2.207638095238094991e+02,2.745561904761904657e+02
5.797489539748954002e+01,2.320599721059971898e+02,2.212682926829268411e+02,2.740162601626016112e+02
5.851880674448767650e+01,2.327496757457846854e+02,2.213495934959349256e+02,2.739756097560975832e+02
5.872435897435897090e+01,2.331717948717948730e+02,2.214898373983739646e+02,2.737845528455284239e+02
5.870971709717096587e+01,2.330996309963099691e+02,2.214898373983739646e+02,2.737845528455284239e+02
5.927131782945736660e+01,2.341834625322997283e+02,2.214898373983739646e+02,2.737845528455284239e+02
5.944056847545219568e+01,2.342945736434108426e+02,2.219734848484848158e+02,2.735113636363636260e+02
6.009972677595627744e+01,2.354125683060109111e+02,2.219904214559386730e+02,2.735402298850574994e+02
6.030337078651685090e+01,2.357528089887640590e+02,2.219904214559386730e+02,2.735402298850574994e+02
6.047876447876448225e+01,2.363629343629343680e+02,2.222457142857142856e+02,2.733276190476190095e+02
6.083461538461538254e+01,2.371628205128205025e+02,2.222457142857142856e+02,2.733276190476190095e+02
6.099866666666666504e+01,2.371226666666666461e+02,2.227816091954022966e+02,2.724137931034482563e+02
6.148995983935743226e+01,2.385100401606425748e+02,2.226962524654832123e+02,2.723392504930966425e+02
6.172357723577236044e+01,2.390704607046070294e+02,2.228957055214723937e+02,2.721022494887525340e+02
6.185537190082644798e+01,2.397052341597795930e+02,2.228957055214723937e+02,2.721022494887525340e+02
6.208072916666666430e+01,2.401510416666666572e+02,2.226480331262939671e+02,2.719358178053830102e+02
6.212260536398467536e+01,2.405823754789271902e+02,nan,nan
6.239567430025444850e+01,2.412888040712468012e+02,nan,nan
6.258268733850128740e+01,2.420917312661498499e+02,nan,nan
6.299051490514904827e+01,2.429539295392953875e+02,2.220949612403100559e+02,2.706201550387596626e+02
6.298307291666666430e+01,2.429531250000000000e+02,2.221858585858585684e+02,2.702686868686868138e+02
6.286386768447836459e+01,2.439185750636132184e+02,2.222215447154471235e+02,2.697235772357723249e+02
6.297039897039896772e+01,2.441776061776061795e+02,2.225616161616161435e+02,2.692383838383838111e+02
6.316039051603904397e+01,2.449930264993026299e+02,nan,nan
6.313123359580052352e+01,2.458018372703411956e+02,2.237037037037036669e+02,2.691578947368420813e+02
6.328055555555555145e+01,2.469152777777777601e+02,2.240035460992907588e+02,2.692216312056737593e+02
6.326070038910506099e+01,2.468884565499351424e+02,2.247209302325581461e+02,2.684011627906976969e+02
6.322361111111111143e+01,2.479902777777777771e+02,2.250131086142321806e+02,2.683033707865168367e+02
6.323224043715846676e+01,2.487404371584699447e+02,2.252329749103942333e+02,2.681863799283153753e+02
6.319834710743801764e+01,2.494421487603305820e+02,2.259405405405405531e+02,2.677405405405405645e+02
6.319354838709677580e+01,2.497002688172042895e+02,2.263844696969696884e+02,2.672007575757575637e+02
6.334705075445815936e+01,2.503923182441700703e+02,2.269551656920077676e+02,2.665087719298245474e+02
6.338251366120218222e+01,2.502281420765027349e+02,2.272380952380952124e+02,2.663040293040292568e+02
6.334421768707482414e+01,2.508462585034013443e+02,2.276394927536231876e+02,2.660018115942028771e+02
6.325248226950353825e+01,2.521531914893616886e+02,2.282632575757575353e+02,2.656704545454545610e+02
6.323319027181687346e+01,2.522317596566523719e+02,2.283352490421455627e+02,2.655747126436781400e+02
6.341666666666666430e+01,2.522645502645502518e+02,2.293718689788053666e+02,2.646242774566474054e+02
6.352361111111110858e+01,2.528902777777777544e+02,2.296221033868092434e+02,2.645918003565062122e+02
6.353005464480873599e+01,2.526789617486338670e+02,2.300112994350282349e+02,2.643879472693031971e+02
6.331746031746030923e+01,2.536031746031745797e+02,2.302264492753623131e+02,2.639909420289855007e+02
6.338214783821477738e+01,2.540725244072524163e+02,2.306153846153846132e+02,2.635601577909270077e+02
6.311723163841807605e+01,2.551002824858757094e+02,2.306089385474860194e+02,2.630763500931098520e+02
6.311739130434782652e+01,2.559637681159420310e+02,2.307613168724279546e+02,2.625720164609053313e+02
6.315582655826558067e+01,2.555149051490514864e+02,2.307154471544715193e+02,2.626565040650406218e+02
6.310367454068241244e+01,2.554278215223096993e+02,2.311397849462365457e+02,2.620842293906810028e+02
6.329898218829516310e+01,2.553536895674299956e+02,2.311397849462365457e+02,2.620842293906810028e+02
6.319465648854961870e+01,2.558765903307887584e+02,2.310536398467432662e+02,2.617452107279693223e+02
6.293089430894308833e+01,2.565704607046070009e+02,2.313591160220994425e+02,2.610644567219152918e+02
6.257104913678618630e+01,2.568472775564408721e+02,2.314486486486486569e+02,2.609927927927927840e+02
6.269189907038512644e+01,2.573200531208499342e+02,2.313949275362318758e+02,2.609076086956521863e+02
6.275032679738561825e+01,2.573254901960784196e+02,2.320177304964538791e+02,2.604627659574468339e+02
6.194672131147540739e+01,2.586666666666666288e+02,2.321794871794871824e+02,2.598034188034187650e+02
6.208333333333333570e+01,2.586269841269841550e+02,2.320621761658030948e+02,2.600967184801381791e+02
6.194700139470013767e+01,2.589721059972105763e+02,2.325934065934065984e+02,2.601959706959706864e+02
6.122792022792022237e+01,2.599216524216524249e+02,2.335791433891992313e+02,2.614115456238361048e+02
6.136944444444444002e+01,2.598805555555555316e+02,2.348100775193798029e+02,2.630620155038759549e+02
6.153750000000000142e+01,2.595847222222221831e+02,2.357829457364341010e+02,2.643100775193798313e+02
6.129918032786885362e+01,2.595778688524590052e+02,2.369017341040462554e+02,2.652774566473988216e+02
6.081866666666666532e+01,2.596360000000000241e+02,2.377535460992907588e+02,2.662145390070921849e+02
6.016455696202531556e+01,2.602250351617440174e+02,2.390382513661202211e+02,2.673624772313296489e+02
5.985466666666666669e+01,2.604573333333333380e+02,2.400582877959926975e+02,2.683952641165755608e+02
5.923511904761904390e+01,2.604583333333333144e+02,2.413407407407407277e+02,2.692685185185184764e+02
5.895778748180494233e+01,2.605822416302765419e+02,2.426612021857923480e+02,2.703151183970855982e+02
5.841935483870967971e+01,2.606747311827956537e+02,2.439753787878787818e+02,2.713087121212120678e+02
5.832108843537415055e+01,2.606530612244898180e+02,2.449039548022598751e+02,2.722297551789076806e+02
5.839004149377593222e+01,2.605975103734439813e+02,2.461933701657458471e+02,2.730073664825045512e+02
5.735802469135802539e+01,2.601961591220850210e+02,2.467668593448940157e+02,2.737552986512524171e+02
5.713464052287581296e+01,2.601346405228757703e+02,2.475378787878787818e+02,2.746420454545454390e+02
5.693807641633728167e+01,2.597681159420289418e+02,2.484134078212290433e+02,2.753445065176908884e+02
5.653906250000000000e+01,2.596184895833333144e+02,2.487092592592592553e+02,2.757425925925925867e+02
5.623599999999999710e+01,2.595466666666666811e+02,2.497668593448940157e+02,2.764026974951830198e+02
5.593279569892472836e+01,2.589784946236558767e+02,2.499421965317919216e+02,2.767148362235067225e+02
5.583830845771144169e+01,2.586840796019900495e+02,2.505296296296295964e+02,2.772333333333333485e+02
5.537333333333332774e+01,2.581266666666666652e+02,2.511226053639846327e+02,2.778160919540229656e+02
5.572715572715572563e+01,2.581879021879021252e+02,2.516909090909090878e+02,2.785010101010100811e+02
5.568019680196801602e+01,2.579987699876998590e+02,2.516909090909090878e+02,2.785010101010100811e+02
5.554724409448819245e+01,2.576259842519685321e+02,2.528882466281310144e+02,2.791483622350673954e+02
5.522692307692307878e+01,2.570307692307692378e+02,2.536235294117647072e+02,2.796000000000000227e+02
5.507804232804232214e+01,2.565238095238095184e+02,2.536949494949494692e+02,2.797434343434343305e+02
5.519119496855345375e+01,2.563295597484276414e+02,2.540819047619047240e+02,2.803295238095237778e+02
5.488888888888888573e+01,2.556117804551539336e+02,2.546895238095237914e+02,2.806495238095237710e+02
5.511286089238844710e+01,2.554842519685039406e+02,2.552188755020079896e+02,2.808755020080320719e+02
5.514666666666666117e+01,2.554293333333333180e+02,2.553612662942271641e+02,2.812439478584730068e+02
5.510566037735848965e+01,2.548264150943396089e+02,2.558681732580037647e+02,2.816723163841808173e+02
5.507452574525744637e+01,2.541720867208671848e+02,2.560984848484848158e+02,2.820568181818181870e+02
5.532138114209826796e+01,2.539428950863213856e+02,2.562874251497005957e+02,2.822614770459081797e+02
5.547222222222221433e+01,2.534763888888888630e+02,2.568003766478342413e+02,2.825348399246703934e+02
5.528832630098452228e+01,2.529353023909985723e+02,2.567996453900709071e+02,2.827872340425531661e+02
5.531205673758864805e+01,2.529858156028368796e+02,2.574074074074073906e+02,2.832666666666666515e+02
5.570370370370370239e+01,2.525977011494252906e+02,2.577905282331511785e+02,2.836575591985427991e+02
5.578526841448189799e+01,2.524444444444444002e+02,2.581455938697317833e+02,2.839118773946360079e+02
5.577338603425559427e+01,2.515283267457180330e+02,2.579963369963369928e+02,2.840494505494505688e+02
5.592803030303030454e+01,2.516047979797979508e+02,2.585942857142857179e+02,2.843295238095237778e+02
5.612661498708010299e+01,2.510155038759689887e+02,2.586107899807321360e+02,2.843969171483622063e+02
5.635294117647058698e+01,2.505333333333333314e+02,2.593870370370370324e+02,2.851666666666666856e+02
5.648005148005147191e+01,2.500643500643500658e+02,2.595360623781676281e+02,2.853586744639375752e+02
5.680314960629921472e+01,2.488005249343831906e+02,2.602803030303030027e+02,2.856704545454545610e+02
5.693599999999999994e+01,2.491893333333333089e+02,2.604647619047618718e+02,2.858476190476190482e+02
5.725000000000000000e+01,2.486161616161615768e+02,2.604647619047618718e+02,2.858476190476190482e+02
5.769696969696969546e+01,2.476994949494949481e+02,2.615018518518518249e+02,2.865296296296295964e+02
5.794702842377260765e+01,2.475801033591731084e+02,2.615018518518518249e+02,2.865296296296295964e+02
5.828515625000000000e+01,2.469752604166666572e+02,2.623201506591336738e+02,2.872919020715630722e+02
5.837037037037036669e+01,2.466743295019157074e+02,2.626741573033708050e+02,2.876273408239700302e+02
5.872883597883597417e+01,2.463068783068782750e+02,2.626818181818181870e+02,2.875946969696969404e+02
5.870414993306559381e+01,2.462838018741633164e+02,2.639249084249083808e+02,2.880549450549450512e+02
5.934090909090909349e+01,2.457588383838383663e+02,2.639696969696969404e+02,2.880570409982174738e+02
6.004471544715447351e+01,2.448536585365853568e+02,2.645478927203064927e+02,2.885574712643677913e+02
6.033050847457626986e+01,2.447909604519773836e+02,2.652290502793296127e+02,2.887746741154562073e+02
6.032907801418438964e+01,2.447744680851063777e+02,2.653888888888888573e+02,2.887598566308243448e+02
6.054557291666666430e+01,2.446171875000000000e+02,2.659166666666666288e+02,2.889609929078014261e+02
6.070182291666666430e+01,2.445182291666666572e+02,2.659668411867364739e+02,2.891867364746945555e+02
6.149934123847167200e+01,2.436982872200263444e+02,2.672023121387283027e+02,2.899961464354527720e+02
6.121621621621621756e+01,2.439871299871299755e+02,2.674681238615664824e+02,2.902440801457194652e+02
6.126115485564304208e+01,2.441299212598425186e+02,2.673117117117117232e+02,2.901819819819819486e+02
6.204802259887004823e+01,2.439618644067796538e+02,2.683048128342246059e+02,2.908484848484848158e+02
6.219187675070027410e+01,2.439481792717086819e+02,2.686969696969696884e+02,2.911534090909090651e+02
6.284120171673819755e+01,2.436366237482117185e+02,2.689799635701274951e+02,2.913151183970855982e+02
6.267647058823529704e+01,2.437955182072828961e+02,2.697297297297297405e+02,2.919909909909909516e+02
6.324462365591397628e+01,2.437620967741935374e+02,2.696574585635358972e+02,2.920239410681399477e+02
6.286962365591397628e+01,2.438145161290322562e+02,2.699912280701753957e+02,2.922421052631578959e+02
6.319183673469387941e+01,2.440163265306122469e+02,2.699912280701753957e+02,2.922421052631578959e+02
6.327566807313642272e+01,2.441603375527426181e+02,2.715325443786982191e+02,2.931104536489151542e+02
6.375177304964538649e+01,2.440723404255319053e+02,2.719941176470588289e+02,2.931745098039215804e+02
6.375177304964538649e+01,2.440723404255319053e+02,2.719941176470588289e+02,2.931745098039215804e+02
6.434270414993305565e+01,2.441218206157965085e+02,2.726831501831501328e+02,2.933516483516483504e+02
6.444444444444444287e+01,2.441574074074073906e+02,2.727777777777777715e+02,2.933229166666666856e+02
6.464754098360656087e+01,2.440969945355191157e+02,2.732518115942028771e+02,2.932445652173913118e+02
6.527466666666666129e+01,2.441160000000000139e+02,2.740514285714285734e+02,2.933447619047618673e+02
6.520430107526881613e+01,2.441438172043010582e+02,2.742018518518518135e+02,2.934055555555555657e+02
6.513253012048193114e+01,2.441459170013386597e+02,2.747883895131085978e+02,2.933483146067415532e+02
6.544687045123725966e+01,2.443493449781659308e+02,2.750907407407407277e+02,2.934055555555555657e+02
6.580952380952381020e+01,2.442997198879551490e+02,2.766607843137254577e+02,2.938333333333333144e+02
6.584202898550724115e+01,2.443202898550724456e+02,2.773151515151515127e+02,2.937373737373737299e+02
6.631159420289854722e+01,2.444507246376811622e+02,2.777159763313609346e+02,2.935936883629191243e+02
6.650854700854701207e+01,2.444216524216524249e+02,2.781984126984126533e+02,2.933829365079365061e+02
6.642672413793103203e+01,2.444468390804597675e+02,2.790666666666666629e+02,2.933373737373736958e+02
6.721002710027099170e+01,2.447127371273712413e+02,2.795185185185184764e+02,2.932085769980506598e+02
6.676993464052287663e+01,2.446418300653594713e+02,2.801183431952662772e+02,2.930571992110453721e+02
6.692679738562091529e+01,2.446888888888888687e+02,2.807810650887573729e+02,2.930749506903352994e+02
6.692679738562091529e+01,2.446888888888888687e+02,2.808212851405622246e+02,2.925321285140561827e+02
6.743873517786560967e+01,2.447852437417654698e+02,nan,nan
6.832478632478633074e+01,2.448091168091168015e+02,2.815766871165644147e+02,2.923640081799590575e+02
6.852801120448178551e+01,2.449719887955182003e+02,nan,nan
6.836527777777776294e+01,2.449513888888888573e+02,2.824355828220859053e+02,2.921288343558282463e+02
6.841036414565826362e+01,2.448711484593837326e+02,2.827159763313609346e+02,2.920295857988165835e+02
6.855322128851540242e+01,2.451288515406162389e+02,2.829479768786127352e+02,2.918747591522157450e+02
6.904252400548696755e+01,2.450932784636488293e+02,2.832695473251028488e+02,2.918786008230452467e+02
6.860240963855422081e+01,2.451726907630522021e+02,2.835041152263374329e+02,2.918168724279835260e+02
6.902162849872772199e+01,2.455623409669211128e+02,2.835041152263374329e+02,2.918168724279835260e+02
6.880468750000000000e+01,2.452447916666666572e+02,2.835041152263374329e+02,2.918168724279835260e+02
6.892857142857143060e+01,2.453201058201058231e+02,nan,nan
6.907024265644955108e+01,2.454189016602809659e+02,2.836417624521072867e+02,2.914214559386973065e+02
6.925911458333332860e+01,2.455651041666666572e+02,2.839942196531791865e+02,2.913583815028901540e+02
6.915082382762990676e+01,2.455982256020278669e+02,2.839942196531791865e+02,2.913583815028901540e+02
6.934111543450063664e+01,2.455525291828793684e+02,2.844321705426356175e+02,2.910542635658914605e+02
6.992230576441102130e+01,2.460037593984962427e+02,2.844321705426356175e+02,2.910542635658914605e+02
6.985254027261461829e+01,2.460557620817843940e+02,2.849243353783231214e+02,2.910040899795500877e+02
7.014267185473410393e+01,2.462360570687418715e+02,2.849745098039215350e+02,2.907705882352940989e+02
7.013178294573643257e+01,2.461912144702842227e+02,2.849745098039215350e+02,2.907705882352940989e+02
7.036588541666665719e+01,2.463307291666666572e+02,nan,nan
7.063591635916358769e+01,2.465965559655596167e+02,2.859196787148594012e+02,2.907228915662650479e+02
7.073185731857317649e+01,2.465977859778597860e+02,nan,nan
7.079779411764705799e+01,2.466262254901960489e+02,2.865687382297551835e+02,2.898813559322034052e+02
7.096144278606963951e+01,2.468084577114427418e+02,nan,nan
7.087576875768756679e+01,2.467527675276752746e+02,2.878888888888889142e+02,2.892183235867445887e+02
7.116165413533835249e+01,2.469060150375939884e+02,nan,nan
7.135213032581452808e+01,2.470200501253132757e+02,2.887290448343079561e+02,2.886393762183235481e+02
7.117676767676766758e+01,2.469520202020201793e+02,2.898754578754578688e+02,2.881336996336996208e+02
7.127547169811320771e+01,2.469735849056603740e+02,2.896746506986027612e+02,2.883313373253492955e+02
7.121153846153846700e+01,2.469307692307692434e+02,2.910497237569060758e+02,2.879779005524861759e+02
7.163647798742137240e+01,2.472226415094339700e+02,2.910497237569060758e+02,2.879779005524861759e+02
7.147117794486214848e+01,2.470664160401002221e+02,2.915084745762711691e+02,2.876007532956685395e+02
7.190849673202613701e+01,2.474836601307189312e+02,2.921186440677965948e+02,2.874048964218455353e+02
7.197146562905317069e+01,2.475460440985732760e+02,2.920411985018726568e+02,2.873820224719100906e+02
7.222651222651221303e+01,2.477310167310167230e+02,2.923485714285714039e+02,2.873295238095237778e+02
7.210899873257287140e+01,2.475830164765525865e+02,2.923485714285714039e+02,2.873295238095237778e+02
7.211489898989898961e+01,2.476994949494949481e+02,2.937737373737373332e+02,2.866383838383837883e+02
7.245006485084304870e+01,2.480324254215304620e+02,2.942007797270954939e+02,2.866218323586744532e+02
7.242377260981911036e+01,2.479948320413436704e+02,2.962333333333332916e+02,2.860823529411764525e+02
7.264202334630350322e+01,2.481712062256809475e+02,2.963892215568862412e+02,2.865409181636726430e+02
7.267300380228137158e+01,2.482851711026615931e+02,2.965403726708074714e+02,2.865403726708074714e+02
7.274059139784945671e+01,2.484892473118279383e+02,2.962911646586345000e+02,2.864919678714859401e+02
7.282872200263503260e+01,2.485507246376811281e+02,2.962110453648915041e+02,2.870118343195265993e+02
7.277908496732025867e+01,2.484993464052287493e+02,2.956784313725489710e+02,2.873215686274509721e+02
7.281864623243932044e+01,2.484955300127713826e+02,2.957222222222221717e+02,2.873551587301587347e+02
7.304497354497354422e+01,2.487089947089947088e+02,2.960684684684684385e+02,2.880630630630630549e+02
7.338529784537388423e+01,2.490519645120405414e+02,nan,nan
7.337896070975918406e+01,2.490887198986058024e+02,2.963391472868216852e+02,2.888662790697674154e+02
7.340966921119591859e+01,2.491208651399491032e+02,2.962203065134099234e+02,2.888505747126436631e+02
7.385039370078740717e+01,2.494317585301837141e+02,2.963507751937984267e+02,2.888604651162790447e+02
7.400129701686121564e+01,2.496757457846951809e+02,2.963507751937984267e+02,2.888604651162790447e+02
7.402483660130718590e+01,2.496692810457516316e+02,2.970898203592814184e+02,2.890898203592814184e+02
7.425459317585300312e+01,2.499737532808398726e+02,2.974324324324324493e+02,2.891783783783783974e+02
7.400131233595800495e+01,2.497178477690288503e+02,2.978449612403100559e+02,2.893643410852712918e+02
7.399077733860342221e+01,2.497233201581027799e+02,2.976515151515151274e+02,2.893162878787878753e+02
7.423974358974358267e+01,2.499641025641025465e+02,2.978429118773946129e+02,2.891187739463601361e+02
7.504967320261437180e+01,2.506915032679738431e+02,nan,nan
7.502257636122176621e+01,2.506759628154050290e+02,2.981247443762781018e+02,2.888098159509202674e+02
7.517716535433071101e+01,2.509173228346456597e+02,nan,nan
7.529472329472328340e+01,2.511879021879021820e+02,2.980366088631984098e+02,2.885375722543352595e+02
7.485031446540880040e+01,2.506440251572326758e+02,2.981370143149284218e+02,2.882883435582822358e+02
7.535546875000000000e+01,2.509960937500000000e+02,2.986039215686274133e+02,2.881235294117647072e+02
7.529088639200998045e+01,2.510886392009987276e+02,2.988274509803921433e+02,2.876745098039215804e+02
7.558300653594770324e+01,2.515464052287581467e+02,2.988274509803921433e+02,2.876745098039215804e+02
7.566917293233082376e+01,2.518984962406015029e+02,2.989599999999999795e+02,2.876361904761904498e+02
7.580820105820104970e+01,2.519814814814814667e+02,2.986441947565542705e+02,2.875767790262171957e+02
7.595733333333332382e+01,2.523386666666666542e+02,2.988647619047618491e+02,2.869942857142856951e+02
7.598184176394292422e+01,2.526225680933852118e+02,2.991849710982659190e+02,2.870578034682080784e+02
7.607777777777776862e+01,2.528611111111111143e+02,2.991556886227544965e+02,2.871497005988023830e+02
7.615924426450742146e+01,2.525303643724696485e+02,2.991556886227544965e+02,2.871497005988023830e+02
7.600396825396825307e+01,2.528994708994708844e+02,2.991556886227544965e+02,2.871497005988023830e+02
7.603937007874016274e+01,2.531233595800524654e+02,2.996174242424242493e+02,2.868825757575757507e+02
7.613200000000000500e+01,2.536626666666666665e+02,3.003254901960784196e+02,2.868372549019607618e+02
7.608969210174028319e+01,2.536599732262382645e+02,3.004302325581395507e+02,2.868624031007751682e+02
7.611065006915627862e+01,2.538644536652835200e+02,3.005367231638418275e+02,2.869830508474576050e+02
7.616946778711484001e+01,2.540868347338935394e+02,3.002162698412698205e+02,2.872599206349206042e+02
7.612222222222222001e+01,2.542208333333333314e+02,2.998843930635838433e+02,2.872716763005780081e+02
7.613281250000000000e+01,2.541627604166666572e+02,3.000301418439715917e+02,2.872570921985815176e+02
7.613281250000000000e+01,2.541627604166666572e+02,3.002481884057970660e+02,2.872844202898550634e+02
7.617004048582995779e+01,2.549284750337381809e+02,3.010574074074073678e+02,2.871999999999999886e+02
7.614624505928853182e+01,2.546139657444005024e+02,3.010574074074073678e+02,2.871999999999999886e+02
7.622176870748299393e+01,2.550462585034013330e+02,3.021090909090909236e+02,2.869757575757575978e+02
7.624180327868852203e+01,2.550245901639344197e+02,3.028023952095808227e+02,2.868243512974052010e+02
7.613956639566394813e+01,2.553333333333333428e+02,3.030708812260535865e+02,2.867816091954023250e+02
7.611063829787234170e+01,2.552269503546098974e+02,3.034636871508379841e+02,2.865083798882681663e+02
7.605962059620594573e+01,2.554146341463414558e+02,3.034134078212290433e+02,2.865363128491620159e+02
7.590397805212619176e+01,2.558779149519889984e+02,3.026092592592592609e+02,2.866462962962962706e+02
7.574380165289255729e+01,2.565482093663911769e+02,3.028237547892720158e+02,2.870287356321838956e+02
7.558687258687258748e+01,2.564723294723294771e+02,3.028598484848484418e+02,2.870795454545454390e+02
7.545074224021591647e+01,2.565263157894736992e+02,3.024108108108108013e+02,2.871369369369369338e+02
7.559948320413435852e+01,2.559974160206718068e+02,3.025139664804469248e+02,2.871936685288640660e+02
7.525167336010709107e+01,2.567670682730923772e+02,3.038531746031745797e+02,2.877500000000000000e+02
7.524479166666665719e+01,2.566315104166666288e+02,3.044564393939393767e+02,2.877556818181818130e+02
7.515608465608464428e+01,2.566719576719576708e+02,3.049437984496123590e+02,2.878468992248061795e+02
7.487435897435896948e+01,2.568935897435897004e+02,3.053062015503875841e+02,2.879379844961239883e+02
7.499358974358973740e+01,2.566807692307692150e+02,3.058150183150182784e+02,2.880402930402930224e+02
7.466406250000000000e+01,2.568919270833333144e+02,3.050421245421245544e+02,2.879358974358974024e+02
7.466416978776528879e+01,2.567378277153558201e+02,3.043699825479930041e+02,2.879738219895288012e+02
7.444528301886792576e+01,2.568930817610062718e+02,3.048324420677361672e+02,2.884795008912655589e+02
7.409887005649717651e+01,2.570197740112994325e+02,3.048324420677361672e+02,2.884795008912655589e+02
7.412790697674418539e+01,2.569147286821705620e+02,3.052383612662941914e+02,2.891322160148975513e+02
7.294305555555554577e+01,2.575263888888888459e+02,3.051325536062378205e+02,2.891851851851851620e+02
7.288756613756612524e+01,2.573756613756613660e+02,3.052071005917159709e+02,2.892800788954634754e+02
7.243413978494622540e+01,2.573629032258064626e+02,3.052071005917159709e+02,2.892800788954634754e+02
7.252610441767068039e+01,2.571244979919678713e+02,3.052071005917159709e+02,2.892800788954634754e+02
7.227506775067749345e+01,2.569945799457994440e+02,3.052071005917159709e+02,2.892800788954634754e+02
7.191020408163265643e+01,2.569061224489796018e+02,3.048081936685288724e+02,2.891322160148975513e+02
7.122086720867207532e+01,2.566924119241191988e+02,3.045814814814814895e+02,2.889092592592592723e+02
7.122793148880104752e+01,2.566126482213438749e+02,3.045511363636363740e+02,2.888541666666666288e+02
7.074722222222222001e+01,2.564347222222222058e+02,3.040074906367041194e+02,2.888558052434456727e+02
7.067090395480225595e+01,2.561836158192090238e+02,3.040074906367041194e+02,2.888558052434456727e+02
7.066522988505747094e+01,2.559209770114942444e+02,3.037126436781609300e+02,2.890727969348658917e+02
7.033611111111109437e+01,2.558152777777777658e+02,3.038782435129740520e+02,2.893413173652694468e+02
6.991944444444443718e+01,2.553208333333333258e+02,3.040459770114942444e+02,2.893831417624521123e+02
6.978911564625849451e+01,2.547836734693877645e+02,3.039078431372548721e+02,2.893450980392156566e+02
7.008333333333332860e+01,2.548796296296296191e+02,3.039490196078431268e+02,2.893862745098039113e+02
6.960978835978835377e+01,2.544232804232804028e+02,3.047242582897033003e+02,2.929965095986038364e+02
6.950863213811419428e+01,2.540438247011952058e+02,3.072185792349726512e+02,2.970837887067394831e+02
6.913788487282462825e+01,2.533694779116465838e+02,3.071988950276243031e+02,2.962523020257826829e+02
6.900826446280991888e+01,2.531129476584021916e+02,3.084696132596685061e+02,2.938324125230202526e+02
6.892506459948319275e+01,2.526472868217054213e+02,3.088759689922480334e+02,2.920852713178294380e+02
6.926070038910505389e+01,2.528741893644617278e+02,3.087313725490195679e+02,2.909705882352941444e+02
6.894598155467720346e+01,2.523096179183135632e+02,3.088992248062015165e+02,2.895852713178294380e+02
6.864025157232703123e+01,2.517182389937106848e+02,3.092023121387283027e+02,2.885433526011560730e+02
6.848106060606060908e+01,2.511439393939394051e+02,3.097969348659003685e+02,2.875727969348658917e+02
6.826585695006747301e+01,2.503468286099864883e+02,3.094905303030302548e+02,2.868882575757575637e+02
6.797580645161289681e+01,2.497043010752688019e+02,3.095449438202247165e+02,2.849606741573033446e+02
6.790920881971464951e+01,2.491284046692607035e+02,3.092705061082024258e+02,2.835671902268760505e+02
6.775538656527248804e+01,2.485969581749049553e+02,3.091047619047618582e+02,2.819238095238094957e+02
6.764814814814813815e+01,2.479735449735449606e+02,3.071509803921568391e+02,2.781019607843136896e+02
6.731586021505376038e+01,2.469462365591397770e+02,3.057178030303030027e+02,2.744356060606060623e+02
6.720077220077220659e+01,2.466473616473616346e+02,3.043370370370370210e+02,2.718592592592592609e+02
6.712431693989070425e+01,2.455587431693988947e+02,3.030262172284644180e+02,2.700711610486891345e+02
6.723456790123456983e+01,2.453909465020576022e+02,3.021522157996146234e+02,2.686763005780346703e+02
6.716666666666665719e+01,2.441473829201101751e+02,3.012366863905325545e+02,2.672426035502958825e+02
6.737500000000000000e+01,2.435104166666666572e+02,3.005776397515527947e+02,2.657763975155279468e+02
6.748728813559321793e+01,2.423446327683615493e+02,3.001499013806705989e+02,2.652603550295858099e+02
6.771763085399447846e+01,2.420275482093663868e+02,2.999312169312169090e+02,2.650105820105820271e+02
6.799319727891156617e+01,2.414965986394557831e+02,2.996096256684492118e+02,2.643529411764706083e+02
6.826218708827404669e+01,2.407786561264822183e+02,2.994438405797101268e+02,2.639365942028985046e+02
6.855284552845527912e+01,2.400907859078590718e+02,2.994184397163120366e+02,2.637801418439715917e+02
6.878961748633878415e+01,2.392595628415300268e+02,2.991539855072463752e+02,2.620724637681159379e+02
6.914845938375349021e+01,2.386694677871148258e+02,2.991395348837209553e+02,2.619379844961239883e+02
6.925356125356124437e+01,2.384159544159543884e+02,2.991428571428571672e+02,2.617936507936507837e+02
6.926287262872627082e+01,2.385298102981029729e+02,2.990842696629213719e+02,2.612322097378277022e+02
6.917199999999999704e+01,2.386573333333333267e+02,2.990285204991087085e+02,2.612566844919786035e+02
6.995744680851063890e+01,2.370042553191489390e+02,2.989259259259259238e+02,2.603629629629629108e+02
7.022088353413654715e+01,2.365582329317269057e+02,2.989190751445086676e+02,2.599364161849711081e+02
7.056521739130434412e+01,2.363438735177865624e+02,2.989136546184738563e+02,2.596586345381525689e+02
7.087394957983192967e+01,2.355924369747899050e+02,2.989202453987730337e+02,2.595337423312883516e+02
7.114861111111109437e+01,2.350513888888888800e+02,2.990587121212120678e+02,2.589393939393939377e+02
7.147375886524822874e+01,2.342595744680851055e+02,2.991481481481481524e+02,2.583065843621399154e+02
7.172814207650272067e+01,2.341693989071038118e+02,2.993801169590643099e+02,2.580994152046783370e+02
7.217886178861787982e+01,2.333563685636856349e+02,2.993801169590643099e+02,2.580994152046783370e+02
7.218533333333333246e+01,2.329279999999999973e+02,2.995819521178636933e+02,2.581823204419889635e+02
7.294350282485874004e+01,2.316341807909604427e+02,2.995819521178636933e+02,2.581823204419889635e+02
7.314205344585090529e+01,2.309929676511954710e+02,2.999693693693693604e+02,2.583297297297297064e+02
7.367782426778242666e+01,2.299372384937238394e+02,3.001161048689138511e+02,2.581142322097377928e+02
7.398238482384823556e+01,2.291842818428184216e+02,3.001161048689138511e+02,2.581142322097377928e+02
7.451175656984784723e+01,2.279834024896265419e+02,3.003954802259887060e+02,2.584237288135593076e+02
7.467607526881720048e+01,2.276397849462365457e+02,3.003754578754578688e+02,2.587454212454212552e+02
7.515277777777777146e+01,2.266805555555555429e+02,3.005220883534136647e+02,2.581425702811245060e+02
7.561612021857922628e+01,2.257759562841529828e+02,nan,nan
7.613418079096044266e+01,2.247853107344632519e+02,nan,nan
7.624625850340135003e+01,2.243591836734693743e+02,nan,nan
7.632399999999999807e+01,2.241133333333333155e+02,nan,nan
7.664183006535947129e+01,2.235019607843137237e+02,3.004235294117647186e+02,2.581588235294117908e+02
7.718381344307269387e+01,2.223155006858710578e+02,3.004708097928436814e+02,2.585781544256120128e+02
7.768924302788845182e+01,2.212509960159362663e+02,3.004288499025340684e+02,2.582202729044834086e+02
7.798007968127490130e+01,2.205657370517928371e+02,3.004602272727272521e+02,2.585113636363636260e+02
7.844921316165950032e+01,2.197725321888412111e+02,3.004708097928436814e+02,2.585781544256120128e+02
7.876977401129941825e+01,2.190409604519773836e+02,3.004438202247191043e+02,2.581048689138576719e+02
7.878052126200273619e+01,2.187873799725651338e+02,3.004615384615384528e+02,2.582490842490842056e+02
7.927966101694914869e+01,2.178658192090395289e+02,3.005337301587301226e+02,2.582420634920634939e+02
7.983893557422968001e+01,2.168921568627450824e+02,3.005337301587301226e+02,2.582420634920634939e+02
7.992076502732238907e+01,2.165314207650273204e+02,3.005996055226823955e+02,2.581952662721893716e+02
8.010189228529839056e+01,2.159650655021833927e+02,nan,nan
8.044897959183673208e+01,2.152612244897959215e+02,nan,nan
8.077506775067749345e+01,2.145067750677506808e+02,nan,nan
8.078848728246317989e+01,2.142931726907630434e+02,nan,nan
8.157959183673469283e+01,2.128530612244898066e+02,nan,nan
8.198132183908045079e+01,2.120718390804597675e+02,3.012183235867445887e+02,2.579941520467836540e+02
8.182240437158469604e+01,2.119439890710382315e+02,3.012854406130268217e+02,2.581647509578543804e+02
8.218157181571814363e+01,2.114159891598915806e+02,3.013429118773946129e+02,2.581187739463601361e+02
8.254256854256853160e+01,2.106666666666666572e+02,3.012596899224806180e+02,2.582248062015503933e+02
8.253835425383542201e+01,2.103263598326359727e+02,3.014176245210728098e+02,2.582547892720306209e+02
8.290476190476189799e+01,2.091064425770308048e+02,3.017635658914728651e+02,2.581763565891472467e+02
8.333617021276596404e+01,2.084936170212766058e+02,3.017168458781361551e+02,2.584910394265232867e+02
8.356582633053220377e+01,2.076834733893557257e+02,3.017168458781361551e+02,2.584910394265232867e+02
8.370370370370369528e+01,2.071082621082620960e+02,3.017168458781361551e+02,2.584910394265232867e+02
8.391919191919191690e+01,2.061471861471861473e+02,3.017083333333333144e+02,2.583659420289855007e+02
8.386885245901639507e+01,2.057076502732240328e+02,3.018464419475655518e+02,2.584812734082397014e+02
8.390896921017402121e+01,2.055046854082998493e+02,3.018603351955307517e+02,2.585977653631284738e+02
8.411739130434781941e+01,2.047478260869565077e+02,3.018773946360153104e+02,2.586455938697317833e+02
8.404463040446303523e+01,2.043082287308228615e+02,3.018362573099415158e+02,2.585321637426900452e+02
8.411533052039381175e+01,2.033825597749648182e+02,3.018362573099415158e+02,2.585321637426900452e+02
8.422408963585434094e+01,2.031064425770308048e+02,nan,nan
8.432886904761903679e+01,2.025133928571428612e+02,3.013948412698412653e+02,2.587956349206348818e+02
8.438348082595868505e+01,2.023775811209439439e+02,3.014156378600822563e+02,2.588847736625514244e+02
8.438011695906430987e+01,2.016578947368421098e+02,3.008742857142856906e+02,2.592742857142857247e+02
8.435123966942148854e+01,2.011542699724517718e+02,3.004941176470588289e+02,2.589019607843137010e+02
8.449705014749261522e+01,2.003982300884955805e+02,3.005060240963855449e+02,2.588534136546184641e+02
8.447175141242937002e+01,1.999039548022598751e+02,3.004391217564869976e+02,2.588982035928143546e+02
8.447796143250687351e+01,2.001363636363636260e+02,3.004391217564869976e+02,2.588982035928143546e+02
8.453112033195020558e+01,1.992738589211618319e+02,3.004391217564869976e+02,2.588982035928143546e+02
8.458736559139784106e+01,1.993279569892472978e+02,3.004391217564869976e+02,2.588982035928143546e+02
8.455052790346907443e+01,1.977043740573152206e+02,3.004537037037036953e+02,2.588037037037037180e+02
8.456399437412095210e+01,1.974331926863572448e+02,3.005383141762451942e+02,2.589176245210728098e+02
8.459432624113473764e+01,1.975177304964538791e+02,3.005503875968992133e+02,2.588352713178294380e+02
8.481932773109244295e+01,1.971988795518207098e+02,3.004864341085271349e+02,2.590019379844961236e+02
8.485537190082644088e+01,1.972947658402203785e+02,3.004874759152215802e+02,2.583410404624277703e+02
8.468413391557494663e+01,1.960858806404657741e+02,3.007692307692307736e+02,2.584260355029585980e+02
8.465416666666666856e+01,1.954916666666666742e+02,3.008284023668638838e+02,2.586745562130177518e+02
8.475988700564971623e+01,1.952810734463276674e+02,3.008363636363636147e+02,2.584606060606060396e+02
8.482051282051281760e+01,1.953262108262107972e+02,3.008363636363636147e+02,2.584606060606060396e+02
8.488663967611336147e+01,1.946464237516869105e+02,3.010981595092024463e+02,2.583067484662576589e+02
8.489861111111109437e+01,1.943347222222222115e+02,3.011051587301587347e+02,2.582123015873015675e+02
8.490557939914162944e+01,1.936509298998569193e+02,3.011587301587301226e+02,2.581944444444444571e+02
8.498186889818687462e+01,1.934769874476987468e+02,3.012453987730061158e+02,2.583946830265848575e+02
8.491367861885790091e+01,1.929628154050464843e+02,nan,nan
8.492317708333332860e+01,1.927239583333333144e+02,nan,nan
8.492056737588652027e+01,1.907943262411347405e+02,nan,nan
8.491428571428571104e+01,1.905374149659863861e+02,3.013354037267080798e+02,2.588322981366459885e+02
8.503452855245683395e+01,1.905883134130145891e+02,3.013354037267080798e+02,2.588322981366459885e+02
8.487603305785124519e+01,1.895550964187327736e+02,3.013619631901840421e+02,2.589202453987730337e+02
8.487391304347825383e+01,1.892057971014492637e+02,3.013878787878787762e+02,2.590181818181818016e+02
8.493412384716731367e+01,1.888287220026350326e+02,3.012459349593495403e+02,2.589593495934959151e+02
8.494225721784776795e+01,1.885564304461942129e+02,3.012730923694778653e+02,2.590200803212850929e+02
8.491228070175438347e+01,1.878987854251012095e+02,3.012730923694778653e+02,2.590200803212850929e+02
8.490833333333333144e+01,1.869652777777777715e+02,3.012181069958847388e+02,2.590205761316872213e+02
8.499186991869918018e+01,1.862113821138211449e+02,3.012888888888888914e+02,2.588646464646464551e+02
8.498231292517006352e+01,1.854517006802720971e+02,3.013105590062111787e+02,2.584099378881987832e+02
8.488515406162464672e+01,1.849803921568627345e+02,3.013251028806584486e+02,2.583662551440328912e+02
8.498902606310012686e+01,1.844101508916323553e+02,3.014056224899597964e+02,2.587550200803212306e+02
8.505599999999999739e+01,1.839533333333333189e+02,3.014305555555555429e+02,2.588412698412698205e+02
8.505932203389831159e+01,1.831440677966101589e+02,3.021081081081081265e+02,2.586972972972973253e+02
8.536351165980795486e+01,1.822551440329218053e+02,3.021503623188405641e+02,2.583623188405796895e+02
8.549035812672175894e+01,1.816955922865013520e+02,3.021604278074866556e+02,2.585347593582887953e+02
8.558644536652835200e+01,1.815394190871369346e+02,3.021604278074866556e+02,2.585347593582887953e+02
8.558974358974357699e+01,1.810647773279352180e+02,3.021604278074866556e+02,2.585347593582887953e+02
8.569531250000000000e+01,1.806731770833333144e+02,3.023169398907103869e+02,2.584480874316939776e+02
8.604323570432356405e+01,1.793138075313807462e+02,3.024853801169590497e+02,2.590214424951266778e+02
8.601349527665315975e+01,1.795344129554655979e+02,3.025309381237524917e+02,2.587904191616766525e+02
8.605850340136053944e+01,1.794244897959183618e+02,3.025309381237524917e+02,2.587904191616766525e+02
8.635694444444443718e+01,1.781347222222221944e+02,3.025309381237524917e+02,2.587904191616766525e+02
8.609344490934448402e+01,1.786066945606694674e+02,3.025089820359281703e+02,2.591137724550898156e+02
8.629957805907173451e+01,1.775021097046413558e+02,3.026388888888888573e+02,2.590257936507936165e+02
8.656586021505376038e+01,1.769327956989247070e+02,3.025644171779140947e+02,2.588261758691206182e+02
8.660557768924303446e+01,1.766533864541832770e+02,3.025828220858895747e+02,2.586134969325153179e+02
8.667078189300411850e+01,1.760164609053497884e+02,3.025813953488371908e+02,2.582984496124030898e+02
8.667755102040815984e+01,1.757523809523809462e+02,3.026147704590817966e+02,2.581077844311377021e+02
8.676558265582654883e+01,1.750907859078590718e+02,3.026107784431137588e+02,2.582095808383233475e+02
8.686202185792349439e+01,1.744740437158469888e+02,3.026016260162601270e+02,2.581544715447154204e+02
8.685109289617484762e+01,1.747035519125682868e+02,3.026016260162601270e+02,2.581544715447154204e+02
8.685185185185184764e+01,1.742469135802469111e+02,3.026016260162601270e+02,2.581544715447154204e+02
8.695564516129032029e+01,1.737688172043010582e+02,3.026016260162601270e+02,2.581544715447154204e+02
8.676993464052287663e+01,1.734039215686274531e+02,3.024497041420118535e+02,2.577258382642997958e+02
8.688888888888888573e+01,1.728563685636856349e+02,3.023552894211576358e+02,2.573872255489021654e+02
8.685140562248996332e+01,1.728634538152610389e+02,3.023552894211576358e+02,2.573872255489021654e+02
8.701581027667984358e+01,1.726192358366271264e+02,3.023552894211576358e+02,2.573872255489021654e+02
8.695833333333332860e+01,1.720794270833333144e+02,3.023552894211576358e+02,2.573872255489021654e+02
8.714617486338796937e+01,1.713169398907103584e+02,3.021600753295668369e+02,2.570734463276835982e+02
8.717838541666665719e+01,1.707981770833333144e+02,3.020421245421245544e+02,2.568113553113552712e+02
8.711067193675889087e+01,1.707694334650856263e+02,3.019761904761904816e+02,2.568113553113552712e+02
8.732388663967611819e+01,1.699757085020243039e+02,3.019761904761904816e+02,2.568113553113552712e+02
8.729113924050632534e+01,1.697552742616033754e+02,3.020128913443830356e+02,2.567237569060773694e+02
8.737872340425532514e+01,1.690028368794326070e+02,3.019184782608695627e+02,2.561376811594202536e+02
8.732489451476793363e+01,1.689156118143459935e+02,3.018125000000000000e+02,2.560189393939393767e+02
8.724861111111110290e+01,1.688736111111111029e+02,3.018426966292134921e+02,2.561198501872659108e+02
8.728666666666666174e+01,1.684173333333333176e+02,3.017885714285714016e+02,2.562057142857142935e+02
8.737158469945353545e+01,1.682472677595628170e+02,3.017885714285714016e+02,2.560400000000000205e+02
8.761527777777776294e+01,1.670347222222222001e+02,3.016666666666666288e+02,2.555083798882681663e+02
8.730748299319726868e+01,1.674884353741496454e+02,3.016091954022988375e+02,2.551226053639846327e+02
8.730904183535761831e+01,1.675006747638326488e+02,3.016091954022988375e+02,2.552145593869731499e+02
8.759504132231404583e+01,1.669146005509641668e+02,3.016420454545454390e+02,2.552234848484848158e+02
8.751162790697674154e+01,1.663152454780361609e+02,3.016629213483146259e+02,2.551760299625467781e+02
8.776859504132231393e+01,1.648374655647382951e+02,3.018060606060606119e+02,2.550303030303030312e+02
8.772292545710266154e+01,1.646835443037974755e+02,3.018775100401606437e+02,2.548032128514055898e+02
8.796918767507001746e+01,1.637408963585434094e+02,3.018775100401606437e+02,2.548032128514055898e+02
8.777178423236514959e+01,1.640110650069156293e+02,3.018251028806584486e+02,2.548724279835390689e+02
8.782526881720428946e+01,1.634005376344085789e+02,3.016476190476190027e+02,2.543028571428571354e+02
8.791147994467495153e+01,1.619875518672199064e+02,3.015738636363636260e+02,2.538712121212120962e+02
8.785012919896639971e+01,1.621098191214470035e+02,3.019032815198618209e+02,2.548497409326424759e+02
8.794285714285713595e+01,1.613346938775510182e+02,3.013888888888888573e+02,2.542605363984673943e+02
8.780051480051479018e+01,1.614890604890604777e+02,3.010521415270018224e+02,2.542048417132215832e+02
8.780204342273307816e+01,1.609412515964239958e+02,3.011739130434782510e+02,2.544909420289854722e+02
8.785408299866129767e+01,1.598982597054886128e+02,3.009096385542168832e+02,2.538514056224899207e+02
8.801214574898784804e+01,1.587597840755735490e+02,3.006816479400748676e+02,2.538801498127340608e+02
8.798491083676267976e+01,1.585226337448559661e+02,3.005114942528735469e+02,2.539022988505747094e+02
8.787387387387387605e+01,1.582342342342342363e+02,3.002393617021276668e+02,2.537216312056737593e+02
8.800000000000000000e+01,1.573360215053763227e+02,3.003482309124767085e+02,2.536331471135940205e+02
8.818361581920903802e+01,1.563855932203389898e+02,3.000072859744990410e+02,2.534772313296903121e+02
8.818518518518519045e+01,1.554183813443072495e+02,2.998882783882783656e+02,2.534670329670329636e+02
8.810618279569891342e+01,1.552755376344085789e+02,3.000088652482269254e+02,2.536702127659574444e+02
8.825988700564971623e+01,1.546483050847457719e+02,2.995890652557318958e+02,2.534779541446207816e+02
8.831404958677686068e+01,1.539972451790633272e+02,2.993659003831417635e+02,2.529885057471264247e+02
8.821896792189679104e+01,1.539107391910739011e+02,2.988066298342541245e+02,2.523186003683240983e+02
8.840710382513660193e+01,1.527841530054644750e+02,2.988148148148147811e+02,2.523055555555555429e+02
8.856534508076357781e+01,1.517929515418502149e+02,2.988148148148147811e+02,2.523055555555555429e+02
8.832373113854593782e+01,1.525802469135802539e+02,2.986290018832391411e+02,2.520979284369114737e+02
8.865188172043009729e+01,1.509932795698924508e+02,2.985969868173257851e+02,2.520263653483992243e+02
8.893492695883132626e+01,1.498685258964143543e+02,2.980723104056437478e+02,2.515167548500881765e+02
8.900803212851405988e+01,1.495247657295849990e+02,2.980588235294117680e+02,2.514206773618538193e+02
8.910889774236387950e+01,1.491726427622841697e+02,2.980018115942028771e+02,2.511648550724637516e+02
8.930128205128204399e+01,1.484512820512820213e+02,2.979518716577539976e+02,2.507789661319072820e+02
8.960863697705802622e+01,1.475829959514169900e+02,2.979392265193370122e+02,2.510423572744014677e+02
8.995041322314050092e+01,1.465371900826446279e+02,2.975036231884058111e+02,2.504510869565217490e+02
9.005882352941176805e+01,1.461803921568627516e+02,2.972014652014651688e+02,2.500329670329670364e+02
9.034699453551911574e+01,1.455683060109289499e+02,2.971541218637992756e+02,2.499068100358422839e+02
9.045584045584044475e+01,1.448831908831908777e+02,2.970601374570446751e+02,2.494742268041237025e+02
9.047796143250687351e+01,1.444614325068870357e+02,2.971403508771929864e+02,2.495315789473684163e+02
9.079183673469387372e+01,1.437346938775510239e+02,2.961408199643493617e+02,2.484331550802139077e+02
9.107948717948717388e+01,1.432064102564102370e+02,2.961333333333333258e+02,2.485018518518518249e+02
9.126535947712417851e+01,1.428209150326797214e+02,2.961076388888888573e+02,2.485520833333333428e+02
9.112840466926070349e+01,1.423916990920881744e+02,2.959221658206429879e+02,2.483536379018612479e+02
9.192369477911645959e+01,1.410923694779116602e+02,2.957986111111110858e+02,2.483489583333333428e+02
9.239643347050754585e+01,1.400054869684499010e+02,2.950538922155688510e+02,2.479181636726546571e+02
9.256326530612244596e+01,1.396653061224489818e+02,2.943932584269662698e+02,2.475936329588014928e+02
9.272979797979796501e+01,1.391351010101010104e+02,2.938275862068965694e+02,2.471724137931034591e+02
9.296179183135704704e+01,1.387088274044795639e+02,2.939903660886319585e+02,2.474874759152215518e+02
9.360335917312660570e+01,1.375258397932816479e+02,2.935256410256409936e+02,2.476025641025640880e+02
9.397875166002654623e+01,1.366958831341301277e+02,2.927728937728937808e+02,2.474652014652014600e+02
9.416666666666665719e+01,1.362926509186351609e+02,2.926629834254143816e+02,2.474162062615100979e+02
9.430384615384615188e+01,1.360730769230769113e+02,2.926629834254143816e+02,2.474162062615100979e+02
9.459774436090225436e+01,1.356741854636591427e+02,2.918012422360248479e+02,2.472132505175983113e+02
9.476509186351705694e+01,1.351981627296587760e+02,2.903831417624521123e+02,2.475000000000000000e+02
9.538952745849296377e+01,1.344112388250319157e+02,2.902519379844961236e+02,2.475523255813953369e+02
9.568905472636815546e+01,1.341691542288557173e+02,2.901729729729729570e+02,2.476252252252252219e+02
9.602214022140221061e+01,1.338228782287822867e+02,2.901811594202898164e+02,2.476467391304347814e+02
9.738354253835424856e+01,1.326122733612273237e+02,2.892859960552268035e+02,2.476686390532544237e+02
9.772533333333332450e+01,1.321173333333333062e+02,2.890306513409961440e+02,2.476762452107279557e+02
9.828435374149658799e+01,1.315129251700680300e+02,2.883052208835341048e+02,2.476465863453815075e+02
9.807466666666665844e+01,1.316373333333333164e+02,2.882851851851851848e+02,2.476351851851851507e+02
9.865494791666665719e+01,1.312942708333333144e+02,2.878449612403100559e+02,2.476414728682170221e+02
9.908136482939632117e+01,1.307624671916010470e+02,2.866257309941520361e+02,2.473508771929824661e+02
9.908494208494208522e+01,1.307129987129987114e+02,2.864329501915708533e+02,2.473984674329501559e+02
1.001134163208851930e+02,1.299446749654218536e+02,2.856766467065868369e+02,2.469760479041916028e+02
9.993178893178892963e+01,1.300682110682110704e+02,2.857602996254681216e+02,2.468389513108614040e+02
1.007367724867724803e+02,1.295582010582010355e+02,2.855298651252408604e+02,2.467668593448940157e+02
1.007883597883597844e+02,1.292195767195767075e+02,2.853107344632768445e+02,2.467099811676082766e+02
1.010395256916996090e+02,1.289670619235836568e+02,2.843770491803278446e+02,2.463679417122039865e+02
1.013088435374149583e+02,1.287170068027210732e+02,2.836471734892787140e+02,2.462261208576997831e+02
1.019702127659574415e+02,1.285560283687943297e+02,2.838950276243093640e+02,2.461804788213627830e+02
1.024397759103641334e+02,1.283375350140055957e+02,2.833151183970855982e+02,2.461347905282331396e+02
1.025732814526588754e+02,1.280272373540855995e+02,2.830809248554913324e+02,2.457109826589595514e+02
1.032363877822045168e+02,1.277025232403718462e+02,2.830306513409961440e+02,2.456973180076628012e+02
1.035806451612903203e+02,1.274301075268817129e+02,2.821976047904191773e+02,2.454630738522953664e+02
1.042946666666666573e+02,1.272279999999999944e+02,2.818754578754578688e+02,2.453846153846153868e+02
1.048161865569272919e+02,1.269657064471879124e+02,2.816104868913857331e+02,2.453632958801497921e+02
1.052093663911845596e+02,1.269159779614325032e+02,2.811739926739926432e+02,2.448772893772893724e+02
1.052992907801418454e+02,1.269489361702127610e+02,2.808968253968253634e+02,2.447460317460317185e+02
1.054304932735425950e+02,1.266846038863975963e+02,2.798295019157087609e+02,2.445191570881225687e+02
1.057158469945355108e+02,1.268456284153005384e+02,2.797297297297297405e+02,2.442918918918918791e+02
1.051837270341207216e+02,1.268608923884514326e+02,2.795502958579881465e+02,2.440197238658776939e+02
1.059593837535013989e+02,1.267997198879551775e+02,2.792015065913370790e+02,2.438286252354048713e+02
1.057316735822959828e+02,1.266957123098201805e+02,2.784734848484848158e+02,2.435037878787878753e+02
1.069985250737463076e+02,1.270560471976401118e+02,2.780707070707070443e+02,2.432767676767676619e+02
1.066813509544787024e+02,1.271982378854625608e+02,2.774576271186440408e+02,2.427947269303201381e+02
1.060000000000000000e+02,1.271258366800535384e+02,2.773629629629629108e+02,2.426925925925925753e+02
1.054621212121212182e+02,1.269684343434343390e+02,2.774344569288389266e+02,2.427378277153557917e+02
1.057048748353096101e+02,1.270079051383399218e+02,2.764280303030302548e+02,2.423825757575757223e+02
1.060054200542005418e+02,1.277425474254742426e+02,2.755771428571428601e+02,2.422590476190475783e+02
1.059088435374149526e+02,1.279809523809523739e+02,2.752803030303030027e+02,2.419337121212120962e+02
1.056626826029216488e+02,1.280092961487383718e+02,2.748716577540106982e+02,2.417754010695187219e+02
1.055833333333333286e+02,1.280643939393939377e+02,2.743825757575757507e+02,2.413674242424242209e+02
1.058565737051792865e+02,1.289787516600265462e+02,2.737900552486187848e+02,2.411473296500920753e+02
1.057039897039897056e+02,1.289845559845559819e+02,2.729230769230769056e+02,2.407435897435897232e+02
1.057167325428194999e+02,1.293636363636363740e+02,2.728439306358381486e+02,2.407032755298651239e+02
1.056599190283400844e+02,1.296194331983805625e+02,2.721957671957671892e+02,2.405167548500881765e+02
1.056946666666666630e+02,1.299146666666666476e+02,2.712462121212120678e+02,2.403693181818181870e+02
1.057319727891156447e+02,1.305265306122448976e+02,2.699341317365269219e+02,2.397025948103792246e+02
1.054993197278911481e+02,1.302816326530612230e+02,2.690138067061143943e+02,2.393865877712031249e+02
1.053776932826362440e+02,1.305779467680608263e+02,2.684860335195530752e+02,2.391117318435754271e+02
1.054052287581699261e+02,1.310078431372548948e+02,2.675019379844961236e+02,2.385581395348837077e+02
1.053123359580052494e+02,1.312388451443569579e+02,2.669791666666666288e+02,2.382613636363636260e+02
1.051586021505376323e+02,1.312002688172042895e+02,2.658089430894308975e+02,2.379227642276422330e+02
1.048481182795698885e+02,1.310712365591397770e+02,2.643073852295408983e+02,2.374870259481037635e+02
1.047299741602067087e+02,1.310206718346253183e+02,2.633431952662721756e+02,2.370591715976331386e+02
1.043172690763052231e+02,1.314377510040160644e+02,2.622392638036809558e+02,2.367811860940695112e+02
1.041322751322751259e+02,1.318121693121692886e+02,2.617109826589595514e+02,2.366396917148362036e+02
1.037860082304526799e+02,1.320877914951988998e+02,2.604850187265917612e+02,2.363183520599250755e+02
1.034960629921259851e+02,1.321482939632545879e+02,2.594206349206348818e+02,2.359305555555555145e+02
1.032964376590330744e+02,1.321361323155216212e+02,2.587593582887700450e+02,2.356684491978609515e+02
1.028192307692307708e+02,1.328666666666666458e+02,2.571340996168582365e+02,2.352394636015325489e+02
1.026721536351165867e+02,1.328518518518518476e+02,2.558183632734530875e+02,2.345369261477045768e+02
1.021666666666666572e+02,1.333919270833333144e+02,2.547960784313725071e+02,2.342588235294117567e+02
1.015999999999999943e+02,1.337551282051281873e+02,2.532992424242424079e+02,2.337670454545454675e+02
1.013306982872200166e+02,1.336745718050065648e+02,2.522172284644194633e+02,2.334082397003745086e+02
1.009356955380577290e+02,1.338858267716535408e+02,2.510295857988165551e+02,2.332859960552268035e+02
1.003163398692810375e+02,1.340692810457516373e+02,2.499356060606060339e+02,2.329166666666666288e+02
9.932539682539682246e+01,1.343399470899470884e+02,2.488224852071005841e+02,2.326074950690335186e+02
9.829063360881542621e+01,1.347011019283746407e+02,2.478313725490195907e+02,2.321156862745097840e+02
9.786746987951806886e+01,1.346091030789825993e+02,nan,nan
9.730677290836653981e+01,1.345949535192562792e+02,2.476553030303030027e+02,2.318465909090909065e+02
9.562721088435372963e+01,1.351142857142857281e+02,2.470486891385767763e+02,2.313988764044943878e+02
9.491292517006802143e+01,1.351224489795918373e+02,2.469356060606060339e+02,2.313750000000000000e+02
9.446070460704606830e+01,1.351449864498644899e+02,2.460867052023121460e+02,2.309036608863198126e+02
9.389558232931726423e+01,1.350937081659972989e+02,2.458520599250936129e+02,2.308988764044943878e+02
9.314170040485829816e+01,1.350877192982456165e+02,2.458946360153256592e+02,2.309195402298850581e+02
9.207222222222222285e+01,1.352611111111110915e+02,2.435374531835205971e+02,2.289325842696629252e+02
9.163237311385458383e+01,1.351522633744855852e+02,2.433541666666666288e+02,2.291818181818181870e+02
9.039521800281292485e+01,1.352475386779184134e+02,2.435029239766081730e+02,2.298479532163742647e+02
8.994774011299433880e+01,1.350875706214689274e+02,2.435393939393939320e+02,2.302080808080807799e+02
8.964021164021163202e+01,1.351719576719576423e+02,2.439588477366254722e+02,2.306152263374485472e+02
8.872155287817938074e+01,1.350977242302543289e+02,2.444746376811594075e+02,2.313152173913043441e+02
8.767764060356651612e+01,1.350027434842249647e+02,2.450894308943089186e+02,2.323231707317073074e+02
8.676974564926371158e+01,1.351405622489959910e+02,2.449979296066252346e+02,2.325859213250517428e+02
8.676033057851239505e+01,1.350220385674930981e+02,2.449094650205761070e+02,2.332510288065843440e+02
8.556764295676428844e+01,1.350571827057182475e+02,2.453869731800766090e+02,2.335306513409961440e+02
8.457923497267759672e+01,1.350806010928961598e+02,2.451098265895953716e+02,2.337398843930635906e+02
8.438639455782312382e+01,1.347523809523809462e+02,2.455266272189349195e+02,2.342741617357001758e+02
8.350068587105623408e+01,1.347462277091906628e+02,2.455030303030303003e+02,2.343070707070706931e+02
8.306693440428379915e+01,1.344805890227576981e+02,2.463581780538302155e+02,2.343623188405796895e+02
8.250416666666666288e+01,1.342444444444444400e+02,2.463725490196078169e+02,2.343254901960783911e+02
8.187853107344632519e+01,1.340522598870056470e+02,nan,nan
8.120460704607044988e+01,1.338468834688346760e+02,2.465857418111752963e+02,2.330462427745664797e+02
8.025972222222222285e+01,1.335583333333333371e+02,2.469534883720930338e+02,2.320251937984495783e+02
7.969972451790633272e+01,1.335123966942148854e+02,2.470880149812734032e+02,2.313370786516854025e+02
7.931811894882433478e+01,1.332088520055324921e+02,2.472504816955683680e+02,2.313526011560693689e+02
7.853086419753086034e+01,1.329451303155006769e+02,2.469144851657940478e+02,2.307678883071553173e+02
7.806241134751772393e+01,1.326198581560283571e+02,2.466904761904761756e+02,2.305183150183149792e+02
7.770204081632653015e+01,1.324884353741496454e+02,2.460071684587813365e+02,2.298781362007168241e+02
7.713440860215052908e+01,1.322661290322580783e+02,2.456775362318840337e+02,2.296847826086956559e+02
7.700796812749004516e+01,1.321885790172642601e+02,2.455788530465949577e+02,2.298387096774193594e+02
7.673946360153256308e+01,1.319948914431672904e+02,2.453404255319148888e+02,2.300035460992907588e+02
7.565882352941176237e+01,1.314117647058823479e+02,2.447428571428571331e+02,2.301009523809523785e+02
7.582864792503346507e+01,1.315769745649263598e+02,2.445602409638554207e+02,2.304317269076305195e+02
7.517278911564625332e+01,1.311863945578231210e+02,2.446841085271317695e+02,2.307034883720930338e+02
7.432078103207808795e+01,1.307377963737796449e+02,2.446416184971098176e+02,2.306974951830443104e+02
7.443333333333332291e+01,1.304293333333333180e+02,2.414259259259259238e+02,2.309574074074073735e+02
7.443320363164720277e+01,1.303125810635538073e+02,2.378450980392156850e+02,2.303941176470588346e+02
7.344585091420533729e+01,1.287032348804500543e+02,2.377137254901960546e+02,2.313862745098039113e+02
7.353652058432933813e+01,1.289256308100929687e+02,2.375363128491620159e+02,2.319068901303537871e+02
7.348076923076922640e+01,1.287615384615384642e+02,2.375289855072463467e+02,2.324257246376811281e+02
7.336585365853657947e+01,1.281449864498644899e+02,2.372600732600732272e+02,2.326336996336996208e+02
7.342542153047989473e+01,1.282723735408560231e+02,2.363491124260355036e+02,2.330670611439842048e+02
7.271773049645389619e+01,1.266553191489361723e+02,2.370682730923694521e+02,2.338634538152610105e+02
7.283468834688346760e+01,1.268861788617886219e+02,nan,nan
7.271164021164020141e+01,1.262195767195767218e+02,2.367309236947790794e+02,2.346224899598393279e+02
7.255020080321284581e+01,1.255448460508701345e+02,2.372424242424242493e+02,2.350969696969696940e+02
7.261922141119219987e+01,1.256070559610705430e+02,2.372424242424242493e+02,2.350969696969696940e+02
7.240877914951988714e+01,1.246817558299039632e+02,2.369497991967871258e+02,2.351987951807228967e+02
7.239004149377593933e+01,1.241770401106500543e+02,2.368172690763051946e+02,2.353092369477911348e+02
7.232113821138212018e+01,1.239512195121951237e+02,2.368554913294797757e+02,2.352928709055876482e+02
7.228475033738190803e+01,1.230107962213225221e+02,2.368554913294797757e+02,2.352928709055876482e+02
7.235822959889348738e+01,1.227911479944674795e+02,2.338782435129740236e+02,2.341876247504989692e+02
7.227083333333332860e+01,1.222317708333333286e+02,2.333492063492063266e+02,2.347579365079364777e+02
7.255972222222222001e+01,1.212083333333333286e+02,2.336553672316384223e+02,2.356459510357815077e+02
7.247275031685677504e+01,1.216311787072243362e+02,2.335531135531135476e+02,2.362509157509157376e+02
7.261960784313725981e+01,1.208457516339869215e+02,2.334980158730158450e+02,2.369603174603174409e+02
7.259459459459459651e+01,1.204942084942084932e+02,2.337212475633527902e+02,2.377836257309941459e+02
7.277284946236558483e+01,1.197190860215053760e+02,2.336085271317829211e+02,2.384069767441860392e+02
7.299047619047618696e+01,1.195469387755101991e+02,2.338467432950191380e+02,2.392432950191570740e+02
7.334523809523810201e+01,1.190370370370370381e+02,2.338087121212120962e+02,2.392973484848484702e+02
7.340843214756257851e+01,1.187509881422924849e+02,2.336920077972709180e+02,2.400331384015594267e+02
7.395109395109395223e+01,1.175765765765765707e+02,2.337657142857142958e+02,2.404019047619047456e+02
7.397286821705426973e+01,1.175348837209302388e+02,2.337189922480619941e+02,2.407790697674418539e+02
7.410814249363866679e+01,1.174045801526717554e+02,2.335819209039547957e+02,2.412184557438794457e+02
7.436328125000000000e+01,1.168593750000000000e+02,2.341610486891385676e+02,2.415149812734082388e+02
7.462064676616914483e+01,1.165310945273631802e+02,2.339668508287292923e+02,2.419576427255985038e+02
7.529516539440203360e+01,1.157379134860050840e+02,2.342732240437158566e+02,2.421420765027322375e+02
7.633061224489796359e+01,1.148748299319727835e+02,nan,nan
7.642366412213741000e+01,1.148549618320610648e+02,2.341856287425149787e+02,2.427504990019959905e+02
7.687596899224806180e+01,1.144457364341085253e+02,2.341184738955823263e+02,2.427650602409638623e+02
7.731274131274130923e+01,1.140463320463320400e+02,2.341184738955823263e+02,2.427650602409638623e+02
7.793178893178892963e+01,1.135920205920205888e+02,2.346417624521072582e+02,2.431954022988505812e+02
7.870913770913769270e+01,1.131029601029600968e+02,2.347425925925925867e+02,2.437018518518518135e+02
7.908651399491093059e+01,1.127608142493638610e+02,2.352710622710622488e+02,2.441098901098901024e+02
7.934408602150537604e+01,1.125725806451612954e+02,2.353756906077348106e+02,2.441307550644567073e+02
8.032942708333332860e+01,1.119466145833333286e+02,2.343333333333333428e+02,2.447438794726930098e+02
8.063867684478371700e+01,1.118371501272264652e+02,2.341287878787878753e+02,2.448238636363636260e+02
8.141478696741853582e+01,1.113308270676691762e+02,2.336114398422090517e+02,2.453885601577909199e+02
8.235012919896639971e+01,1.107726098191214419e+02,2.337215686274509778e+02,2.455705882352941103e+02
8.317958656330749534e+01,1.105361757105943070e+02,2.335895953757225527e+02,2.455163776493255909e+02
8.355905511811023700e+01,1.103595800524934276e+02,2.338464419475655234e+02,2.456348314606741496e+02
8.401349527665315975e+01,1.101390013495276605e+02,2.339003831417624326e+02,2.456149425287356394e+02
8.522406639004150009e+01,1.095587828492392646e+02,2.332840236686390654e+02,2.463984220907297527e+02
8.561847389558232635e+01,1.094966532797858036e+02,2.334576271186440692e+02,2.466346516007532728e+02
8.672653061224490045e+01,1.092707482993197203e+02,2.334576271186440692e+02,2.466346516007532728e+02
8.721370967741935942e+01,1.090766129032258078e+02,2.334576271186440692e+02,2.466346516007532728e+02
8.786338797814207169e+01,1.089713114754098342e+02,2.334576271186440692e+02,2.466346516007532728e+02
8.899856938483546287e+01,1.084806866952789761e+02,2.330901960784313474e+02,2.468000000000000114e+02
8.955371900826446563e+01,1.083760330578512452e+02,2.328862745098039113e+02,2.468176470588235247e+02
9.003631647211413735e+01,1.083761348897535584e+02,2.328862745098039113e+02,2.468176470588235247e+02
9.148686030428768845e+01,1.080428769017980528e+02,2.327736625514403102e+02,2.468024691358024825e+02
9.126890756302520913e+01,1.079257703081232478e+02,2.324385964912280826e+02,2.467797270955165345e+02
9.211156462585033466e+01,1.075564625850340121e+02,2.322950191570880918e+02,2.468524904214559115e+02
9.339689265536722473e+01,1.075127118644067821e+02,2.320431372549019216e+02,2.468960784313725298e+02
9.441249999999999432e+01,1.073777777777777658e+02,2.320431372549019216e+02,2.468960784313725298e+02
9.479290780141843697e+01,1.071304964539007045e+02,2.320431372549019216e+02,2.468960784313725298e+02
9.509694555112881176e+01,1.070597609561752961e+02,2.319477911646586108e+02,2.468694779116465554e+02
9.656737588652481463e+01,1.069971631205673646e+02,2.321388888888888573e+02,2.470674603174603021e+02
9.756975036710718996e+01,1.066960352422907476e+02,2.319534450651769077e+02,2.474338919925511959e+02
9.828652482269502855e+01,1.067049645390070793e+02,2.319534450651769077e+02,2.474338919925511959e+02
9.847375886524822874e+01,1.065574468085106332e+02,2.319534450651769077e+02,2.474338919925511959e+02
9.972861356932152432e+01,1.063598820058997063e+02,nan,nan
1.009921752738654135e+02,1.064068857589984276e+02,2.307725490196078226e+02,2.479078431372548721e+02
1.009708879184861701e+02,1.062489082969432275e+02,2.308715083798882688e+02,2.479087523277467255e+02
1.011059972105997105e+02,1.061506276150627599e+02,2.306171428571428521e+02,2.479523809523809348e+02
1.023799725651577432e+02,1.060246913580246968e+02,2.304925093632958806e+02,2.480861423220973450e+02
1.025409836065573757e+02,1.059398907103825138e+02,2.305530303030302832e+02,2.482348484848484702e+02
1.032182061579651844e+02,1.059678714859437747e+02,2.301040462427745581e+02,2.481907514450867041e+02
1.037344398340248972e+02,1.060179806362378940e+02,2.299711934156378277e+02,2.486543209876543301e+02
1.041282051282051242e+02,1.063819163292847492e+02,2.294220907297830081e+02,2.487495069033530513e+02
1.040454545454545467e+02,1.063017676767676676e+02,2.295510597302504436e+02,2.487687861271676297e+02
1.047110266159695868e+02,1.068352344740177386e+02,2.295317919075144459e+02,2.487610789980732022e+02
1.051509186351705978e+02,1.071981627296587902e+02,2.290313725490195793e+02,2.488470588235294088e+02
1.051538461538461604e+02,1.072469635627530380e+02,2.290963391136801306e+02,2.489344894026974941e+02
1.054890604890604777e+02,1.075881595881595842e+02,2.289922027290448341e+02,2.489629629629629619e+02
1.056576923076923009e+02,1.080153846153846189e+02,2.283413654618473743e+02,2.492369477911646243e+02
1.059757343550446933e+02,1.084584929757343446e+02,2.282845528455284523e+02,2.492703252032520140e+02
1.060151515151515156e+02,1.086325757575757507e+02,2.279644970414201168e+02,2.491893491124260436e+02
1.063576248313090389e+02,1.093832658569500609e+02,2.280520231213872933e+02,2.491156069364161851e+02
1.061320261437908385e+02,1.092065359477124105e+02,2.280520231213872933e+02,2.491156069364161851e+02
1.062799479166666572e+02,1.094700520833333286e+02,2.280526315789473699e+02,2.491461988304093609e+02
1.062799479166666572e+02,1.094700520833333286e+02,2.276666666666666288e+02,2.492418699186991660e+02
1.066287581699346418e+02,1.103647058823529363e+02,nan,nan
1.067908496732026009e+02,1.108522875816993434e+02,2.273190184049079789e+02,2.493231083844580667e+02
1.067873799725651480e+02,1.114074074074074048e+02,2.270079365079364777e+02,2.494246031746031349e+02
1.066572199730094468e+02,1.106896086369770558e+02,2.270200803212851213e+02,2.494116465863453413e+02
1.065953307392996123e+02,1.114526588845654942e+02,2.269824561403508767e+02,2.495438596491227941e+02
1.067465145754119078e+02,1.117503168567807279e+02,2.262674897119341324e+02,2.495576131687242594e+02
1.065282258064516157e+02,1.122016129032258078e+02,nan,nan
1.063748378728923427e+02,1.126549935149156880e+02,nan,nan
1.064219576719576708e+02,1.126534391534391375e+02,2.257088353413654431e+02,2.495080321285140315e+02
1.062375328083989388e+02,1.129133858267716590e+02,2.258194444444444287e+02,2.494841269841269593e+02
1.063134130146082299e+02,1.139176626826029235e+02,2.248861788617885793e+02,2.496890243902439011e+02
1.062036316472114095e+02,1.139740596627756162e+02,2.248313492063491879e+02,2.496388888888888573e+02
1.059840637450199239e+02,1.143824701195219120e+02,2.247627450980392041e+02,2.496137254901960603e+02
1.059338842975206632e+02,1.150647382920110147e+02,2.247159763313609346e+02,2.494832347140039417e+02
1.057217847769028793e+02,1.154881889763779554e+02,2.243987730061349737e+02,2.494846625766871284e+02
1.055081967213114780e+02,1.155232240437158424e+02,nan,nan
1.052884353741496568e+02,1.162054421768707471e+02,2.237108433734939865e+02,2.492931726907630434e+02
1.049026666666666614e+02,1.172706666666666564e+02,nan,nan
1.047115384615384670e+02,1.171935897435897402e+02,2.235983935742971482e+02,2.491365461847389327e+02
1.045302445302445307e+02,1.176486486486486456e+02,2.235983935742971482e+02,2.491365461847389327e+02
1.039045848822800480e+02,1.182503097893432482e+02,2.233858585858585570e+02,2.491111111111110858e+02
1.035107731305449903e+02,1.187743979721165886e+02,2.232678936605316835e+02,2.491063394683026218e+02
1.032464332036316392e+02,1.189870298313878010e+02,2.231497005988023830e+02,2.490618762475049550e+02
1.026872586872586908e+02,1.195482625482625423e+02,2.229325153374233253e+02,2.490511247443762386e+02
1.025217391304347814e+02,1.196292270531400845e+02,2.227085828343313096e+02,2.490139720558881891e+02
1.020408921933085509e+02,1.200111524163568788e+02,2.224362139917695345e+02,2.490349794238682932e+02
1.013775252525252455e+02,1.206654040404040273e+02,2.226475095785440601e+02,2.489425287356321803e+02
1.012072727272727235e+02,1.208872727272727303e+02,2.226475095785440601e+02,2.489425287356321803e+02
1.007333333333333201e+02,1.210206060606060561e+02,2.223916211293260403e+02,2.488870673952640971e+02
1.007000000000000028e+02,1.210600000000000023e+02,2.221402550091074488e+02,2.488652094717668319e+02
9.967457180500657898e+01,1.219802371541502026e+02,2.217206703910614465e+02,2.487616387337057517e+02
9.909895833333332860e+01,1.223880208333333286e+02,2.221450094161958475e+02,2.487758945386063658e+02
9.911594202898550066e+01,1.223728590250329376e+02,2.222514619883041007e+02,2.492690058479532240e+02
9.851767676767676107e+01,1.227348484848484844e+02,2.223530571992110367e+02,2.492485207100591822e+02
9.769444444444444287e+01,1.234669312169312008e+02,2.223530571992110367e+02,2.492485207100591822e+02
9.691700133868808109e+01,1.239410977242302465e+02,2.213453815261043758e+02,2.492570281124497740e+02
9.652777777777777146e+01,1.242698412698412653e+02,2.214841269841269593e+02,2.493412698412698205e+02
9.629333333333332234e+01,1.243799999999999955e+02,2.215960784313725185e+02,2.493666666666666458e+02
9.589276485788113291e+01,1.246782945736434129e+02,2.215960784313725185e+02,2.493666666666666458e+02
9.531764705882352473e+01,1.251372549019607874e+02,2.213019607843137067e+02,2.494607843137254690e+02
9.460223048327137008e+01,1.255154894671623254e+02,2.204931773879142156e+02,2.495380116959064196e+02
9.488636363636364024e+01,1.253409090909090935e+02,2.200323809523809473e+02,2.496685714285714255e+02
9.454135338345864170e+01,1.255639097744360839e+02,2.200323809523809473e+02,2.496685714285714255e+02
9.378625954198473380e+01,1.260190839694656546e+02,2.199714285714285609e+02,2.496171428571428521e+02
9.342239185750635500e+01,1.263765903307888010e+02,2.196067864271456926e+02,2.493572854291417116e+02
9.254461942257216833e+01,1.270682414698162717e+02,nan,nan
9.236732026143789653e+01,1.271477124183006424e+02,2.186272189349112409e+02,2.492228796844181318e+02
9.215816993464051166e+01,1.272679738562091387e+02,2.186272189349112409e+02,2.492228796844181318e+02
9.188205128205127892e+01,1.275653846153846160e+02,2.183050847457627128e+02,2.486817325800376466e+02
9.150000000000000000e+01,1.278125000000000000e+02,2.179112426035503063e+02,2.485147928994082918e+02
9.062948207171314152e+01,1.282509960159362663e+02,2.169590643274853790e+02,2.479844054580896398e+02
9.050570342205323016e+01,1.283713561470215438e+02,2.171856060606060339e+02,2.477500000000000000e+02
9.052918287937743003e+01,1.282944228274967600e+02,2.170502793296089408e+02,2.477169459962755695e+02
9.013661202185791410e+01,1.286775956284153040e+02,2.166407407407407106e+02,2.476055555555555543e+02
8.940579710144926651e+01,1.292753623188405641e+02,2.168192090395480136e+02,2.477363465160075009e+02
8.906084656084655649e+01,1.294642857142857224e+02,2.159349112426035617e+02,2.475700197238658404e+02
8.871014492753621994e+01,1.298642951251646878e+02,2.155086705202312203e+02,2.476782273603082558e+02
8.853733333333332212e+01,1.298333333333333144e+02,2.154166666666666572e+02,2.478992248062015449e+02
8.788702928870293363e+01,1.305439330543933067e+02,2.152708333333333144e+02,2.479583333333333144e+02
8.747957839262186042e+01,1.308985507246376585e+02,2.148453038674033166e+02,2.479281767955801001e+02
8.716025641025639459e+01,1.311935897435897118e+02,2.140562015503875841e+02,2.478624031007751682e+02
8.696911196911196384e+01,1.314440154440154345e+02,2.139655172413793025e+02,2.479176245210727814e+02
8.670517928286852793e+01,1.315498007968127467e+02,2.141431261770244419e+02,2.479566854990583522e+02
8.619422572178477537e+01,1.321299212598425186e+02,2.130757575757575353e+02,2.480378787878787818e+02
8.616406250000000000e+01,1.320039062500000000e+02,2.130757575757575353e+02,2.480378787878787818e+02
8.523211875843453811e+01,1.330377867746288700e+02,2.121782945736433987e+02,2.480755813953488484e+02
8.489295392953928854e+01,1.338373983739837456e+02,2.119922480620154772e+02,2.480910852713178087e+02
8.506797385620915009e+01,1.334065359477123991e+02,2.120119760479041986e+02,2.481217564870259196e+02
8.489673202614378056e+01,1.338549019607843036e+02,2.117279693486590020e+02,2.483620689655172384e+02
8.476455026455025177e+01,1.345171957671957443e+02,2.116344696969696884e+02,2.483465909090909065e+02
8.465721997300944679e+01,1.360850202429149931e+02,nan,nan
8.448163265306122582e+01,1.360530612244897952e+02,nan,nan
8.437681159420289134e+01,1.364980237154150302e+02,nan,nan
8.444176706827309431e+01,1.365421686746987859e+02,nan,nan
8.413466666666666072e+01,1.374026666666666472e+02,nan,nan
8.402710027100269485e+01,1.382926829268292579e+02,nan,nan
8.394266666666665344e+01,1.390426666666666620e+02,nan,nan
8.390379403794037216e+01,1.395772357723577102e+02,2.098011049723756969e+02,2.486887661141804529e+02
8.388845144356955075e+01,1.394986876640419950e+02,2.094814814814814952e+02,2.486437389770723030e+02
8.383264177040109644e+01,1.404619640387275012e+02,2.094814814814814952e+02,2.486437389770723030e+02
8.372072072072070625e+01,1.397387387387387321e+02,2.082078431372548835e+02,2.484352941176470608e+02
8.379384203480587701e+01,1.409839357429718802e+02,nan,nan
8.380025940337223744e+01,1.403813229571984493e+02,2.078545454545454447e+02,2.484989898989898620e+02
8.364480874316939207e+01,1.415806010928961598e+02,2.080727272727272634e+02,2.487272727272727195e+02
8.362102351313968995e+01,1.423125864453665201e+02,2.078492063492063266e+02,2.489603174603174409e+02
8.361538461538461320e+01,1.425726495726495671e+02,2.072260536398467252e+02,2.489521072796934789e+02
8.365846994535517922e+01,1.432049180327868783e+02,2.071472868217053929e+02,2.489573643410852526e+02
8.359663865546218631e+01,1.433193277310924429e+02,2.071472868217053929e+02,2.489573643410852526e+02
8.360892388451442514e+01,1.436811023622047117e+02,2.069722222222222001e+02,2.489583333333333428e+02
8.368442622950819043e+01,1.446379781420764914e+02,2.068103792415169266e+02,2.489181636726546571e+02
8.359722222222221433e+01,1.445236111111111086e+02,2.061775147928994159e+02,2.488323471400394453e+02
8.364177040110648420e+01,1.453596127247579375e+02,2.060809248554913324e+02,2.489402697495182792e+02
8.366261808367070785e+01,1.455600539811065914e+02,2.060809248554913324e+02,2.489402697495182792e+02
8.377206851119893827e+01,1.459183135704874701e+02,2.059128787878787818e+02,2.489583333333333144e+02
8.385866666666665026e+01,1.467866666666666617e+02,2.059003831417624326e+02,2.489865900383141764e+02
8.406266666666665799e+01,1.475546666666666624e+02,2.053575757575757450e+02,2.489696969696969688e+02
8.412301587301587347e+01,1.477566137566137456e+02,2.052155688622754610e+02,2.490239520958083972e+02
8.421912350597609986e+01,1.483678618857901483e+02,2.052155688622754610e+02,2.490239520958083972e+02
8.458573388203016918e+01,1.493827160493827080e+02,2.051420118343195327e+02,2.489723865877711830e+02
8.515476190476189799e+01,1.507619047619047592e+02,2.051420118343195327e+02,2.489723865877711830e+02
8.491279887482419042e+01,1.504599156118143526e+02,2.046407185628742411e+02,2.491197604790419291e+02
8.504958677685949908e+01,1.510853994490358048e+02,2.039877300613496800e+02,2.489038854805725691e+02
8.521960784313725412e+01,1.514718954248365890e+02,2.039877300613496800e+02,2.489038854805725691e+02
8.550677506775066661e+01,1.521124661246612391e+02,2.039410569105690740e+02,2.488821138211382049e+02
8.561962365591396917e+01,1.524422043010752645e+02,2.039410569105690740e+02,2.488821138211382049e+02
8.551457541191381040e+01,1.526603295310519570e+02,nan,nan
8.573514211886303826e+01,1.531524547803617509e+02,2.028098159509202389e+02,2.486605316973414972e+02
8.579116465863454266e+01,1.535729585006693299e+02,2.028098159509202389e+02,2.486605316973414972e+02
8.601410256410255784e+01,1.539782051282051043e+02,2.027642276422763814e+02,2.486402439024390105e+02
8.652244897959184300e+01,1.549265306122449033e+02,2.024057971014492807e+02,2.485300207039337295e+02
8.665616797900261759e+01,1.552191601049868552e+02,2.018230452674897037e+02,2.484320987654321016e+02
8.686556927297667130e+01,1.559122085048011002e+02,nan,nan
8.702409638554216542e+01,1.563694779116465838e+02,2.015898989898989555e+02,2.483959595959595674e+02
8.713922356091029542e+01,1.566198125836679935e+02,2.015029940119760568e+02,2.483912175648702316e+02
8.758639455782311245e+01,1.574680272108843440e+02,2.013060428849902337e+02,2.483352826510721059e+02
8.811854951185495111e+01,1.587656903765690402e+02,2.007167630057803365e+02,2.482678227360308085e+02
8.826287262872627082e+01,1.587127371273712413e+02,2.005988023952095887e+02,2.481876247504989692e+02
8.843805874840357717e+01,1.592643678160919478e+02,2.005988023952095887e+02,2.481876247504989692e+02
8.868005354752342839e+01,1.597188755020080180e+02,2.001450094161958475e+02,2.481789077212805807e+02
8.896787148594377470e+01,1.604819277108433653e+02,2.000734463276836266e+02,2.481506591337099792e+02
8.922351421188629672e+01,1.610400516795865542e+02,1.998098159509202389e+02,2.479959100204498554e+02
8.974131274131273983e+01,1.618314028314028121e+02,1.993544061302681882e+02,2.479482758620689538e+02
8.992635658914728936e+01,1.622919896640826778e+02,1.993544061302681882e+02,2.479482758620689538e+02
9.012962962962961910e+01,1.626097883597883538e+02,1.984825581395348877e+02,2.477596899224806180e+02
9.030254350736278468e+01,1.629678714859437889e+02,1.984036144578313383e+02,2.475160642570280913e+02
9.097668038408778557e+01,1.643155006858710578e+02,1.980120481927710898e+02,2.470341365461847261e+02
9.120850480109739067e+01,1.646419753086419746e+02,1.983745098039215407e+02,2.467058823529411882e+02
9.138633193863319093e+01,1.649497907949790658e+02,1.982958579881656931e+02,2.466646942800788622e+02
9.130630630630629696e+01,1.649498069498069412e+02,1.980239410681399477e+02,2.464604051565377176e+02
9.178486055776892272e+01,1.658764940239043710e+02,1.980239410681399477e+02,2.464604051565377176e+02
9.216532258064516725e+01,1.665188172043010582e+02,1.971279069767441854e+02,2.458875968992248033e+02
9.248748353096178221e+01,1.672055335968379381e+02,1.969360465116278931e+02,2.457771317829457303e+02
9.266124661246611538e+01,1.676720867208671848e+02,1.969360465116278931e+02,2.457771317829457303e+02
9.311286089238843999e+01,1.684238845144356844e+02,1.962921568627450881e+02,2.457039215686274360e+02
9.317328042328041704e+01,1.685304232804232640e+02,1.959941860465116292e+02,2.457887596899224718e+02
9.353594771241829164e+01,1.693333333333333428e+02,1.956920077972709180e+02,2.457095516569200413e+02
9.413194444444442865e+01,1.704902777777777771e+02,1.955852713178294380e+02,2.457131782945736234e+02
9.434421768707483125e+01,1.710244897959183561e+02,1.955292929292929216e+02,2.456484848484848555e+02
9.434519104084320418e+01,1.714150197628458443e+02,1.956886227544910071e+02,2.460139720558881891e+02
9.460028860028859299e+01,1.723463203463203399e+02,1.947710843373494072e+02,2.458654618473895539e+02
9.469814020028611878e+01,1.723133047210300504e+02,1.944526515151515014e+02,2.458693181818181870e+02
9.483847283406754514e+01,1.734508076358296478e+02,1.942364990689012814e+02,2.459013035381750285e+02
9.482791327913278678e+01,1.737913279132791331e+02,1.938795180722891587e+02,2.458534136546184641e+02
9.482463186077643513e+01,1.743654618473895539e+02,1.936543209876543301e+02,2.457201646090534837e+02
9.514529914529914834e+01,1.758461538461538396e+02,1.930272904483430523e+02,2.455808966861598037e+02
9.512095639943740366e+01,1.763600562587904221e+02,1.926369047619047592e+02,2.453551587301587062e+02
9.516593245227605280e+01,1.775095447870778287e+02,1.922787193973634317e+02,2.452222222222222001e+02
9.520579710144926366e+01,1.780652173913043441e+02,1.922787193973634317e+02,2.452222222222222001e+02
9.541048034934497935e+01,1.786826783114992452e+02,1.915601577909270077e+02,2.447218934911242627e+02
9.534757834757834871e+01,1.786310541310541282e+02,1.913215686274509721e+02,2.444686274509803638e+02
9.545730027548208341e+01,1.794201101928374555e+02,nan,nan
9.532361111111110574e+01,1.799833333333333201e+02,1.897957610789980549e+02,2.435799614643545112e+02
9.553961136023916367e+01,1.806427503736920528e+02,1.892323809523809359e+02,2.432571428571428669e+02
9.553869047619046739e+01,1.817797619047618980e+02,1.889637681159420026e+02,2.429112318840579690e+02
9.556388888888888289e+01,1.826986111111110915e+02,1.887865961199294418e+02,2.427619047619047592e+02
9.528939393939393199e+01,1.833818181818181756e+02,1.877850637522768409e+02,2.419125683060109395e+02
9.533474576271186152e+01,1.835875706214689274e+02,1.878137254901960773e+02,2.417372549019607675e+02
9.529752066115702291e+01,1.843581267217630852e+02,1.872170542635658705e+02,2.414263565891472467e+02
9.531372549019606311e+01,1.851708683473389385e+02,1.871685823754789340e+02,2.413486590038314148e+02
9.516460905349794075e+01,1.860301783264746120e+02,1.863038674033149107e+02,2.406058931860036694e+02
9.484120171673819755e+01,1.868412017167381975e+02,nan,nan
9.495098039215686470e+01,1.871540616246498416e+02,1.858323809523809302e+02,2.400838095238095207e+02
9.482926829268292579e+01,1.875298102981029729e+02,1.853795180722891587e+02,2.397128514056224731e+02
9.431223628691982697e+01,1.889578059071729967e+02,1.851685185185184821e+02,2.396574074074073906e+02
9.413965744400526603e+01,1.891607378129117194e+02,1.846038095238095025e+02,2.392647619047618832e+02
9.378477690288713120e+01,1.899383202099737389e+02,1.836607843137254861e+02,2.384843137254901535e+02
9.357563025210083651e+01,1.906988795518207098e+02,1.835630885122410518e+02,2.383785310734463394e+02
9.354393305439330675e+01,1.911464435146443464e+02,1.834804469273742882e+02,2.383724394785847096e+02
9.307468879668050477e+01,1.918824343015214424e+02,1.832780748663101633e+02,2.384206773618538193e+02
9.281868898186888828e+01,1.923584379358437957e+02,1.824741532976827045e+02,2.376185383244206548e+02
9.232258064516129537e+01,1.932338709677419217e+02,1.817613168724279831e+02,2.372592592592592666e+02
9.235704874835309397e+01,1.935625823451910321e+02,1.814778420038535387e+02,2.370154142581887982e+02
9.211924119241191988e+01,1.940745257452574322e+02,1.813733333333333348e+02,2.369428571428571502e+02
9.138367346938775881e+01,1.952639455782312723e+02,1.808680926916220812e+02,2.366737967914438627e+02
9.141231593038820336e+01,1.952637215528781667e+02,1.802419627749576989e+02,2.362588832487309674e+02
9.069251700680271711e+01,1.963768707482992966e+02,1.796101694915254257e+02,2.356252354048964150e+02
9.079149519890259512e+01,1.964869684499313962e+02,1.793247422680412342e+02,2.353539518900343523e+02
9.064736164736163460e+01,1.968404118404118321e+02,1.793247422680412342e+02,2.353539518900343523e+02
9.027619047619046455e+01,1.973496598639455613e+02,1.779963369963369928e+02,2.346996336996336652e+02
8.964890710382513817e+01,1.983251366120218506e+02,1.775425531914893611e+02,2.344290780141843982e+02
8.904016064257028518e+01,1.989571619812583378e+02,1.764367816091954069e+02,2.334157088122605046e+02
8.900403225806451246e+01,1.993575268817204176e+02,1.764394785847299545e+02,2.336312849162011105e+02
8.875474254742546520e+01,1.998563685636856349e+02,1.756779661016949206e+02,2.332146892655367196e+02
8.864027777777776862e+01,2.000888888888888744e+02,1.752962962962962763e+02,2.331018518518518192e+02
8.813541666666665719e+01,2.006184895833333144e+02,1.746170212765957501e+02,2.329078014184397034e+02
8.817427385892116831e+01,2.006224066390041401e+02,1.734320297951582859e+02,2.320782122905027904e+02
8.755600539811065630e+01,2.015033738191632722e+02,1.733074074074073962e+02,2.322351851851851450e+02
8.729355281207132577e+01,2.017997256515774893e+02,1.729965095986038079e+02,2.323036649214659803e+02
8.663877266387726195e+01,2.025453277545327637e+02,1.721693693693693490e+02,2.322216216216216083e+02
8.665656565656564680e+01,2.026695526695526723e+02,1.716327985739750375e+02,2.320980392156862422e+02
8.553879310344827047e+01,2.031910919540229656e+02,1.706148148148147925e+02,2.314314814814814554e+02
8.491235632183907001e+01,2.033232758620689538e+02,1.697318840579710013e+02,2.311938405797101268e+02
8.482062146892654653e+01,2.033093220338982974e+02,1.690666666666666629e+02,2.310180180180179832e+02
8.392182890855457345e+01,2.036961651917403913e+02,1.680073664825046080e+02,2.309355432780846797e+02
8.314136904761903679e+01,2.039270833333333144e+02,1.679594843462246558e+02,2.309742173112338719e+02
8.204620462046203500e+01,2.039884488448844877e+02,1.664215686274509665e+02,2.305745098039215577e+02
8.164433811802231844e+01,2.039744816586921843e+02,1.663646408839778985e+02,2.305911602209944817e+02
8.188495575221239164e+01,2.039454277286135664e+02,1.660172711571675279e+02,2.305647668393782510e+02
8.091773049645388483e+01,2.040936170212766001e+02,1.651554307116104781e+02,2.303539325842696712e+02
8.096521739130434980e+01,2.040855072463768067e+02,1.641703703703703638e+02,2.302333333333333201e+02
7.934054834054832384e+01,2.041370851370851369e+02,1.630870370370370210e+02,2.297055555555555486e+02
7.972881355932203462e+01,2.041906779661017026e+02,1.623480662983425304e+02,2.296372007366482251e+02
8.000000000000000000e+01,2.041680672268907699e+02,1.612950819672131217e+02,2.294990892531875772e+02
7.881293952180027418e+01,2.042053445850914102e+02,1.603575418994413440e+02,2.293705772811917711e+02
7.891304347826087451e+01,2.040884057971014158e+02,1.590643939393939377e+02,2.289242424242424079e+02
7.819598765432098730e+01,2.043132716049382509e+02,1.577906976744185954e+02,2.288100775193798029e+02
7.796264367816091578e+01,2.042097701149425291e+02,1.567025089605734536e+02,2.288637992831541226e+02
7.796491228070175339e+01,2.039736842105263293e+02,1.555567567567567551e+02,2.287423423423423117e+02
7.799090909090908497e+01,2.041560606060605778e+02,1.542138728323699297e+02,2.286666666666666288e+02
7.715873015873015106e+01,2.041197691197691029e+02,1.531564245810055809e+02,2.284953445065176822e+02
7.514328808446454389e+01,2.036063348416289500e+02,nan,nan
7.541850220264316818e+01,2.035653450807635636e+02,1.503199233716474907e+02,2.280038314176244967e+02
7.556066945606694674e+01,2.033863319386331625e+02,1.490960451977401249e+02,2.276760828625235149e+02
7.551490514905148643e+01,2.033577235772357596e+02,1.483183520599250755e+02,2.275449438202247165e+02
7.489370078740157055e+01,2.029370078740157339e+02,1.473388278388278252e+02,2.275146520146520004e+02
7.427988748241912731e+01,2.026104078762306528e+02,1.461759259259259238e+02,2.274592592592592553e+02
7.404663923182441465e+01,2.023635116598079264e+02,1.444128787878787818e+02,2.268522727272727195e+02
7.368989071038251382e+01,2.021215846994535354e+02,1.433025048169556896e+02,2.266974951830443104e+02
7.349051490514904117e+01,2.019498644986449847e+02,1.420818713450292421e+02,2.265536062378167514e+02
7.342876344086020879e+01,2.019704301075268802e+02,1.401360946745562046e+02,2.263412228796844090e+02
7.274160206718346444e+01,2.013850129198966101e+02,1.389019607843137294e+02,2.258705882352941217e+02
7.282186234817814352e+01,2.014480431848852788e+02,1.375549132947977000e+02,2.258188824662813090e+02
7.234939759036144835e+01,2.009585006693440334e+02,1.369364161849711081e+02,2.260385356454720522e+02
7.215555555555555145e+01,2.009921568627451052e+02,1.349050505050504967e+02,2.257878787878787818e+02
7.145059288537549946e+01,1.998300395256916886e+02,1.338003875968992133e+02,2.256550387596899157e+02
7.123904382470119856e+01,1.996958831341301277e+02,1.324922480620154772e+02,2.256259689922480618e+02
7.130576441102756746e+01,1.997117794486215416e+02,1.316302681992337114e+02,2.256130268199233626e+02
7.109827357237715262e+01,1.993758300132801935e+02,1.300736434108526964e+02,2.254980620155038480e+02
7.060714285714286120e+01,1.987923280423280232e+02,1.291077844311377305e+02,2.255708582834330969e+02
7.067073170731707421e+01,1.989119241192411778e+02,1.280794573643410672e+02,2.256104651162790731e+02
7.011942257217847896e+01,1.975393700787401485e+02,1.260658914728682163e+02,2.256666666666666572e+02
7.004280155642022976e+01,1.973151750972762670e+02,1.243180076628352424e+02,2.256762452107279557e+02
7.004973118279569633e+01,1.966182795698924508e+02,1.218646464646464551e+02,2.254989898989898620e+02
7.000645994832039776e+01,1.963617571059431270e+02,1.193609467455621314e+02,2.259822485207100726e+02
6.997760210803689063e+01,1.959710144927536248e+02,1.175421455938697193e+02,2.260727969348658917e+02
6.993774319066147882e+01,1.950038910505836611e+02,1.151455938697317976e+02,2.259540229885057556e+02
7.000514800514800129e+01,1.953153153153153028e+02,1.130996168582375390e+02,2.259425287356321803e+02
7.008611111111109437e+01,1.944916666666666742e+02,1.114662698412698347e+02,2.261527777777777715e+02
6.993637621023512452e+01,1.944218533886583486e+02,1.096331360946745548e+02,2.261913214990137817e+02
7.020694444444443150e+01,1.934041666666666686e+02,1.079718875502007904e+02,2.262028112449798982e+02
7.042212518195050563e+01,1.926448326055312918e+02,1.066574585635359114e+02,2.262154696132596712e+02
7.040877914951988714e+01,1.922290809327846262e+02,1.055856353591160257e+02,2.262872928176795710e+02
7.063165266106442175e+01,1.918753501400560140e+02,1.042677902621722694e+02,2.260711610486891345e+02
7.069542483660130472e+01,1.917633986928104548e+02,1.033785310734463252e+02,2.257419962335216326e+02
7.096908602150537604e+01,1.904973118279569633e+02,1.021306818181818130e+02,2.255700757575757223e+02
7.115625000000000000e+01,1.897200520833333144e+02,1.009016064257027949e+02,2.251686746987951722e+02
7.132789115646258438e+01,1.889959183673469454e+02,1.006355311355311244e+02,2.251007326007325844e+02
7.156399999999999295e+01,1.880733333333333235e+02,9.980571428571428783e+01,2.248152380952380724e+02
7.196442687747035905e+01,1.870856389986824695e+02,9.959510357815442205e+01,2.246177024482109061e+02
7.229380764163371964e+01,1.857180500658761559e+02,9.873408239700373201e+01,2.242528089887640590e+02
7.260533333333333417e+01,1.844533333333333189e+02,9.808902691511386251e+01,2.236915113871635299e+02
7.277296587926508664e+01,1.840879265091863317e+02,9.768662674650698818e+01,2.234371257485030071e+02
7.307333333333332348e+01,1.829733333333333007e+02,9.782317073170732158e+01,2.234979674796747702e+02
7.350000000000000000e+01,1.821584699453551934e+02,9.729259259259258386e+01,2.231444444444444457e+02
7.368027210884352485e+01,1.812857142857142776e+02,9.720146520146518299e+01,2.232967032967032992e+02
7.404897959183674061e+01,1.802557823129251631e+02,9.608514492753621994e+01,2.228641304347825951e+02
7.430326797385620807e+01,1.798496732026143832e+02,9.620180180180179264e+01,2.228162162162162190e+02
7.470919067215362475e+01,1.784444444444444571e+02,9.614539007092197664e+01,2.224255319148936110e+02
7.498133333333332473e+01,1.777493333333333112e+02,9.586885245901639507e+01,2.222477231329690142e+02
7.511740890688258787e+01,1.771740890688259071e+02,9.528865979381443196e+01,2.217560137457044505e+02
7.548235294117647243e+01,1.759882352941176578e+02,9.467034990791896121e+01,2.210018416206261236e+02
7.569803921568627914e+01,1.756509803921568675e+02,9.444444444444444287e+01,2.198433515482695668e+02
7.609311740890687759e+01,1.749230769230769340e+02,9.424242424242423510e+01,2.189215686274509665e+02
7.626199740596626953e+01,1.743307392996108831e+02,9.380874316939890889e+01,2.178816029143897595e+02
7.670138888888888573e+01,1.729722222222222001e+02,9.340761904761903622e+01,2.168533333333332962e+02
7.661865569272976018e+01,1.726790123456790127e+02,9.269904761904761870e+01,2.150285714285714391e+02
7.715977961432506049e+01,1.717258953168044116e+02,9.265060240963855165e+01,2.145622489959839072e+02
7.740215924426449590e+01,1.712510121457490015e+02,9.256686626746507329e+01,2.136706586826347234e+02
7.742585034013605139e+01,1.712530612244897839e+02,9.241527001862196755e+01,2.131340782122904898e+02
7.782361111111110574e+01,1.701347222222221944e+02,9.263905325443786865e+01,2.131893491124260436e+02
7.801333333333333542e+01,1.694493333333332998e+02,9.175308641975308888e+01,2.107242798353909166e+02
7.806611570247933685e+01,1.689462809917355344e+02,nan,nan
7.854285714285714448e+01,1.681959183673469340e+02,9.194343434343433330e+01,2.089515151515151388e+02
7.874259974259973660e+01,1.678352638352638166e+02,9.172023809523810201e+01,2.076051587301587062e+02
7.911111111111110006e+01,1.670615796519410878e+02,9.173767258382642353e+01,2.066094674556213135e+02
7.963025210084033745e+01,1.658151260504201616e+02,9.165686274509803866e+01,2.051372549019607447e+02
7.978367346938775029e+01,1.656448979591836803e+02,9.167251461988304584e+01,2.042046783625731052e+02
7.984959349593495403e+01,1.655067750677506808e+02,9.160040160642570584e+01,2.029839357429718518e+02
8.029858429858428792e+01,1.649163449163449116e+02,9.149215686274509096e+01,2.022196078431372257e+02
8.079831932773109315e+01,1.640210084033613498e+02,9.159578544061302807e+01,2.015153256704980720e+02
8.128299319727891259e+01,1.632925170068027114e+02,9.136706349206349387e+01,2.000972222222222001e+02
8.152143845089902641e+01,1.625048409405255825e+02,9.125341130604287798e+01,1.992826510721247359e+02
8.157823129251700323e+01,1.624625850340135855e+02,9.141165755919853098e+01,1.989945355191256908e+02
8.179838709677419217e+01,1.619892473118279383e+02,9.131521739130434412e+01,1.983514492753623131e+02
8.231364829396324012e+01,1.613241469816272797e+02,9.120526315789473415e+01,1.979350877192982239e+02
8.293675889328062567e+01,1.602608695652174049e+02,9.107116104868913453e+01,1.967565543071160903e+02
8.306095979247729133e+01,1.599325551232165878e+02,9.119132149901379591e+01,1.961084812623273876e+02
8.356679636835278302e+01,1.592749675745784543e+02,9.116955684007706395e+01,1.951907514450867041e+02
8.384244791666665719e+01,1.587018229166666572e+02,9.129540918163671392e+01,1.950978043912175508e+02
8.455186721991701404e+01,1.578506224066389905e+02,9.113333333333332575e+01,1.941485714285714153e+02
8.533069828722001660e+01,1.568181818181818130e+02,9.135928143712574467e+01,1.933073852295408983e+02
8.578799999999999670e+01,1.562040000000000077e+02,9.152107279693485964e+01,1.930153256704980720e+02
8.634811827956988850e+01,1.553360215053763227e+02,9.151351351351351582e+01,1.923675675675675620e+02
8.633197278911563899e+01,1.551768707482993079e+02,nan,nan
8.698015873015873467e+01,1.541825396825396695e+02,9.146666666666666856e+01,1.911142857142857281e+02
8.774900398406374791e+01,1.532217795484727674e+02,9.152408477842003265e+01,1.900867052023121460e+02
8.839972899728996936e+01,1.523753387533875241e+02,9.151412429378531499e+01,1.892542372881355845e+02
8.885657370517928655e+01,1.518406374501992104e+02,9.149554367201425009e+01,1.884777183600712647e+02
8.918766404199473641e+01,1.511430446194225397e+02,9.121317829457363757e+01,1.863178294573643257e+02
8.969604086845465929e+01,1.505134099616858236e+02,9.123484848484848442e+01,1.855113636363636260e+02
9.058666666666665890e+01,1.493306666666666445e+02,9.114338919925511107e+01,1.840875232774673975e+02
9.087289234760051215e+01,1.488313878080414838e+02,9.109003831417624042e+01,1.830306513409961724e+02
9.161923076923076792e+01,1.479858974358974137e+02,9.112104283054003417e+01,1.822998137802607062e+02
9.193927125506073139e+01,1.474170040485830100e+02,9.113003663003661359e+01,1.806996336996336652e+02
9.238205128205127892e+01,1.466256410256410163e+02,9.109176029962546295e+01,1.796647940074906273e+02
9.349863387978140850e+01,1.451871584699453592e+02,9.108205128205128176e+01,1.784598290598290475e+02
9.347560975609755474e+01,1.452560975609756042e+02,9.121621621621621046e+01,1.773621621621621500e+02
9.415494791666665719e+01,1.445533854166666572e+02,9.136723163841807605e+01,1.764670433145009270e+02
9.476933333333332143e+01,1.435466666666666526e+02,9.154635108481261341e+01,1.753412228796844090e+02
9.540562248995983907e+01,1.426613119143239601e+02,9.205917159763313862e+01,1.744832347140039417e+02
9.587516600265603017e+01,1.420199203187250987e+02,9.258188824662812522e+01,1.728208092485549230e+02
9.615903307888039819e+01,1.415419847328244316e+02,9.290838206627680051e+01,1.719044834307992176e+02
9.677820025348540867e+01,1.407097591888466184e+02,9.310984848484848442e+01,1.710757575757575637e+02
9.737820512820512420e+01,1.400666666666666345e+02,9.327222222222222570e+01,1.709962962962962933e+02
9.842570281124497455e+01,1.388179384203480424e+02,9.373217726396916305e+01,1.698728323699421878e+02
9.913580246913579685e+01,1.378353909465020593e+02,9.385333333333332462e+01,1.688285714285714221e+02
9.921164021164020141e+01,1.376322751322751117e+02,9.388954635108480318e+01,1.685759368836291969e+02
9.974763832658568674e+01,1.369662618083670509e+02,9.398876404494382086e+01,1.682434456928838813e+02
1.006653386454183305e+02,1.358565737051792723e+02,9.393820224719101475e+01,1.680692883895131047e+02
1.011573333333333267e+02,1.353293333333333237e+02,9.449122807017543835e+01,1.671111111111111143e+02
1.016225680933852118e+02,1.347276264591439769e+02,9.476278118609405965e+01,1.664662576687116484e+02
1.018911022576361063e+02,1.343054448871181705e+02,9.479019607843136441e+01,1.664921568627450768e+02
1.023294422827496675e+02,1.341465629053177508e+02,9.496124031007751398e+01,1.655620155038759549e+02
1.022513661202185773e+02,1.340150273224043644e+02,9.518808193668527906e+01,1.652420856610800683e+02
1.030669291338582667e+02,1.337296587926508948e+02,9.608179959100203860e+01,1.641656441717791495e+02
1.036065162907268160e+02,1.333308270676691620e+02,9.639751552795030420e+01,1.640372670807453517e+02
1.043087855297157489e+02,1.332105943152454586e+02,9.678294573643410104e+01,1.635658914728682021e+02
1.046957070707070585e+02,1.331351010101010104e+02,9.700728597449908364e+01,1.631839708561019791e+02
1.054453551912568230e+02,1.331407103825136460e+02,nan,nan
1.059294117647058755e+02,1.332248366013071745e+02,nan,nan
1.066313725490196020e+02,1.333464052287581580e+02,nan,nan
1.063984063745019881e+02,1.332855245683930718e+02,nan,nan
1.070478142076502621e+02,1.334590163934426243e+02,9.835817805383022971e+01,1.608198757763975095e+02
1.078978723404255362e+02,1.338992907801418255e+02,nan,nan
1.077157622739018024e+02,1.338294573643410956e+02,9.916071428571429180e+01,1.597817460317460245e+02
1.077067183462532256e+02,1.338410852713178372e+02,9.895294117647058840e+01,1.601254901960784309e+02
1.081481481481481381e+02,1.340833333333333428e+02,9.918540433925048205e+01,1.591715976331360878e+02
1.081181938911022513e+02,1.341022576361221752e+02,9.918540433925048205e+01,1.591715976331360878e+02
1.084295125164690319e+02,1.343030303030302832e+02,nan,nan
1.090569105691056961e+02,1.348902439024390105e+02,nan,nan
1.092266666666666595e+02,1.351653333333333080e+02,nan,nan
1.088905852417302782e+02,1.349618320610686908e+02,nan,nan
1.090999999999999943e+02,1.356461538461538510e+02,nan,nan
1.089398496240601446e+02,1.356102756892230445e+02,nan,nan
1.091509186351705978e+02,1.364488188976378069e+02,nan,nan
1.091842818428184216e+02,1.370623306233062237e+02,nan,nan
1.095079365079365061e+02,1.376097883597883538e+02,nan,nan
1.095454545454545467e+02,1.380517676767676676e+02,9.824279835390946403e+01,1.572510288065843440e+02
1.099663865546218489e+02,1.396106442577030577e+02,nan,nan
1.101074380165289313e+02,1.405757575757575637e+02,9.742276422764227561e+01,1.575406504065040565e+02
1.103320158102766868e+02,1.421515151515151274e+02,nan,nan
1.104712182061579568e+02,1.430374832663989082e+02,9.647736625514401965e+01,1.579465020576131735e+02
1.107578231292516904e+02,1.444136054421768449e+02,9.643079922027288831e+01,1.579356725146198812e+02
1.107330567081604329e+02,1.453042876901797911e+02,9.629069767441860961e+01,1.572751937984496067e+02
1.107896174863387841e+02,1.464153005464480657e+02,9.610288065843620586e+01,1.570823045267489704e+02
1.108283261802575055e+02,1.477439198855507527e+02,9.571717171717170913e+01,1.566020202020201850e+02
1.108998569384835378e+02,1.484606580829756695e+02,9.554451345755693126e+01,1.567453416149068346e+02
1.108862745098039255e+02,1.499424836601307049e+02,9.554037267080745721e+01,1.569855072463767840e+02
1.109246031746031775e+02,1.510978835978835946e+02,nan,nan
1.108721088435374043e+02,1.524870748299319416e+02,9.542222222222221717e+01,1.564262626262626270e+02
1.105910364145658207e+02,1.536624649859943759e+02,nan,nan
1.100743801652892557e+02,1.548292011019283620e+02,9.536127744510977777e+01,1.564550898203592908e+02
1.096798418972332030e+02,1.556139657444005024e+02,9.534764826175869246e+01,1.562699386503067558e+02
1.090989159891598916e+02,1.572791327913278963e+02,9.535787321063394018e+01,1.562331288343558242e+02
1.088313253012048136e+02,1.577791164658634671e+02,nan,nan
1.084795783926218604e+02,1.584808959156785022e+02,9.514922480620154488e+01,1.563914728682170505e+02
1.077786561264822183e+02,1.598418972332015926e+02,9.515686274509803866e+01,1.566431372549019443e+02
1.074467213114754145e+02,1.604631147540983704e+02,9.515325670498083355e+01,1.566168582375478877e+02
1.070307898259705439e+02,1.611713520749665349e+02,9.504789272030650693e+01,1.561360153256704848e+02
1.063655083655083615e+02,1.623577863577863525e+02,9.481333333333333258e+01,1.559790476190476056e+02
1.060338541666666572e+02,1.626940104166666572e+02,9.454307116104867248e+01,1.554681647940074924e+02
1.056126126126126081e+02,1.636756756756756772e+02,9.458703703703702104e+01,1.545629629629629562e+02
1.048871391076115458e+02,1.646391076115485248e+02,9.453757225433525946e+01,1.539421965317919216e+02
1.048353253652058328e+02,1.647848605577689227e+02,9.434126984126983473e+01,1.538194444444444287e+02
1.043761348897535584e+02,1.655123216601815841e+02,9.418761384335154219e+01,1.535355191256830665e+02
1.038268733850129166e+02,1.661408268733849809e+02,9.421296296296296191e+01,1.527037037037036953e+02
1.037107652399481168e+02,1.665369649805447523e+02,9.438617886178860772e+01,1.516666666666666572e+02
1.034304461942257234e+02,1.667178477690288503e+02,9.444032921810698156e+01,1.508744855967078138e+02
1.031594771241829989e+02,1.670732026143790847e+02,9.441325536062377921e+01,1.503879142300194758e+02
1.023975903614457792e+02,1.681726907630522021e+02,9.425904761904760676e+01,1.497676190476190357e+02
1.021739707835325248e+02,1.685086321381141943e+02,9.447093023255814614e+01,1.490077519379844944e+02
1.020974967061923451e+02,1.686534914361001256e+02,9.436470588235293633e+01,1.483980392156862536e+02
1.017028714107365772e+02,1.690049937578027368e+02,9.422777777777777430e+01,1.476981481481481353e+02
1.009867197875165914e+02,1.698618857901726358e+02,9.432741617357001473e+01,1.465877712031558247e+02
1.006026666666666500e+02,1.701626666666666665e+02,9.427207207207206352e+01,1.464864864864864842e+02
9.993766937669376205e+01,1.707818428184281743e+02,9.451267056530214461e+01,1.455419103313840026e+02
9.966401062416997547e+01,1.710624169986719778e+02,9.458426966292134352e+01,1.439475655430711356e+02
9.909391534391532730e+01,1.714312169312169090e+02,9.493668528864058942e+01,1.424469273743016799e+02
9.847482993197277779e+01,1.718680272108843496e+02,9.595555555555554861e+01,1.416796296296296305e+02
9.802695035460992301e+01,1.721588652482269310e+02,9.800000000000000000e+01,1.413082851637764747e+02
9.711723163841806183e+01,1.726822033898305051e+02,nan,nan
9.631129476584021631e+01,1.732920110192837342e+02,1.002280701754386030e+02,1.408576998050682221e+02
9.551617440225034272e+01,1.737918424753867725e+02,1.010256410256410220e+02,1.408106508875739564e+02
9.408225108225107647e+01,1.746060606060605949e+02,1.014736842105263150e+02,1.409668615984405449e+02
9.330014430014429649e+01,1.749191919191918885e+02,1.015461847389558017e+02,1.410823293172690569e+02
9.293475177304964063e+01,1.751375886524822363e+02,1.016025641025640880e+02,1.412087912087912116e+02
9.241736694677869934e+01,1.754621848739495817e+02,1.015775193798449578e+02,1.415523255813953369e+02
9.121585903083700941e+01,1.759867841409691493e+02,1.009683426443202876e+02,1.423072625698324032e+02
9.112536873156341244e+01,1.762064896755162238e+02,1.002633517495395807e+02,1.438379373848987086e+02
9.054885057471264531e+01,1.763261494252873547e+02,9.981142857142857849e+01,1.456723809523809336e+02
8.966954022988505812e+01,1.768132183908045931e+02,9.913218390804597391e+01,1.468122605363984690e+02
8.841741741741741123e+01,1.773828828828828819e+02,9.883804143126175745e+01,1.483088512241054389e+02
8.815536723163840804e+01,1.776186440677966232e+02,9.812365591397849585e+01,1.493476702508960443e+02
8.746264367816091578e+01,1.779669540229884888e+02,9.754802259887006244e+01,1.500169491525423666e+02
8.693939393939393767e+01,1.780937950937950802e+02,9.716129032258064058e+01,1.511810035842293871e+02
8.581920903954801361e+01,1.785282485875706016e+02,9.655489021956087470e+01,1.514570858283433097e+02
8.471700680272107320e+01,1.791387755102040842e+02,9.621022727272726627e+01,1.524412878787878753e+02
8.353086419753086034e+01,1.793484224965706346e+02,9.568217054263564592e+01,1.527868217054263482e+02
8.293526170798897112e+01,1.795482093663911769e+02,9.547591522157995314e+01,1.534470134874759140e+02
8.130039525691699964e+01,1.795111989459815334e+02,9.539042357274399819e+01,1.539226519337016441e+02
7.949327956989246502e+01,1.795295698924730914e+02,9.477477477477476953e+01,1.545081081081081038e+02
7.855200000000000671e+01,1.793813333333333162e+02,9.455932203389831159e+01,1.548192090395480136e+02
7.734965986394556126e+01,1.793537414965986159e+02,9.448467432950191380e+01,1.548084291187739439e+02
7.661437908496731097e+01,1.793581699346405003e+02,9.440636704119849298e+01,1.549456928838951342e+02
7.574348958333332860e+01,1.791328125000000000e+02,9.386549707602338799e+01,1.550584795321637444e+02
7.435294117647059409e+01,1.789084967320261228e+02,9.341935483870967971e+01,1.550573476702508913e+02
7.343333333333332291e+01,1.785720000000000027e+02,9.319540229885058125e+01,1.557394636015325489e+02
7.274501992031872533e+01,1.784329349269588079e+02,9.323076923076922640e+01,1.556962524654832123e+02
7.218592297476759256e+01,1.782656042496679731e+02,9.299450549450548920e+01,1.564322344322344236e+02
7.134823848238481503e+01,1.780826558265582378e+02,9.285267034990791046e+01,1.572099447513812152e+02
7.098978288633460920e+01,1.779297573435504489e+02,9.250193798449612359e+01,1.565658914728682021e+02
7.065758754863813351e+01,1.779377431906614788e+02,9.249031007751936784e+01,1.571666666666666572e+02
6.988359788359787217e+01,1.776997354497354422e+02,9.241960784313724275e+01,1.573568627450980273e+02
6.881635220125785679e+01,1.772553459119496893e+02,9.216928446771377992e+01,1.581308900523560226e+02
6.882012578616351561e+01,1.773371069182389874e+02,9.216928446771377992e+01,1.581308900523560226e+02
6.746399999999999864e+01,1.766800000000000068e+02,9.162941176470587834e+01,1.587686274509803752e+02
6.720024875621889748e+01,1.765261194029850742e+02,9.145381526104416992e+01,1.587991967871485883e+02
6.661738002594032082e+01,1.761686121919584878e+02,9.131818181818181301e+01,1.591647727272727195e+02
6.594729907773384525e+01,1.756324110671936864e+02,9.087912087912087600e+01,1.593717948717948616e+02
6.520295698924731198e+01,1.749798387096774093e+02,9.087827715355804514e+01,1.593127340823969860e+02
6.450264550264550678e+01,1.743227513227513157e+02,9.058527131782945219e+01,1.594806201550387357e+02
6.433598937583001032e+01,1.741142098273572287e+02,9.036507936507936734e+01,1.602910052910052912e+02
6.428517110266159307e+01,1.739987325728770600e+02,9.041530054644809411e+01,1.603879781420764914e+02
6.335752688172042468e+01,1.729825268817204176e+02,9.018232044198894926e+01,1.607458563535911651e+02
6.310714285714285410e+01,1.727050264550264558e+02,9.018232044198894926e+01,1.607458563535911651e+02
6.272475795297371803e+01,1.721106500691562928e+02,8.962939958592131973e+01,1.612256728778467902e+02
6.225680933852139987e+01,1.712127107652399332e+02,8.952490421455938474e+01,1.615555555555555429e+02
6.207569721115537931e+01,1.711553784860557812e+02,8.962275449101795743e+01,1.612215568862275461e+02
6.198616874135546340e+01,1.707455048409405265e+02,8.941198501872658255e+01,1.614194756554306878e+02
6.119841269841269593e+01,1.692857142857142776e+02,8.941431261770243566e+01,1.615612052730696746e+02
6.094010416666666430e+01,1.692434895833333144e+02,8.933521657250470582e+01,1.613013182674199584e+02
6.053333333333333144e+01,1.676973333333333187e+02,8.920329670329670080e+01,1.619816849816849640e+02
6.036290322580644840e+01,1.672231182795698601e+02,8.922222222222222854e+01,1.620481481481481296e+02
6.024444444444444002e+01,1.664849673202614326e+02,8.871751412429378547e+01,1.626967984934086644e+02
6.022012578616351419e+01,1.655748427672955927e+02,8.855232558139535115e+01,1.634437984496123875e+02
6.009066666666666379e+01,1.647093333333333192e+02,8.850383141762451089e+01,1.634176245210727814e+02
6.002754820936638680e+01,1.638801652892562117e+02,8.850378787878787534e+01,1.635946969696969688e+02
6.019553805774278032e+01,1.631955380577427661e+02,8.853831417624520839e+01,1.635555555555555429e+02
6.017499999999999716e+01,1.625999999999999943e+02,8.839019607843135873e+01,1.644019607843137294e+02
6.020615796519410168e+01,1.616412315930388104e+02,8.827746741154561505e+01,1.645363128491620159e+02
6.039949109414757800e+01,1.605890585241729980e+02,8.817063492063491026e+01,1.648432539682539471e+02
6.043537414965986443e+01,1.599578231292516932e+02,8.816370808678500737e+01,1.653747534516765256e+02
6.049475065616797309e+01,1.596194225721784505e+02,8.820038535645471711e+01,1.651657032755298644e+02
6.082329317269076085e+01,1.588755020080321287e+02,8.807344632768361237e+01,1.657005649717514189e+02
6.065188172043010439e+01,1.585900537634408352e+02,8.807344632768361237e+01,1.657005649717514189e+02
6.110128205128204826e+01,1.572243589743589496e+02,8.771348314606741781e+01,1.666535580524344482e+02
6.128091397849462396e+01,1.563400537634408352e+02,8.779234972677595294e+01,1.666557377049180388e+02
6.164478764478764816e+01,1.553745173745173815e+02,8.782771535580523903e+01,1.669588014981273147e+02
6.152307692307692122e+01,1.552461538461538453e+02,8.782771535580523903e+01,1.669588014981273147e+02
6.180173482032217436e+01,1.544089219330855087e+02,8.707450980392157192e+01,1.680333333333333314e+02
6.223514211886304537e+01,1.533320413436692320e+02,8.676162790697674154e+01,1.682635658914728651e+02
6.247562582345190663e+01,1.526772068511198768e+02,8.671290944123313693e+01,1.684489402697494995e+02
6.279974160206717926e+01,1.520917312661498499e+02,8.650091074681238013e+01,1.687540983606557461e+02
6.326104417670682523e+01,1.512315930388219556e+02,8.619560878243513002e+01,1.694011976047904113e+02
6.361197916666666430e+01,1.506770833333333144e+02,8.572659176029961259e+01,1.695636704119850151e+02
6.508298755186721962e+01,1.489183955739972021e+02,8.460271317829456450e+01,1.700000000000000000e+02
6.509694555112881176e+01,1.486746347941566739e+02,8.400364298724953471e+01,1.705628415300546408e+02
6.525064599483202699e+01,1.485465116279069662e+02,8.365476190476189799e+01,1.708452380952380736e+02
6.574088541666665719e+01,1.477369791666666572e+02,8.295185185185184196e+01,1.716648148148148039e+02
6.637483266398928095e+01,1.471459170013386597e+02,8.256020942408376584e+01,1.719546247818499012e+02
6.657992565055762668e+01,1.466964064436183151e+02,8.178506375227686931e+01,1.727377049180327901e+02
6.707105943152454586e+01,1.462299741602066945e+02,8.141856060606060908e+01,1.729469696969696884e+02
6.656601307189542638e+01,1.464091503267973735e+02,8.116845878136200554e+01,1.732562724014336766e+02
6.756104252400548660e+01,1.456310013717420873e+02,8.112643678160920047e+01,1.734022988505747094e+02
6.792094861660079630e+01,1.452463768115941889e+02,8.050343642611683492e+01,1.740463917525773070e+02
6.824935400516795880e+01,1.448307493540051496e+02,8.027836879432624073e+01,1.744769503546099259e+02
6.913765182186234881e+01,1.442496626180836472e+02,7.980819366852885821e+01,1.749180633147113610e+02
7.000389105058366113e+01,1.436186770428015507e+02,7.942955326460480592e+01,1.753075601374570454e+02
7.032334581772784077e+01,1.434531835205992536e+02,7.930584192439862079e+01,1.753986254295532490e+02
7.152564102564102200e+01,1.427576923076923094e+02,7.898007246376810997e+01,1.757590579710144709e+02
7.171541501976284394e+01,1.425059288537549378e+02,7.891098484848484418e+01,1.759981060606060339e+02
7.246719160104986202e+01,1.421299212598425186e+02,7.833689839572193137e+01,1.764491978609625562e+02
7.379781420765026212e+01,1.414357923497267677e+02,7.823007246376810997e+01,1.762989130434782510e+02
7.429949874686715816e+01,1.413508771929824377e+02,7.785018726591759730e+01,1.766704119850187169e+02
7.522799999999999443e+01,1.409133333333333269e+02,7.737522768670309858e+01,1.768397085610200179e+02
7.599449035812671127e+01,1.406046831955922585e+02,7.717554240631163509e+01,1.770867850098619272e+02
7.640567375886524815e+01,1.403375886524822533e+02,7.688405797101448513e+01,1.773913043478260931e+02
7.689849108367626229e+01,1.402757201646090550e+02,7.668518518518517624e+01,1.775481481481481296e+02
7.795716198125836627e+01,1.400080321285140599e+02,7.651063829787234738e+01,1.777677304964538791e+02
7.877777777777777146e+01,1.398300653594771177e+02,7.656369982547992947e+01,1.777434554973822003e+02
7.945217391304348098e+01,1.394971014492753625e+02,7.634090909090909349e+01,1.780852272727272805e+02
7.917523056653490698e+01,1.392345191040843133e+02,7.627167630057803649e+01,1.783718689788053950e+02
8.056154910096817900e+01,1.392392807745504797e+02,7.627167630057803649e+01,1.783718689788053950e+02
8.082990397805211558e+01,1.396323731138545838e+02,7.629142857142856826e+01,1.783961904761904691e+02
8.080025940337223744e+01,1.396057068741893659e+02,7.587709497206704157e+01,1.789162011173184226e+02
8.130220492866406801e+01,1.397885862516212683e+02,7.507468123861566767e+01,1.796120218579235086e+02
8.135006435006434344e+01,1.399601029601029438e+02,7.513370998116759836e+01,1.796836158192090522e+02
8.129921259842519987e+01,1.398228346456693032e+02,7.517979797979798207e+01,1.797636363636363512e+02
8.179665379665378566e+01,1.402471042471042608e+02,7.514314928425356754e+01,1.798384458077709382e+02
8.219338422391857080e+01,1.406424936386768252e+02,7.382674199623350830e+01,1.802919020715630722e+02
8.224287484510531954e+01,1.405972738537794271e+02,7.308080808080806889e+01,1.803474747474747346e+02
8.262962962962963331e+01,1.409506172839506064e+02,7.285714285714286120e+01,1.805961904761904577e+02
8.290476190476189799e+01,1.411557271557271349e+02,nan,nan
8.311704834605596659e+01,1.414478371501272136e+02,7.175203252032520140e+01,1.800955284552845512e+02
8.316791979949873337e+01,1.415764411027568599e+02,7.106114398422090517e+01,1.794477317554240585e+02
8.332517006802720516e+01,1.416027210884353735e+02,7.040545808966861330e+01,1.790896686159844080e+02
8.366268260292164882e+01,1.421301460823373191e+02,7.002697495183043941e+01,1.789248554913294811e+02
8.371713147410358147e+01,1.420956175298804851e+02,6.919348659003830448e+01,1.787816091954022966e+02
8.379704301075267381e+01,1.424973118279569633e+02,6.839106145251396640e+01,1.785083798882681663e+02
8.431878306878306262e+01,1.427645502645502518e+02,6.727969348659003401e+01,1.780804597701149419e+02
8.436482939632544742e+01,1.427349081364829431e+02,6.646435452793834031e+01,1.776936416184971108e+02
8.482740447957839081e+01,1.434229249011857803e+02,6.598305084745763338e+01,1.775668549905838063e+02
8.529411764705882604e+01,1.439372549019607845e+02,6.555432780847144159e+01,1.773683241252302025e+02
8.539550264550263137e+01,1.439656084656084545e+02,6.454924242424242209e+01,1.769602272727272805e+02
8.603333333333331723e+01,1.448628205128204911e+02,6.408925318761383494e+01,1.767340619307832412e+02
8.651239669421487122e+01,1.459104683195592145e+02,6.358787878787878611e+01,1.763717171717171652e+02
8.696296296296294770e+01,1.462910052910052627e+02,6.353219696969696884e+01,1.760909090909090935e+02
8.731459170013386029e+01,1.467911646586345285e+02,6.346857142857142975e+01,1.760552380952380815e+02
8.762800000000000011e+01,1.471533333333333076e+02,6.307532956685498249e+01,1.758305084745762770e+02
8.780291005291005035e+01,1.475793650793650897e+02,6.300968992248061795e+01,1.758759689922480618e+02
8.834395750332004127e+01,1.480292164674634705e+02,6.212734082397003732e+01,1.752059925093632842e+02
8.892226613965743809e+01,1.490079051383399076e+02,6.187795992714025317e+01,1.747723132969034623e+02
8.931794871794870971e+01,1.495717948717948502e+02,6.207303370786517149e+01,1.742996254681647770e+02
8.936387782204515418e+01,1.497330677290836718e+02,6.209836065573770725e+01,1.738506375227686647e+02
8.999598393574297006e+01,1.507068273092369566e+02,6.147777777777777430e+01,1.727925925925925696e+02
9.036401673640168042e+01,1.513974895397489604e+02,6.137616387337057233e+01,1.722513966480447039e+02
9.066666666666667140e+01,1.514894179894179729e+02,6.132947976878612906e+01,1.720019267822735856e+02
9.098491083676267976e+01,1.527023319615911987e+02,6.137621832358673402e+01,1.719883040935672511e+02
9.113361462728549611e+01,1.533291139240506311e+02,6.103423423423422634e+01,1.717909909909909913e+02
9.135277777777777430e+01,1.535111111111110915e+02,6.074456521739130466e+01,1.717210144927535964e+02
9.145663956639566550e+01,1.535718157181571826e+02,6.024908424908424109e+01,1.712985347985348028e+02
9.164807436918989936e+01,1.543519256308100864e+02,6.041532976827094359e+01,1.715187165775401184e+02
9.165338645418326280e+01,1.552828685258964185e+02,6.041532976827094359e+01,1.715187165775401184e+02
9.160655737704918522e+01,1.560081967213114638e+02,6.007843137254901933e+01,1.713172905525846659e+02
9.167724867724867011e+01,1.569550264550264558e+02,5.997108843537414202e+01,1.715255102040816269e+02
9.154253835425382135e+01,1.577698744769874395e+02,5.954029304029303660e+01,1.710659340659340728e+02
9.169758064516129537e+01,1.579946236559139550e+02,5.926702508960573113e+01,1.710430107526881613e+02
9.168579234972676772e+01,1.582486338797814085e+02,5.913405797101449224e+01,1.710452898550724683e+02
9.173385012919895587e+01,1.588320413436692320e+02,5.847723132969034054e+01,1.706320582877959851e+02
9.153988603988602790e+01,1.605413105413105370e+02,5.856521739130435122e+01,1.708206521739130324e+02
9.175745784695200769e+01,1.602191958495460256e+02,5.796705426356588475e+01,1.704321705426356459e+02
9.168133333333332757e+01,1.610906666666666638e+02,5.803468208092485270e+01,1.705587668593448711e+02
9.153360215053763227e+01,1.621680107526881613e+02,5.802681992337164729e+01,1.705229885057471222e+02
9.140272108843537069e+01,1.627442176870748085e+02,5.751268115942028203e+01,1.705126811594202820e+02
9.138775510204081343e+01,1.633374149659863974e+02,5.764652014652014600e+01,1.707857142857142776e+02
9.130367231638416570e+01,1.637725988700564699e+02,5.697363465160074725e+01,1.701261770244821037e+02
9.104414003044138326e+01,1.652435312024352925e+02,5.708734402852049072e+01,1.697664884135472221e+02
9.099705014749261522e+01,1.659808259587020416e+02,5.698666666666666458e+01,1.692761904761904646e+02
9.090476190476189799e+01,1.666536796536796601e+02,5.700915750915750380e+01,1.692014652014651972e+02
9.066356589147285661e+01,1.678155038759689717e+02,5.705719921104535786e+01,1.686646942800788906e+02
9.090434782608696196e+01,1.676028985507246318e+02,5.727717391304347672e+01,1.687246376811594075e+02
9.059765051395005742e+01,1.688810572687224578e+02,5.762615101289133435e+01,1.679300184162062521e+02
9.071589310829816100e+01,1.693938115330520304e+02,5.779999999999999716e+01,1.676870370370370154e+02
9.065170068027209993e+01,1.700707482993197175e+02,5.775322283609575891e+01,1.675856353591160257e+02
9.057101449275361915e+01,1.706681159420289760e+02,5.802014652014651830e+01,1.665238095238095184e+02
9.019943019943018214e+01,1.720128205128205252e+02,5.822355289421157210e+01,1.660758483033932009e+02
9.035875706214687852e+01,1.721765536723163734e+02,5.814689265536723184e+01,1.665235404896421585e+02
9.038800000000000523e+01,1.726826666666666483e+02,5.836094674556213135e+01,1.656311637080867740e+02
9.023633879781419864e+01,1.735027322404371546e+02,5.832941176470588118e+01,1.648549019607843036e+02
9.018875502008032186e+01,1.739410977242302465e+02,5.839113680154142116e+01,1.645549132947977000e+02
9.004149377593361692e+01,1.744315352697095420e+02,5.844444444444444287e+01,1.638693957115009709e+02
8.990555555555555145e+01,1.752291666666666572e+02,5.832755298651252218e+01,1.635472061657032725e+02
8.993004115226337092e+01,1.758449931412894216e+02,5.832755298651252218e+01,1.635472061657032725e+02
8.995102040816325939e+01,1.763510204081632651e+02,5.800360360360360090e+01,1.631675675675675734e+02
8.977366255144032436e+01,1.769272976680383920e+02,5.800360360360360090e+01,1.631675675675675734e+02
8.980680272108843099e+01,1.776299319727891088e+02,5.789259259259259238e+01,1.624611111111111086e+02
9.000806451612903913e+01,1.776787634408601946e+02,5.791208791208791240e+01,1.619413919413919416e+02
8.980722891566264821e+01,1.786318607764390833e+02,5.791208791208791240e+01,1.619413919413919416e+02
8.982749675745783691e+01,1.791128404669260590e+02,5.789673913043478137e+01,1.618659420289855007e+02
8.978714859437751272e+01,1.796827309236947769e+02,5.775824175824175910e+01,1.621721611721611680e+02
8.970153417015340835e+01,1.805913528591352701e+02,5.774157303370786565e+01,1.611161048689138511e+02
8.970817120622568552e+01,1.813047989623864851e+02,5.776704545454545325e+01,1.608712121212121247e+02
8.968930817610062434e+01,1.821220125786163351e+02,5.777231329690345518e+01,1.610983606557377072e+02
8.959217171717170913e+01,1.830290404040403871e+02,5.780898876404494047e+01,1.609962546816479403e+02
8.963636363636364024e+01,1.833396464646464494e+02,5.746739130434782794e+01,1.606829710144927503e+02
8.953491436100131295e+01,1.843241106719367508e+02,5.729400749063669451e+01,1.603220973782771352e+02
8.947900262467190657e+01,1.850656167979002475e+02,5.733517495395948060e+01,1.599005524861878484e+02
8.929614873837981293e+01,1.863227091633466159e+02,5.725235404896421443e+01,1.597288135593220204e+02
8.921271076523993315e+01,1.871102464332035993e+02,5.716757741347905153e+01,1.596885245901639223e+02
8.925526641883517698e+01,1.877410161090458303e+02,5.719238095238095099e+01,1.591999999999999886e+02
8.896782496782495286e+01,1.888880308880308974e+02,5.716568047337278102e+01,1.588343195266272119e+02
8.876348547717842052e+01,1.897634854771784205e+02,5.700963391136801306e+01,1.589152215799614680e+02
8.891767881241564453e+01,1.900364372469635725e+02,5.700963391136801306e+01,1.589152215799614680e+02
8.894537815126049907e+01,1.905028011204481686e+02,5.703275529865124582e+01,1.581387283236994108e+02
8.890533333333333132e+01,1.914906666666666695e+02,5.703275529865124582e+01,1.581387283236994108e+02
8.872983870967742348e+01,1.926720430107526738e+02,5.678805394990365585e+01,1.574759152215799531e+02
8.851490514905148643e+01,1.936124661246612391e+02,5.688323917137476116e+01,1.573954802259887060e+02
8.842034805890226323e+01,1.941405622489959910e+02,5.693482309124766516e+01,1.573240223463687073e+02
8.849143610013175021e+01,1.943003952569169996e+02,5.681191806331470673e+01,1.572905027932960991e+02
8.842968750000000000e+01,1.954114583333333144e+02,5.683804143126176456e+01,1.573163841807909478e+02
8.810330578512396471e+01,1.965936639118457094e+02,5.635164835164835040e+01,1.570091575091574896e+02
8.822267206477732771e+01,1.964777327935222786e+02,5.652717391304347672e+01,1.571159420289855007e+02
8.807246376811593791e+01,1.975177865612648134e+02,5.662222222222222001e+01,1.570018518518518533e+02
8.789058524173027820e+01,1.985865139949109448e+02,5.679284369114876796e+01,1.568305084745762770e+02
8.780384615384615188e+01,1.991102564102563974e+02,5.674137931034482563e+01,1.561360153256704848e+02
8.756339869281045196e+01,1.999137254901960716e+02,5.655172413793103203e+01,1.553448275862068897e+02
8.733587786259542440e+01,2.007569974554707244e+02,5.648269581056465682e+01,1.550382513661202211e+02
8.702971576227389505e+01,2.013811369509043629e+02,5.646014492753622704e+01,1.550942028985507193e+02
8.694423320659061005e+01,2.011888466413181220e+02,5.637753222836094835e+01,1.550110497237569120e+02
8.646666666666666856e+01,2.019580246913580197e+02,5.625274725274725540e+01,1.553717948717948616e+02
8.552704402515722393e+01,2.028603773584905525e+02,5.642581888246628097e+01,1.554874759152215802e+02
8.525650557620818404e+01,2.034237918215613377e+02,5.639113680154142116e+01,1.558747591522158018e+02
8.445522388059701768e+01,2.041716417910447774e+02,5.642054263565890437e+01,1.558197674418604777e+02
8.414341085271317411e+01,2.043966408268733801e+02,5.642054263565890437e+01,1.558197674418604777e+02
8.324088541666665719e+01,2.051679687500000000e+02,5.656227106227105850e+01,1.552838827838827740e+02
8.260941475826970759e+01,2.057697201017811608e+02,5.653942652329748597e+01,1.552347670250895817e+02
8.129880478087649465e+01,2.067343957503319984e+02,5.658738738738738761e+01,1.554000000000000057e+02
8.078800557880055067e+01,2.070808926080892434e+02,5.651612903225806406e+01,1.554659498207885235e+02
8.046018893387314108e+01,2.072307692307692264e+02,5.656521739130435122e+01,1.553677536231884062e+02
7.976610644257702631e+01,2.078935574229691667e+02,5.651612903225806406e+01,1.554659498207885235e+02
7.860933333333332484e+01,2.082666666666666515e+02,5.688081936685288298e+01,1.546275605214152620e+02
7.811462450592885887e+01,2.086521739130434696e+02,5.672631578947368070e+01,1.544105263157894683e+02
7.757768924302789060e+01,2.089229747675962585e+02,5.682331511839708327e+01,1.540965391621129186e+02
7.708502024291497889e+01,2.089784075573549273e+02,5.669832402234636959e+01,1.541992551210428246e+02
7.637414965986393156e+01,2.090462585034013330e+02,5.669303201506590995e+01,1.541318267419962353e+02
7.514425770308122310e+01,2.092689075630252091e+02,5.658333333333332860e+01,1.536550387596899157e+02
7.459229747675961164e+01,2.092602921646746097e+02,5.675490196078430927e+01,1.532941176470588118e+02
7.363900414937759820e+01,2.091549100968187815e+02,5.688690476190475920e+01,1.530813492063491879e+02
7.333891213389121333e+01,2.092078103207810216e+02,5.688757396449704373e+01,1.526646942800788906e+02
7.282930107526880192e+01,2.091330645161290249e+02,5.688757396449704373e+01,1.526646942800788906e+02
7.204801097393688281e+01,2.092427983539094782e+02,5.720441988950275913e+01,1.521896869244935431e+02
7.137450199203186685e+01,2.092164674634794039e+02,5.727272727272727337e+01,1.515549242424242209e+02
7.076509186351705694e+01,2.090997375328083763e+02,5.718095238095237676e+01,1.513961904761904691e+02
6.996560846560845448e+01,2.089298941798941485e+02,5.718095238095237676e+01,1.513961904761904691e+02
6.996560846560845448e+01,2.089298941798941485e+02,5.739311594202897737e+01,1.509601449275362199e+02
6.938440860215052908e+01,2.089758064516128968e+02,5.754095238095237619e+01,1.502876190476190459e+02
6.885094850948509304e+01,2.089037940379403722e+02,5.784482758620689680e+01,1.499061302681992061e+02
6.853142076502730617e+01,2.088879781420764914e+02,5.788202247191011196e+01,1.498520599250936129e+02
6.715803452855244871e+01,2.082084993359893588e+02,5.792783505154638846e+01,1.495240549828178587e+02
6.651562500000000000e+01,2.081093750000000000e+02,5.801318267419961927e+01,1.492598870056497162e+02
6.584391534391532730e+01,2.078730158730158735e+02,5.831764705882353184e+01,1.487490196078431381e+02
6.541153846153845564e+01,2.077051282051281760e+02,5.843678160919539977e+01,1.486053639846743124e+02
6.453767560664111613e+01,2.072439335887611662e+02,5.854511970534069576e+01,1.482928176795579986e+02
6.418159203980098937e+01,2.068345771144278444e+02,5.873784722222222143e+01,1.478993055555555429e+02
6.355380577427821009e+01,2.062519685039370074e+02,5.903614457831325524e+01,1.468835341365461602e+02
6.314303959131544985e+01,2.057509578544061242e+02,5.922527472527472270e+01,1.462289377289377228e+02
6.233195592286500641e+01,2.045426997245178882e+02,5.921042830540037016e+01,1.461415270018621868e+02
6.228174603174603163e+01,2.042433862433862259e+02,5.921042830540037016e+01,1.461415270018621868e+02
6.191532258064516014e+01,2.044327956989247070e+02,5.974444444444444713e+01,1.450981481481481410e+02
6.161311914323962213e+01,2.032771084337349521e+02,5.978804347826086740e+01,1.450688405797101268e+02
6.121223958333332860e+01,2.025442708333333144e+02,5.989871086556168933e+01,1.443959484346224542e+02
6.093010752688172005e+01,2.021263440860214757e+02,6.033709981167607594e+01,1.439566854990583806e+02
6.089234760051880357e+01,2.022632944228274994e+02,6.033709981167607594e+01,1.439566854990583806e+02
6.069696969696969546e+01,2.017351778656126555e+02,6.059659090909090651e+01,1.434015151515151274e+02
6.055601659751037147e+01,2.014481327800830002e+02,6.072549019607842524e+01,1.432103386809269239e+02
6.023441734417343696e+01,2.003387533875338420e+02,6.108522727272727337e+01,1.424185606060605949e+02
6.017163120567375501e+01,1.991744680851063833e+02,6.100190476190475408e+01,1.423485714285714323e+02
6.032170542635658705e+01,1.998139534883721069e+02,6.104238921001925888e+01,1.423410404624277419e+02
6.047440699126092056e+01,1.993058676654182193e+02,6.100555555555555287e+01,1.421814814814814554e+02
6.050375939849624274e+01,1.989448621553884493e+02,6.105617977528089568e+01,1.419588014981273147e+02
6.112685560053980538e+01,1.978151147098515423e+02,6.135555555555555429e+01,1.415878787878787932e+02
6.127260458839405999e+01,1.975303643724696485e+02,6.156353591160220873e+01,1.410791896869244795e+02
6.145199999999999818e+01,1.972906666666666524e+02,6.144751381215469621e+01,1.409410681399631642e+02
6.165085638998682072e+01,1.970948616600790615e+02,6.152352941176470580e+01,1.408627450980391984e+02
6.192005420054199760e+01,1.966734417344173380e+02,6.141279069767441712e+01,1.407635658914728651e+02
6.271031746031746223e+01,1.955740740740740762e+02,6.176565656565655615e+01,1.403474747474747346e+02
6.271834625322996715e+01,1.956408268733849809e+02,6.175542406311636512e+01,1.400966469428007883e+02
6.280415045395589857e+01,1.955317769130998613e+02,6.169860279441117257e+01,1.401696606786427139e+02
6.318399999999999750e+01,1.951586666666666474e+02,nan,nan
6.364487179487178281e+01,1.946294871794871710e+02,6.222410546139359155e+01,1.392862523540489406e+02
6.393783068783068302e+01,1.943108465608465281e+02,6.221104536489151826e+01,1.391104536489151826e+02
6.452964426877470316e+01,1.935335968379446570e+02,6.227290448343079277e+01,1.390506822612085500e+02
6.459669211195928540e+01,1.935318066157760768e+02,6.230588235294117538e+01,1.390000000000000000e+02
6.492239185750635500e+01,1.930941475826971896e+02,6.241379310344827758e+01,1.386475095785440601e+02
6.585992217898832735e+01,1.920207522697794786e+02,6.251210428305400058e+01,1.384543761638733770e+02
6.648472222222221717e+01,1.911791666666666742e+02,6.265703275529865124e+01,1.379152215799614680e+02
6.670967741935483275e+01,1.909677419354838719e+02,6.274705882352941444e+01,1.377686274509803752e+02
6.731558935361216811e+01,1.903307984790874627e+02,6.270930232558139750e+01,1.377713178294573595e+02
6.808496732026142695e+01,1.895908496732025981e+02,6.270930232558139750e+01,1.377713178294573595e+02
6.843579234972676772e+01,1.891489071038251097e+02,6.285549132947976858e+01,1.375953757225433662e+02
6.966388888888887720e+01,1.876013888888888630e+02,6.298983739837397877e+01,1.368211382113821060e+02
6.934244791666665719e+01,1.880065104166666572e+02,6.300941619585687192e+01,1.368380414312617575e+02
7.005703422053231577e+01,1.872458808618504236e+02,6.300941619585687192e+01,1.368380414312617575e+02
7.070551378446114654e+01,1.864197994987468689e+02,6.320289855072463325e+01,1.366884057971014386e+02
7.151764705882352757e+01,1.853398692810457362e+02,6.320289855072463325e+01,1.366884057971014386e+02
7.227670527670527179e+01,1.845225225225225074e+02,6.375724637681158669e+01,1.359094202898550634e+02
7.265389527458492580e+01,1.839642401021711180e+02,6.375789473684210407e+01,1.359473684210526301e+02
7.321115537848605470e+01,1.834196547144753993e+02,6.376427255985266385e+01,1.359779005524861759e+02
7.348519948519947320e+01,1.830064350064349981e+02,6.409653916211293279e+01,1.361020036429872277e+02
7.443384223918573639e+01,1.820038167938931224e+02,6.438541666666667140e+01,1.361909722222222001e+02
7.509706257982119837e+01,1.811902937420178716e+02,6.491111111111109722e+01,1.357030303030302889e+02
7.601472556894242416e+01,1.800508701472556936e+02,6.524810606060606233e+01,1.354223484848484702e+02
7.625954198473282020e+01,1.797569974554707244e+02,6.524810606060606233e+01,1.354223484848484702e+02
7.676827757125154506e+01,1.790545229244114012e+02,6.524810606060606233e+01,1.354223484848484702e+02
7.750063856960407804e+01,1.781213282247765051e+02,6.577348066298343099e+01,1.349852670349907839e+02
7.851241830065357874e+01,1.765529411764705969e+02,6.592181069958847672e+01,1.346049382716049365e+02
7.881291172595518901e+01,1.760988142292490011e+02,6.570411985018725431e+01,1.347359550561797619e+02
7.964541832669323185e+01,1.747755644090305225e+02,6.547916666666665719e+01,1.347878787878787818e+02
8.031660231660231375e+01,1.737181467181467269e+02,6.545614035087719174e+01,1.347153996101364442e+02
8.084085213032579986e+01,1.727731829573934874e+02,6.540540540540540349e+01,1.345081081081081038e+02
8.173101673101672304e+01,1.714169884169884028e+02,6.571639042357274718e+01,1.337311233885819490e+02
8.199725651577503527e+01,1.707832647462277009e+02,6.560220994475137957e+01,1.340092081031307316e+02
8.241602067183461600e+01,1.700594315245477901e+02,6.547962962962962763e+01,1.339574074074074019e+02
8.288456549935148132e+01,1.689818417639429242e+02,6.537827715355804514e+01,1.337808988764045068e+02
8.316602809706257915e+01,1.684572158365261600e+02,6.528864059590316060e+01,1.339143389199255125e+02
8.376793248945148207e+01,1.670112517580871838e+02,6.530214424951266494e+01,1.330682261208576733e+02
8.420502645502644157e+01,1.661441798941798709e+02,6.540631163708086149e+01,1.332504930966469487e+02
8.430025445292619679e+01,1.656692111959287388e+02,6.540631163708086149e+01,1.332504930966469487e+02
8.469240669240669206e+01,1.648764478764478838e+02,6.534313725490194713e+01,1.330117647058823422e+02
8.526478494623654569e+01,1.639623655913978268e+02,6.526356589147286513e+01,1.328837209302325562e+02
8.554595336076816636e+01,1.629725651577503243e+02,6.530339321357284632e+01,1.322594810379241324e+02
8.570523415977960724e+01,1.626377410468319340e+02,6.509416195856873344e+01,1.325386064030131763e+02
8.619346405228758101e+01,1.613869281045751620e+02,6.510476190476190084e+01,1.324799999999999898e+02
8.620713305898490830e+01,1.613182441700959941e+02,6.521511627906976116e+01,1.323003875968992133e+02
8.642599742599742285e+01,1.608571428571428612e+02,6.521511627906976116e+01,1.323003875968992133e+02
8.690340136054420839e+01,1.593673469387755119e+02,6.527118644067796538e+01,1.316478342749529133e+02
8.727074829931972033e+01,1.587428571428571331e+02,6.509961685823753896e+01,1.317873563218390700e+02
8.727564102564102200e+01,1.586487179487179446e+02,6.518007662835248084e+01,1.317873563218390700e+02
8.763824289405684453e+01,1.577739018087855243e+02,6.493869731800765521e+01,1.318448275862068897e+02
8.794702842377260765e+01,1.571020671834625091e+02,6.493869731800765521e+01,1.318448275862068897e+02
8.838132295719844933e+01,1.558482490272373582e+02,6.478084714548802481e+01,1.315543278084714416e+02
8.846913580246913966e+01,1.557393689986282368e+02,6.457446808510638903e+01,1.318351063829787222e+02
8.861197916666665719e+01,1.551497395833333144e+02,6.455495495495495106e+01,1.317873873873873833e+02
8.918930041152263755e+01,1.537105624142661213e+02,6.433333333333332860e+01,1.320039920159680378e+02
8.926190476190475920e+01,1.531203703703703525e+02,6.426429980276134302e+01,1.320867850098619272e+02
8.976923076923077360e+01,1.522699055330634224e+02,6.403724394785847096e+01,1.322588454376163725e+02
8.978423772609818343e+01,1.521834625322997283e+02,6.385416666666665719e+01,1.324204545454545325e+02
9.014785992217899491e+01,1.507924773022049294e+02,6.391992551210427820e+01,1.324096834264431948e+02
9.051865671641790811e+01,1.503271144278606926e+02,6.391992551210427820e+01,1.324096834264431948e+02
9.067049808429118229e+01,1.496934865900383045e+02,6.358787878787878611e+01,1.326404040404040359e+02
9.132930107526880192e+01,1.485295698924730914e+02,6.297222222222222143e+01,1.330500000000000114e+02
9.133720930232557578e+01,1.482739018087855243e+02,6.290804597701149703e+01,1.331494252873563084e+02
9.187464387464386562e+01,1.471766381766381642e+02,6.290588235294117680e+01,1.331529411764705912e+02
9.218655692729765860e+01,1.458587105624142453e+02,6.290588235294117680e+01,1.331529411764705912e+02
9.226229508196720985e+01,1.452349726775956071e+02,6.235428571428571587e+01,1.331009523809523785e+02
9.270529327610871917e+01,1.437839771101573660e+02,6.204907975460123026e+01,1.330020449897750439e+02
9.256561679790024755e+01,1.439973753280839617e+02,6.199042145593868725e+01,1.331494252873563084e+02
9.288800000000000523e+01,1.426293333333333067e+02,6.199042145593868725e+01,1.331494252873563084e+02
9.295833333333332860e+01,1.414327956989247070e+02,6.136206896551723844e+01,1.337030651340996030e+02
9.297866666666665481e+01,1.409573333333333096e+02,6.129775280898876133e+01,1.337790262172284486e+02
9.317366946778710712e+01,1.403109243697479087e+02,6.131137724550897872e+01,1.339021956087824208e+02
9.325520833333332860e+01,1.396380208333333144e+02,6.122962962962962052e+01,1.343981481481481239e+02
9.336546184738955390e+01,1.384725568942436382e+02,6.169814814814814241e+01,1.346277777777777658e+02
9.339840637450198813e+01,1.377715803452855141e+02,6.165340909090909349e+01,1.354053030303030312e+02
9.327434842249655844e+01,1.363936899862825669e+02,6.256741573033708192e+01,1.356666666666666572e+02
9.359156785243740728e+01,1.361488801054018438e+02,nan,nan
9.354311454311452678e+01,1.355315315315315274e+02,6.300931098696461419e+01,1.363351955307262529e+02
9.354797979797979224e+01,1.342588383838383663e+02,6.272904483430799161e+01,1.368362573099415158e+02
9.362012578616351277e+01,1.333119496855345858e+02,6.272904483430799161e+01,1.368362573099415158e+02
9.362905317769130420e+01,1.318547341115434506e+02,6.276725838264299284e+01,1.372524654832346869e+02
9.354557823129250949e+01,1.305129251700680300e+02,6.324260355029586123e+01,1.381222879684418103e+02
9.341900937081659606e+01,1.297858099062918313e+02,6.362500000000000000e+01,1.393351449275362199e+02
9.330423280423279664e+01,1.291640211640211646e+02,6.444148936170212494e+01,1.408492907801418426e+02
9.290240811153358891e+01,1.276996197718631123e+02,6.486987522281638974e+01,1.412852049910873404e+02
9.244114002478313807e+01,1.266914498141264005e+02,6.585585585585585022e+01,1.420918918918918905e+02
9.214230769230769624e+01,1.258679487179487069e+02,6.549633699633699280e+01,1.425384615384615472e+02
9.188112745098038658e+01,1.253014705882352899e+02,6.616129032258064058e+01,1.432526881720430083e+02
9.142391304347826519e+01,1.243393719806763187e+02,6.642361111111110006e+01,1.436041666666666572e+02
9.094570707070705851e+01,1.233497474747474740e+02,6.670165745856353112e+01,1.440902394106813915e+02
9.073177083333332860e+01,1.229869791666666572e+02,6.789964157706091896e+01,1.450017921146953199e+02
8.975213675213674946e+01,1.216617826617826523e+02,6.782352941176471006e+01,1.454188948306595250e+02
8.926715686274508244e+01,1.210379901960784110e+02,6.825091575091575180e+01,1.459175824175824232e+02
8.863877822045152755e+01,1.201845949535192517e+02,6.803623188405796895e+01,1.459076086956521863e+02
8.839440203562340059e+01,1.199338422391857364e+02,6.779922027290447772e+01,1.461306042884990291e+02
8.792519685039370358e+01,1.196141732283464592e+02,6.724094202898550066e+01,1.460271739130434696e+02
8.654947916666665719e+01,1.188437500000000000e+02,6.728119180633146357e+01,1.464394785847299545e+02
8.597303921568627061e+01,1.187879901960784252e+02,6.664571428571429124e+01,1.463066666666666436e+02
8.555802469135801402e+01,1.184629629629629619e+02,6.649633699633699280e+01,1.464249084249084092e+02
8.569230769230769340e+01,1.183675213675213627e+02,6.628927203065133256e+01,1.467145593869731783e+02
8.450000000000000000e+01,1.181895674300254342e+02,6.616485507246376585e+01,1.467898550724637516e+02
8.282258064516129537e+01,1.179489247311827853e+02,6.575478927203064927e+01,1.469961685823754749e+02
8.284025157232703407e+01,1.179949685534591168e+02,6.578531073446328037e+01,1.473069679849340901e+02
8.243236714975844848e+01,1.179323671497584485e+02,6.576536312849161448e+01,1.472644320297951595e+02
8.112820512820512420e+01,1.179282051282051214e+02,6.546969696969696884e+01,1.475284090909090935e+02
7.997751322751322789e+01,1.181666666666666714e+02,6.510285714285714675e+01,1.473733333333333348e+02
7.875333333333333030e+01,1.184120000000000061e+02,6.471485943775100225e+01,1.474277108433734895e+02
7.889179104477611304e+01,1.183781094527363109e+02,6.458579881656804389e+01,1.474418145956607304e+02
7.781918819188192060e+01,1.187183271832718248e+02,6.453293413173652482e+01,1.474530938123752435e+02
7.792105263157894512e+01,1.184598997493734345e+02,6.453293413173652482e+01,1.474530938123752435e+02
7.679874213836477281e+01,1.188805031446540852e+02,6.407116104868913453e+01,1.473932584269662982e+02
7.526282051282051100e+01,1.195217948717948673e+02,6.286740331491712652e+01,1.471675874769797474e+02
7.495478036175710201e+01,1.195775193798449578e+02,6.258243727598565442e+01,1.471612903225806406e+02
7.392069392812886974e+01,1.200706319702602229e+02,6.243738977072310092e+01,1.473174603174603305e+02
7.376962676962676824e+01,1.200669240669240594e+02,6.249641577060931041e+01,1.473028673835125346e+02
7.304435994930290121e+01,1.203954372623574187e+02,6.189629629629629193e+01,1.473407407407407277e+02
7.146082337317396593e+01,1.213107569721115482e+02,6.155017921146952631e+01,1.474103942652329806e+02
7.130176767676766758e+01,1.213661616161616053e+02,6.101441441441441071e+01,1.474306306306306169e+02
7.179496402877697392e+01,1.211606714628297254e+02,6.114232209737826906e+01,1.474625468164794029e+02
7.041759603469640183e+01,1.217224287484510512e+02,6.130370370370370381e+01,1.479703703703703468e+02
6.993014705882353610e+01,1.220036764705882320e+02,6.083425414364641171e+01,1.482909760589318466e+02
6.894987468671678243e+01,1.225563909774436127e+02,6.106165703275529211e+01,1.491657032755298644e+02
6.883207070707069875e+01,1.229078282828282767e+02,6.097962962962962052e+01,1.496333333333333258e+02
6.896981132075471521e+01,1.232364779874213809e+02,6.132972972972972769e+01,1.503279279279279024e+02
6.900258397932815058e+01,1.236447028423772565e+02,6.158148148148147527e+01,1.511055555555555543e+02
6.902469135802469680e+01,1.252716049382716079e+02,6.224855491329479662e+01,1.520423892100192518e+02
6.905731523378581471e+01,1.261357466063348483e+02,6.206470588235293917e+01,1.524666666666666686e+02
6.931944444444442865e+01,1.265499999999999972e+02,6.247771836007129309e+01,1.529126559714794951e+02
6.953763440860214473e+01,1.271021505376344010e+02,6.240489642184557084e+01,1.534632768361582009e+02
6.974493927125506332e+01,1.276167341430499249e+02,6.268939393939393057e+01,1.543882575757575637e+02
6.994444444444442865e+01,1.280297157622738951e+02,6.312068965517241281e+01,1.553697318007662886e+02
7.022807017543858876e+01,1.290094466936572246e+02,6.256227106227105850e+01,1.557252747252747156e+02
7.080610889774236227e+01,1.298326693227091653e+02,6.296022727272727337e+01,1.563882575757575637e+02
7.072859025032937552e+01,1.292832674571805001e+02,6.232442067736185010e+01,1.568431372549019613e+02
7.164786967418545771e+01,1.301077694235588922e+02,6.218007662835248084e+01,1.574501915708812305e+02
7.205026455026454357e+01,1.303452380952381020e+02,6.210578842315369030e+01,1.579740518962075839e+02
7.272997416020670869e+01,1.312390180878552997e+02,6.234756097560975263e+01,1.586951219512195053e+02
7.351322751322750548e+01,1.316772486772486559e+02,6.160473588342440365e+01,1.587522768670309574e+02
7.398760330578512878e+01,1.320426997245178882e+02,6.190666666666666629e+01,1.593580952380952169e+02
7.459699453551911574e+01,1.324303278688524586e+02,6.116851851851851052e+01,1.597777777777777715e+02
7.495484727755642496e+01,1.327091633466135363e+02,6.134254143646408863e+01,1.605598526703498976e+02
7.536950904392764983e+01,1.329638242894056646e+02,6.086924493554327142e+01,1.608342541436464046e+02
7.594052044609665586e+01,1.334126394052044589e+02,6.087407407407406623e+01,1.613444444444444343e+02
7.639473684210526017e+01,1.336015037593984971e+02,6.082136279926334765e+01,1.617550644567218967e+02
7.714128943758572632e+01,1.341522633744855852e+02,6.090784313725489341e+01,1.620764705882352814e+02
7.782857142857142208e+01,1.346938775510204209e+02,6.053564547206165258e+01,1.624431599229286860e+02
7.846719160104986202e+01,1.351509186351705978e+02,6.001685393258426870e+01,1.627883895131085978e+02
7.899876084262700715e+01,1.356257744733580921e+02,5.989241622574955670e+01,1.631410934744267820e+02
7.937990196078430927e+01,1.358382352941176521e+02,5.978726968174203904e+01,1.632294807370184060e+02
8.005943152454780432e+01,1.365426356589147190e+02,5.983241252302025259e+01,1.637937384898710604e+02
8.086998616874134882e+01,1.372669432918395387e+02,5.975894538606402051e+01,1.637062146892655505e+02
8.156521739130434412e+01,1.379736495388669084e+02,5.960283687943261555e+01,1.644840425531915002e+02
8.219869281045750142e+01,1.385856209150326492e+02,5.930054644808743092e+01,1.644663023679416938e+02
8.291153846153845564e+01,1.391923076923076792e+02,5.951872659176029146e+01,1.647265917602996126e+02
8.339382239382238993e+01,1.395250965250965294e+02,5.968786127167629729e+01,1.653603082851637680e+02
8.390086741016108363e+01,1.401363073110285029e+02,5.930681818181817988e+01,1.653636363636363740e+02
8.476150627615062660e+01,1.407838214783821229e+02,5.941910331384015365e+01,1.654171539961013480e+02
8.513856209150326038e+01,1.409947712418300512e+02,5.904528985507245409e+01,1.655706521739130324e+02
8.578045515394912002e+01,1.414123159303882176e+02,5.869157088122604904e+01,1.657203065134099518e+02
8.608974358974359120e+01,1.416461538461538510e+02,5.895785440613026651e+01,1.658735632183908137e+02
8.641984732824427340e+01,1.417404580152671656e+02,5.806375227686702800e+01,1.658724954462659298e+02
8.729542483660129903e+01,1.427359477124182945e+02,5.823255813953488058e+01,1.661046511627907023e+02
8.806693440428379915e+01,1.433547523427041313e+02,5.772761904761904361e+01,1.659066666666666663e+02
8.869095816464236748e+01,1.440161943319837974e+02,5.793973634651599980e+01,1.664350282485875709e+02
8.917795484727754740e+01,1.442828685258964185e+02,5.771245421245421170e+01,1.668699633699633580e+02
8.949612403100775282e+01,1.445658914728682305e+02,5.778089887640449263e+01,1.674831460674157313e+02
8.993050193050193286e+01,1.449034749034749154e+02,5.772222222222222143e+01,1.676130268199233626e+02
9.079693486590038276e+01,1.455977011494252906e+02,5.773106060606060197e+01,1.676742424242424079e+02
9.127496757457845433e+01,1.461024643320363054e+02,5.790710382513660903e+01,1.677395264116575504e+02
9.162820512820512420e+01,1.463448717948717785e+02,5.795970695970695630e+01,1.677344322344322336e+02
9.252658884565498454e+01,1.471932555123216559e+02,5.785974499089252276e+01,1.676830601092896131e+02
9.298437500000000000e+01,1.475898437500000000e+02,5.864497041420118251e+01,1.685226824457593580e+02
9.332520325203252298e+01,1.478821138211382049e+02,5.825655430711610450e+01,1.682041198501872543e+02
9.385714285714286120e+01,1.483873873873873777e+02,5.825655430711610450e+01,1.682041198501872543e+02
9.462500000000000000e+01,1.493709677419354875e+02,5.844797178130511384e+01,1.678977072310405561e+02
9.533333333333332860e+01,1.502185338865836570e+02,5.844797178130511384e+01,1.678977072310405561e+02
9.582845188284518656e+01,1.508507670850766829e+02,5.865036231884057827e+01,1.679257246376811565e+02
9.619319727891155480e+01,1.513959183673469511e+02,5.900000000000000000e+01,1.679545454545454675e+02
9.660978835978835377e+01,1.517552910052909851e+02,5.908468468468468160e+01,1.678126126126126110e+02
9.695314591700133633e+01,1.523373493975903727e+02,5.954010695187165680e+01,1.678467023172905499e+02
9.751972789115646378e+01,1.533795918367347042e+02,5.985964912280701355e+01,1.678140350877192759e+02
9.772244355909694491e+01,1.536719787516600206e+02,6.047701149425287070e+01,1.681226053639846612e+02
9.868571428571428328e+01,1.549428571428571502e+02,6.039924670433144627e+01,1.681713747645951003e+02
9.911845730027546608e+01,1.555606060606060623e+02,6.082834331337324585e+01,1.681117764471057683e+02
9.957831325301204117e+01,1.561285140562249012e+02,6.098876404494382086e+01,1.682022471910112245e+02
9.972156862745097783e+01,1.561921568627450938e+02,6.090423572744014535e+01,1.681233885819520992e+02
1.003491436100131722e+02,1.571739130434782510e+02,6.151461988304093609e+01,1.685126705653021304e+02
1.007926829268292721e+02,1.578387533875338420e+02,6.172161172161171550e+01,1.684304029304029200e+02
1.010226666666666517e+02,1.582906666666666524e+02,6.258333333333332860e+01,1.688391472868216852e+02
1.013360995850622430e+02,1.584744121715075948e+02,6.293939393939393767e+01,1.689821746880570288e+02
1.023333333333333286e+02,1.600636856368563485e+02,6.325000000000000000e+01,1.692244897959183731e+02
1.024966261808366994e+02,1.603076923076923208e+02,6.433891992551210137e+01,1.698193668528863896e+02
1.030591397849462254e+02,1.611102150537634259e+02,6.465938069216757356e+01,1.697905282331511785e+02
1.037634854771784205e+02,1.621258644536652582e+02,6.493121693121693738e+01,1.698395061728394921e+02
1.039365721997300938e+02,1.624534412955465541e+02,6.592553191489361097e+01,1.701932624113475185e+02
1.043224932249322450e+02,1.631883468834688244e+02,6.613804713804712776e+01,1.701279461279461032e+02
1.046829268292682968e+02,1.639783197831978327e+02,6.710746812386156535e+01,1.708142076502732323e+02
1.051978319783197691e+02,1.648766937669376489e+02,6.814855072463767272e+01,1.712282608695652186e+02
1.056101694915254257e+02,1.654985875706214529e+02,6.931460674157303004e+01,1.716086142322097317e+02
1.058814504881450347e+02,1.664184100418410139e+02,7.014835164835164960e+01,1.718186813186813140e+02
1.061700404858299578e+02,1.671322537112010593e+02,7.060103626943005395e+01,1.723091537132987696e+02
1.065625000000000000e+02,1.686708333333333201e+02,7.164695340501791065e+01,1.728763440860215042e+02
1.067052767052767024e+02,1.694517374517374435e+02,7.348090277777777146e+01,1.735486111111110858e+02
1.069462365591397770e+02,1.705000000000000000e+02,7.450868055555555713e+01,1.739565972222222001e+02
1.073063063063063112e+02,1.718378378378378386e+02,7.559574468085106957e+01,1.749219858156028238e+02
1.074477825464949916e+02,1.722546494992846817e+02,7.654891304347826519e+01,1.755652173913043441e+02
1.076549019607843150e+02,1.726209150326797328e+02,7.721134020618556804e+01,1.757749140893470496e+02
1.078417366946778628e+02,1.745280112044817713e+02,7.838045375218149502e+01,1.766684118673647390e+02
1.079973226238286372e+02,1.745983935742971767e+02,7.918950930626057527e+01,1.772994923857868059e+02
1.082751773049645294e+02,1.754553191489361836e+02,8.002268760907503520e+01,1.780209424083769534e+02
1.086609686609686491e+02,1.766837606837606813e+02,8.017021276595744439e+01,1.779645390070921849e+02
1.088420289855072411e+02,1.779391304347826122e+02,8.084722222222221433e+01,1.781857638888888857e+02
1.088590785907858987e+02,1.787940379403793827e+02,8.120512820512820440e+01,1.785418803418803293e+02
1.092855072463767954e+02,1.801913043478260761e+02,8.154578754578753319e+01,1.790219780219780148e+02
1.096472346786248124e+02,1.817772795216741315e+02,8.152380952380951840e+01,1.793262786596119724e+02
1.097136752136752165e+02,1.820968660968660799e+02,8.215716753022451257e+01,1.801813471502590573e+02
1.100943952802359860e+02,1.836106194690265454e+02,8.286512524084777453e+01,1.812870905587668346e+02
1.102347826086956530e+02,1.841217391304347757e+02,8.357657657657657069e+01,1.821387387387387378e+02
1.103575498575498415e+02,1.850256410256410220e+02,8.424761904761903963e+01,1.828609523809523694e+02
1.106680851063829749e+02,1.861035460992907531e+02,8.471711711711711246e+01,1.833459459459459424e+02
1.109002732240437012e+02,1.869877049180327901e+02,8.543137254901959921e+01,1.841479500891265388e+02
1.111336088154269959e+02,1.878953168044077131e+02,8.592380952380952408e+01,1.845638095238095104e+02
1.113902439024390247e+02,1.888536585365853568e+02,8.669662921348314910e+01,1.851835205992509259e+02
1.116068027210884281e+02,1.895605442176870667e+02,8.676380952380951328e+01,1.853809523809523796e+02
1.118712737127371213e+02,1.904024390243902474e+02,8.709549549549549852e+01,1.861081081081080981e+02
1.122666666666666657e+02,1.916013071895424673e+02,8.764285714285713880e+01,1.866025641025640880e+02
1.125165945165945089e+02,1.932092352092351746e+02,8.816173570019722661e+01,1.876213017751479413e+02
1.125888399412628331e+02,1.939133627019089374e+02,8.855121042830539579e+01,1.882905027932960991e+02
1.129603524229074907e+02,1.956446402349485822e+02,8.884444444444444855e+01,1.887518518518518249e+02
1.131393442622950829e+02,1.957459016393442539e+02,8.906445672191527763e+01,1.890405156537752873e+02
1.133652777777777629e+02,1.965569444444444400e+02,8.972190476190475295e+01,1.903885714285714243e+02
1.136087570621468785e+02,1.975790960451977298e+02,9.002222222222222570e+01,1.912037037037036953e+02
1.140977777777777789e+02,1.990281481481481194e+02,9.001675977653631833e+01,1.916536312849162016e+02
1.142652482269503480e+02,1.999205673758864918e+02,8.959380692167576399e+01,1.914043715846994473e+02
1.144364123159303830e+02,2.008085676037483154e+02,8.893750000000000000e+01,1.911344696969696884e+02
1.148086956521739097e+02,2.016478260869565133e+02,8.878870673952640402e+01,1.915865209471766661e+02
1.149219858156028238e+02,2.028907801418439476e+02,8.812874779541445491e+01,1.916137566137566068e+02
1.155252976190476062e+02,2.043288690476190368e+02,8.790659340659340160e+01,1.921959706959706864e+02
1.155781466113416229e+02,2.047012448132780094e+02,8.756396396396395687e+01,1.923243243243243228e+02
1.161048387096774235e+02,2.055013440860214757e+02,8.727898550724637516e+01,1.926557971014492523e+02
1.164855643044619313e+02,2.064580052493438131e+02,8.681835205992508975e+01,1.929700374531834939e+02
1.172415654520917627e+02,2.077530364372469762e+02,8.637912087912087600e+01,1.930073260073259860e+02
1.175348837209302388e+02,2.088333333333333428e+02,8.614234234234233156e+01,1.932108108108108127e+02
1.181349527665317112e+02,2.096153846153846132e+02,8.594774774774774073e+01,1.927837837837837753e+02
1.185391766268260199e+02,2.103731739707835118e+02,8.565730337078652212e+01,1.930861423220973450e+02
1.188346153846153896e+02,2.111012820512820269e+02,8.507222222222222285e+01,1.928129629629629278e+02
1.194509803921568647e+02,2.121918767507002599e+02,8.447204968944099335e+01,1.932732919254658270e+02
1.200854700854700923e+02,2.133945868945868654e+02,8.404166666666667140e+01,1.937043650793650613e+02
1.205351925630810115e+02,2.141434262948207277e+02,8.384015594541909877e+01,1.933508771929824661e+02
1.209066666666666521e+02,2.145893333333333146e+02,8.361020036429871993e+01,1.934462659380692173e+02
1.214953145917001223e+02,2.158179384203480424e+02,8.299025341130604261e+01,1.937290448343079845e+02
1.218432147562582344e+02,2.164374176548089395e+02,8.260439560439560580e+01,1.939706959706959708e+02
1.223960784313725441e+02,2.174000000000000057e+02,8.251999999999999602e+01,1.937580952380952226e+02
1.225953307392996123e+02,2.178936446173800050e+02,8.225139664804468964e+01,1.940279329608938497e+02
1.229150579150579148e+02,2.184388674388674190e+02,8.196798493408661557e+01,1.940094161958568577e+02
1.234194756554307162e+02,2.190187265917602986e+02,8.195555555555554861e+01,1.936962962962962820e+02
1.238540829986612977e+02,2.200508701472556936e+02,8.125490196078430927e+01,1.942192513368983953e+02
1.243486111111110972e+02,2.209611111111111086e+02,8.125824175824175200e+01,1.944633699633699280e+02
1.245423280423280374e+02,2.212883597883597702e+02,8.116764132553605293e+01,1.945730994152046662e+02
1.249610894941634172e+02,2.220000000000000000e+02,8.078927203065133256e+01,1.948199233716474907e+02
1.250119521912350535e+02,2.220557768924302877e+02,8.054805725971368702e+01,1.953374233128834305e+02
1.256272965879265087e+02,2.231115485564304208e+02,8.033528265107212007e+01,1.953099415204678451e+02
1.259987277353689450e+02,2.235903307888040672e+02,8.037878787878787534e+01,1.955416666666666288e+02
1.262362204724409480e+02,2.240682414698162574e+02,8.037878787878787534e+01,1.955416666666666288e+02
1.269209486166007963e+02,2.252252964426877497e+02,8.032037037037036953e+01,1.957203703703703468e+02
1.271422924901185780e+02,2.256600790513834056e+02,8.004119850187265683e+01,1.959644194756554043e+02
1.273836734693877588e+02,2.262693877551020307e+02,8.034274952919020052e+01,1.954406779661017026e+02
1.277902777777777743e+02,2.268402777777777715e+02,8.098148148148148096e+01,1.960534979423868265e+02
1.281419270833333144e+02,2.275494791666666572e+02,nan,nan
1.286174863387978178e+02,2.285751366120218506e+02,8.267258382642997105e+01,1.961775147928994159e+02
1.287527777777777658e+02,2.284694444444444343e+02,8.335129740518961228e+01,1.967365269461077730e+02
1.291762295081967125e+02,2.294931693989070709e+02,8.410020449897750439e+01,1.975112474437627839e+02
1.295290780141843925e+02,2.301106382978723275e+02,8.487500000000000000e+01,1.979337121212120962e+02
1.297926829268292579e+02,2.305298102981029729e+02,8.547674418604651692e+01,1.984767441860465169e+02
1.302018970189701861e+02,2.312615176151761318e+02,8.575581395348837077e+01,1.989205426356588760e+02
1.304344262295082046e+02,2.316898907103824854e+02,8.618965517241379359e+01,1.998601532567049617e+02
1.307641242937853008e+02,2.322104519774011067e+02,8.686094069529652018e+01,2.009447852760736168e+02
1.311442176870748142e+02,2.331102040816326451e+02,8.716666666666667140e+01,2.012078189300411282e+02
1.315884773662551481e+02,2.337956104252400280e+02,8.753448275862068328e+01,2.018065134099616671e+02
1.319605442176870724e+02,2.347360544217686993e+02,8.748295454545454675e+01,2.016893939393939092e+02
1.321129032258064626e+02,2.355026881720430083e+02,8.811754385964911762e+01,2.026842105263157805e+02
1.324024390243902474e+02,2.360216802168021388e+02,8.856725146198830600e+01,2.037719298245613970e+02
1.324085106382978836e+02,2.361546099290779921e+02,8.885140562248994911e+01,2.040542168674698758e+02
1.325390390390390394e+02,2.376576576576576656e+02,8.885252525252525402e+01,2.040949494949494749e+02
1.326753246753246742e+02,2.385093795093794995e+02,8.910516934046344772e+01,2.050320855614973254e+02
1.326085106382978722e+02,2.393375886524822533e+02,8.913518518518517908e+01,2.053111111111111029e+02
1.326956521739130324e+02,2.395691699604743121e+02,8.933888888888888857e+01,2.063370370370370210e+02
1.327578231292517046e+02,2.402176870748299109e+02,8.939887640449438777e+01,2.069063670411984788e+02
1.327655826558265630e+02,2.412059620596205889e+02,8.954095238095237619e+01,2.074571428571428555e+02
1.324910096818810530e+02,2.429349930843706602e+02,8.951252408477841982e+01,2.073641618497109960e+02
1.325040650406504028e+02,2.432140921409213945e+02,8.972413793103447688e+01,2.084980842911877232e+02
1.322784471218205908e+02,2.441419009370816298e+02,8.959238095238094957e+01,2.087314285714285802e+02
1.322718579234972651e+02,2.446625683060109111e+02,8.955913978494623962e+01,2.090788530465949577e+02
1.322046070460704641e+02,2.456300813008130035e+02,8.965697674418605345e+01,2.096434108527131741e+02
1.318205128205128176e+02,2.469715099715099598e+02,8.991992551210428530e+01,2.110111731843575456e+02
1.316204081632652958e+02,2.474163265306122526e+02,8.987222222222222001e+01,2.115814814814814611e+02
1.312808398950131163e+02,2.482979002624671807e+02,8.961333333333332973e+01,2.128799999999999955e+02
1.311632928475033566e+02,2.488650472334682888e+02,8.964761904761904532e+01,2.132190476190475863e+02
1.310384615384615472e+02,2.492512820512820326e+02,8.967984934086628357e+01,2.137796610169491487e+02
1.307025641025640823e+02,2.498487179487179333e+02,8.962197392923648920e+01,2.142905027932960991e+02
1.297196382428940353e+02,2.509056847545219568e+02,nan,nan
1.290745257452574606e+02,2.516612466124661012e+02,8.945858585858584888e+01,2.154666666666666686e+02
1.285411436541143644e+02,2.522524407252440426e+02,8.902059925093632842e+01,2.161666666666666572e+02
1.283076923076923208e+02,2.525789473684210407e+02,8.892028985507245409e+01,2.165398550724637516e+02
1.281733870967742064e+02,2.528440860215053476e+02,8.893127147766321627e+01,2.169810996563573724e+02
1.273294573643410814e+02,2.536317829457364326e+02,8.889385474860334568e+01,2.174022346368714977e+02
1.264524822695035340e+02,2.543021276595744666e+02,8.879891304347826519e+01,2.189601449275362199e+02
1.262882513661202069e+02,2.546530054644808558e+02,8.863984674329500990e+01,2.198141762452107173e+02
1.256449864498644899e+02,2.550433604336043345e+02,8.843217054263564592e+01,2.206027131782945503e+02
1.249680555555555515e+02,2.556652777777777601e+02,8.846078431372548323e+01,2.209568627450980216e+02
1.245330634278002577e+02,2.560823211875843413e+02,8.845574387947269202e+01,2.215649717514124291e+02
1.236707482993197260e+02,2.564965986394557831e+02,8.792322097378276169e+01,2.219063670411984788e+02
1.231255230125523070e+02,2.569790794979079465e+02,8.775842696629213435e+01,2.229644194756554043e+02
1.234894179894179871e+02,2.569034391534391375e+02,8.763446969696968836e+01,2.240890151515151274e+02
1.226489898989898961e+02,2.572361111111110858e+02,8.755047619047618923e+01,2.242628571428571433e+02
1.218834019204389421e+02,2.578683127572016360e+02,8.755315315315314706e+01,2.246054054054054063e+02
1.210361445783132552e+02,2.582904953145916807e+02,8.741269841269840413e+01,2.259206349206349103e+02
1.202366946778711423e+02,2.586498599439775603e+02,8.702979515828677393e+01,2.267709497206703873e+02
1.194672364672364608e+02,2.588817663817663401e+02,8.707662835249041677e+01,2.276532567049808335e+02
1.189959016393442681e+02,2.589986338797814369e+02,8.749063670411983651e+01,2.286086142322097032e+02
1.184733893557422846e+02,2.591428571428571672e+02,8.753488372093023884e+01,2.297286821705426121e+02
1.177870778267253939e+02,2.590513950073421370e+02,8.760500963391136509e+01,2.307052023121387379e+02
1.181893004115226375e+02,2.591440329218107195e+02,8.782730923694778369e+01,2.312028112449798982e+02
1.172300275482093497e+02,2.592093663911845738e+02,8.874951830443158940e+01,2.316069364161849649e+02
1.171980874316939776e+02,2.592035519125682868e+02,8.967901234567901270e+01,2.319135802469135683e+02
1.166666666666666572e+02,2.593429752066115839e+02,9.085347985347983979e+01,2.328186813186813140e+02
1.156314363143631425e+02,2.593008130081300919e+02,9.147480620155037911e+01,2.334748062015503649e+02
1.151010928961748476e+02,2.592704918032786736e+02,9.254048964218455353e+01,2.342994350282485811e+02
1.148367346938775455e+02,2.591292517006802427e+02,9.348538011695906391e+01,2.344152046783625849e+02
1.145303643724696343e+02,2.591592442645073788e+02,9.443888888888888289e+01,2.345851851851851677e+02
1.142703081232492934e+02,2.591638655462184602e+02,9.486003683241250428e+01,2.346500920810312891e+02
1.135393419170243163e+02,2.593061516452074216e+02,9.567809523809522432e+01,2.349923809523809268e+02
1.135301204819277103e+02,2.593935742971887635e+02,9.624309392265193708e+01,2.353812154696132666e+02
1.130440771349862104e+02,2.592520661157024620e+02,9.689949748743718771e+01,2.358107202680066621e+02
1.122023346303501938e+02,2.590402075226977558e+02,9.799656357388315087e+01,2.363951890034363998e+02
1.109028871391076052e+02,2.590498687664041881e+02,9.894791666666667140e+01,2.371059027777777430e+02
1.098394557823129105e+02,2.589251700680272279e+02,9.926593806921674457e+01,2.373806921675773935e+02
1.086151761517615171e+02,2.588929539295392601e+02,1.000283687943262407e+02,2.379627659574468055e+02
1.076151761517615171e+02,2.587303523035230342e+02,1.007971014492753454e+02,2.383568840579710013e+02
1.062661179698216642e+02,2.587352537722907755e+02,1.012500000000000000e+02,2.387536231884057827e+02
1.046794326241134598e+02,2.585319148936169995e+02,1.016360360360360175e+02,2.389009009009008935e+02
1.030216802168021673e+02,2.584173441734417338e+02,1.020273504273504273e+02,2.392341880341880085e+02
1.018169398907103727e+02,2.582909836065574041e+02,1.030186219739292284e+02,2.400335195530726367e+02
1.005506072874493952e+02,2.583265856950067132e+02,1.035253623188405641e+02,2.405452898550724399e+02
9.906192358366270412e+01,2.582028985507246261e+02,1.037814814814814639e+02,2.406740740740740421e+02
9.698933333333333451e+01,2.579159999999999968e+02,1.039556737588652311e+02,2.408865248226950087e+02
9.572005208333332860e+01,2.577122395833333144e+02,1.044003527336860486e+02,2.413262786596119724e+02
9.442352941176470438e+01,2.575921568627450711e+02,1.044267399267399128e+02,2.414212454212454020e+02
9.284453227931487618e+01,2.573412384716732504e+02,1.046007130124777120e+02,2.415472370766488268e+02
9.188501291989663855e+01,2.572596899224806180e+02,1.047425044091710760e+02,2.416507936507936449e+02
9.059845559845560103e+01,2.571016731016731001e+02,1.050603015075376874e+02,2.419748743718593005e+02
8.916933333333332712e+01,2.567400000000000091e+02,1.059729729729729684e+02,2.427693693693693433e+02
8.818692810457515918e+01,2.565856209150326777e+02,1.058566308243727576e+02,2.427903225806451530e+02
8.682564102564101916e+01,2.563089743589743534e+02,1.057336860670193914e+02,2.426860670194003262e+02
8.627371273712736865e+01,2.561747967479674912e+02,1.059734848484848442e+02,2.429147727272727195e+02
8.453491436100131295e+01,2.556534914361001256e+02,1.063524305555555429e+02,2.433489583333333428e+02
8.330140485312898591e+01,2.552401021711366127e+02,1.066611111111111114e+02,2.437259259259259068e+02
8.289950980392156055e+01,2.550208333333332860e+02,1.068691756272401250e+02,2.438422939068100277e+02
8.136237373737372991e+01,2.543446969696969688e+02,1.067963963963963892e+02,2.439495495495495447e+02
8.054119138149556534e+01,2.539505703422053102e+02,1.072454212454212268e+02,2.444432234432234168e+02
7.907364341085271064e+01,2.530736434108527249e+02,1.071930783242258656e+02,2.444808743169398895e+02
7.853623188405795474e+01,2.527127799736495319e+02,1.068865248226950229e+02,2.443386524822694810e+02
7.813665389527457705e+01,2.526615581098339476e+02,1.075668449197860923e+02,2.448395721925133728e+02
7.740049751243780918e+01,2.520360696517412578e+02,1.077513812154696069e+02,2.450828729281767835e+02
7.667430025445291619e+01,2.514134860050890268e+02,1.080262172284644038e+02,2.452902621722846277e+02
7.578775510204081911e+01,2.509836734693877531e+02,1.081722222222222172e+02,2.456574074074073906e+02
7.507496653279784482e+01,2.504149933065595519e+02,1.085536398467432946e+02,2.461379310344827616e+02
7.479871794871793611e+01,2.503025641025641050e+02,1.085326086956521721e+02,2.460398550724637516e+02
7.405576208178437980e+01,2.495662949194547480e+02,1.089127906976744242e+02,2.465058139534883708e+02
7.369278606965173140e+01,2.491952736318407915e+02,1.088237547892720301e+02,2.466724137931034591e+02
7.312359550561797050e+01,2.488077403245942207e+02,1.090391061452513952e+02,2.470186219739292142e+02
7.226826029216466907e+01,2.477861885790172494e+02,1.092542372881355988e+02,2.474218455743879304e+02
7.179539295392953591e+01,2.472317073170731589e+02,1.095266272189349053e+02,2.479132149901380444e+02
7.144573643410852526e+01,2.469108527131782864e+02,1.096201550387596768e+02,2.481085271317829211e+02
7.112280701754384893e+01,2.463759398496240465e+02,1.096201550387596768e+02,2.481085271317829211e+02
7.070399999999999352e+01,2.454466666666666583e+02,1.097911877394635809e+02,2.488237547892720158e+02
7.010553410553410458e+01,2.443513513513513544e+02,1.098032786885245855e+02,2.488561020036429738e+02
6.976100628930817038e+01,2.436754716981131992e+02,1.098770949720670416e+02,2.493333333333333144e+02
6.946296296296294770e+01,2.432314814814814667e+02,1.101888888888888829e+02,2.498611111111111143e+02
6.916194331983805910e+01,2.422753036437246976e+02,1.106974637681159379e+02,2.504927536231884062e+02
6.903320053120849309e+01,2.416972111553784828e+02,1.107119565217391255e+02,2.505380434782608745e+02
6.865228758169934054e+01,2.402575163398692837e+02,1.110714285714285694e+02,2.514246031746031349e+02
6.844487678339818615e+01,2.393605706874189138e+02,1.112550091074681120e+02,2.518069216757741344e+02
6.822529644268774973e+01,2.388722002635045953e+02,1.112733686067019221e+02,2.518871252204585289e+02
6.798245614035086248e+01,2.382294197031039005e+02,1.117173913043478279e+02,2.526974637681159095e+02
6.799066666666665526e+01,2.374879999999999995e+02,1.117258064516128968e+02,2.527759856630824231e+02
6.786037735849056673e+01,2.362968553459119505e+02,1.121238615664845071e+02,2.536976320582877804e+02
6.790079365079364493e+01,2.348624338624338463e+02,1.123859649122806985e+02,2.543274853801169684e+02
6.784210526315789025e+01,2.346518218623481857e+02,1.124971428571428618e+02,2.544399999999999977e+02
6.790234375000000000e+01,2.337044270833333144e+02,1.126807017543859644e+02,2.548789473684210520e+02
6.828669410150889973e+01,2.322222222222222285e+02,1.126898395721925112e+02,2.549500891265597033e+02
6.818326693227091084e+01,2.319893758300132731e+02,1.130787545787545696e+02,2.556886446886446720e+02
6.877959183673469568e+01,2.306612244897959272e+02,1.134109848484848442e+02,2.565303030303030027e+02
6.868619246861925376e+01,2.305439330543933067e+02,1.134109848484848442e+02,2.565303030303030027e+02
6.921370967741935942e+01,2.294435483870967687e+02,1.139261363636363598e+02,2.572348484848484418e+02
6.972380952380952124e+01,2.286258503401360258e+02,1.140652173913043441e+02,2.575000000000000000e+02
6.974388674388673337e+01,2.280180180180180116e+02,1.143522727272727337e+02,2.584621212121211897e+02
7.003103913630228305e+01,2.276369770580296574e+02,1.149189686924493543e+02,2.593149171270718512e+02
7.002617079889806462e+01,2.275330578512396755e+02,1.153736263736263794e+02,2.597197802197802048e+02
7.064062500000000000e+01,2.262226562500000000e+02,1.159073083778965980e+02,2.606506238859179803e+02
7.112231182795697748e+01,2.255120967741935374e+02,1.170099206349206185e+02,2.628670634920634939e+02
7.183127572016461215e+01,2.244279835390946403e+02,1.186627906976744242e+02,2.633100775193798313e+02
7.208862433862432795e+01,2.238994708994708844e+02,1.208082437275985654e+02,2.630071684587813365e+02
7.238888888888888573e+01,2.231322751322751117e+02,1.238983050847457577e+02,2.628681732580037647e+02
7.288227513227512588e+01,2.226679894179893893e+02,1.258870056497175085e+02,2.628907721280602345e+02
7.329466666666665731e+01,2.217826666666666711e+02,1.278324022346368736e+02,2.627206703910614465e+02
7.403100775193797745e+01,2.207364341085271349e+02,1.291936127744510827e+02,2.626886227544910071e+02
7.475875486381322332e+01,2.197159533073929936e+02,1.305362318840579690e+02,2.622916666666666288e+02
7.504444444444443718e+01,2.194091503267973735e+02,1.316819923371647292e+02,2.620632183908045931e+02
7.579116465863454266e+01,2.183654618473895539e+02,1.332268244575936933e+02,2.619033530571991832e+02
7.606878306878306262e+01,2.178796296296296191e+02,1.342565543071160903e+02,2.617958801498127173e+02
7.695358649789029926e+01,2.167398030942334515e+02,1.357054263565891290e+02,2.616162790697674154e+02
7.726693766937668784e+01,2.164363143631436230e+02,1.362720306513409980e+02,2.616666666666666856e+02
7.741798941798941769e+01,2.159947089947089864e+02,1.375443786982248469e+02,2.615088757396449637e+02
7.777172503242542234e+01,2.155732814526588754e+02,1.382327746741154328e+02,2.613631284916201025e+02
7.813541666666665719e+01,2.152239583333333144e+02,1.390378787878787818e+02,2.614526515151515014e+02
7.900518806744487676e+01,2.141335927367055660e+02,1.395851851851851677e+02,2.615203703703703582e+02
7.955599999999999739e+01,2.136160000000000139e+02,1.401693989071038118e+02,2.614426229508196684e+02
7.988802083333332860e+01,2.131848958333333144e+02,1.406140350877192873e+02,2.613824561403508824e+02
7.994910941475825439e+01,2.130076335877862732e+02,1.417925925925925696e+02,2.613018518518518363e+02
8.029244114002477772e+01,2.125675340768277408e+02,1.430076628352490218e+02,2.609942528735631981e+02
8.109236947791164596e+01,2.117095046854082909e+02,1.433843137254901876e+02,2.610313725490195793e+02
8.157650273224042792e+01,2.110942622950819612e+02,1.443294573643410672e+02,2.608798449612402806e+02
8.191327913279131678e+01,2.108197831978319812e+02,1.442698412698412653e+02,2.610238095238095184e+02
8.222757697456491144e+01,2.104886211512717580e+02,1.444356060606060339e+02,2.610625000000000000e+02
8.268732782369146150e+01,2.100537190082644656e+02,1.455562248995983907e+02,2.610722891566264821e+02
8.321388888888888857e+01,2.098416666666666686e+02,1.461568627450980387e+02,2.609647058823529164e+02
8.324453551912567661e+01,2.099658469945354966e+02,1.465373737373737129e+02,2.610202020202019639e+02
8.383994708994707423e+01,2.097883597883597702e+02,1.468412698412698205e+02,2.609285714285714448e+02
8.392607526881720048e+01,2.095470430107526738e+02,1.475766871165644147e+02,2.608997955010224814e+02
8.508879781420763777e+01,2.093387978142076520e+02,1.473895582329317051e+02,2.609417670682730659e+02
8.511341632088519304e+01,2.092600276625172739e+02,nan,nan
8.581466666666665333e+01,2.091560000000000059e+02,1.483577235772357596e+02,2.610548780487804947e+02
8.602945113788486253e+01,2.091673360107095050e+02,1.485917159763313578e+02,2.610276134122287885e+02
8.667193675889328119e+01,2.089525691699604693e+02,1.487791164658634386e+02,2.609879518072289102e+02
8.745649263721551847e+01,2.090481927710843308e+02,1.496337448559670520e+02,2.609629629629629903e+02
8.784391534391532730e+01,2.089444444444444571e+02,1.499349593495934982e+02,2.609878048780487916e+02
8.854061624649858686e+01,2.089705882352941160e+02,1.503089430894308691e+02,2.609939024390243958e+02
8.820544217687074706e+01,2.089619047619047478e+02,1.504618473895582156e+02,2.609759036144578204e+02
8.902159244264507265e+01,2.087908232118758178e+02,1.508011695906432692e+02,2.609493177387914216e+02
8.941794871794870403e+01,2.088948717948717899e+02,1.508974358974358836e+02,2.610059171597633281e+02
8.944444444444444287e+01,2.086862745098039227e+02,nan,nan
9.107801418439716201e+01,2.089929078014184256e+02,nan,nan
9.130428769017980528e+01,2.091576763485477102e+02,1.524918699186991660e+02,2.609756097560975832e+02
9.186494252873562516e+01,2.090890804597701162e+02,nan,nan
9.211489361702128065e+01,2.089546099290780035e+02,nan,nan
9.276901798063623517e+01,2.091867219917012335e+02,1.531360946745562046e+02,2.608658777120315335e+02
9.325564971751411747e+01,2.092231638418078887e+02,1.537218934911242627e+02,2.608678500986193285e+02
9.356611570247933685e+01,2.097782369146005408e+02,1.537218934911242627e+02,2.608678500986193285e+02
9.358898305084746028e+01,2.096892655367231555e+02,1.540370370370370097e+02,2.607851851851851848e+02
9.376361221779546895e+01,2.100849933598937298e+02,1.542420634920634654e+02,2.608174603174603021e+02
9.394535519125682299e+01,2.102363387978141986e+02,1.547461240310077528e+02,2.606918604651162923e+02
9.426639892904952944e+01,2.107215528781793807e+02,1.548353174603174409e+02,2.607698412698412653e+02
9.414082687338500932e+01,2.106899224806201687e+02,1.548574297188754940e+02,2.607971887550200449e+02
9.429117259552040764e+01,2.108208168642951250e+02,1.541452513966480353e+02,2.612346368715083713e+02
9.489285714285713880e+01,2.119497354497354422e+02,1.541452513966480353e+02,2.612346368715083713e+02
9.498125836680053169e+01,2.120923694779116602e+02,1.556504065040650175e+02,2.607764227642276182e+02
9.535475234270414546e+01,2.131244979919678713e+02,1.554643545279383261e+02,2.609036608863198126e+02
9.541768707482992795e+01,2.132204081632653185e+02,1.554643545279383261e+02,2.609036608863198126e+02
9.550694444444442865e+01,2.134180555555555259e+02,1.554224806201550280e+02,2.609244186046511800e+02
9.568247694334650078e+01,2.139578392621870648e+02,1.554643545279383261e+02,2.609036608863198126e+02
9.596280991735537214e+01,2.145909090909090935e+02,1.558083832335329362e+02,2.613053892215568794e+02
9.599325236167341302e+01,2.149487179487179276e+02,1.559176245210727814e+02,2.615000000000000000e+02
9.620214190093707884e+01,2.155421686746987859e+02,1.560346820809248527e+02,2.614181117533718179e+02
9.632802124833996515e+01,2.160292164674634705e+02,1.560037878787878753e+02,2.614602272727272521e+02
9.658750000000000568e+01,2.171111111111111143e+02,1.560037878787878753e+02,2.614602272727272521e+02
9.678897849462364888e+01,2.177741935483871032e+02,1.561301775147929050e+02,2.615404339250492853e+02
9.693165969316595465e+01,2.184574616457461502e+02,1.565463510848126134e+02,2.615483234714004084e+02
9.701234567901234129e+01,2.186200274348422283e+02,1.566305220883533877e+02,2.615060240963855449e+02
9.707361111111110574e+01,2.188333333333333428e+02,1.566305220883533877e+02,2.615060240963855449e+02
9.745197740112993756e+01,2.204435028248587400e+02,1.566305220883533877e+02,2.615060240963855449e+02
9.755977496483824041e+01,2.209001406469760695e+02,1.567484662576687242e+02,2.616114519427402456e+02
9.741152263374485187e+01,2.219561042524005359e+02,nan,nan
9.749156939040207703e+01,2.220856031128404595e+02,nan,nan
9.720416666666666572e+01,2.229000000000000057e+02,nan,nan
9.706610407876229374e+01,2.235921237693389401e+02,nan,nan
9.689150326797384594e+01,2.241764705882353041e+02,1.578600823045267418e+02,2.614506172839506348e+02
9.697124183006535247e+01,2.244562091503267709e+02,1.580983935742971767e+02,2.614658634538152455e+02
9.688761174968070122e+01,2.247471264367815991e+02,1.577960784313725355e+02,2.617039215686274360e+02
9.659569074778198683e+01,2.256349809885931563e+02,1.577960784313725355e+02,2.617039215686274360e+02
9.646044098573281644e+01,2.263683527885862361e+02,1.578670520231213743e+02,2.617244701348747071e+02
9.608627450980392837e+01,2.275411764705882263e+02,1.580621468926553632e+02,2.615630885122410518e+02
9.589650537634408067e+01,2.280147849462365457e+02,1.584035087719298360e+02,2.615575048732943060e+02
9.562760416666665719e+01,2.286861979166666572e+02,1.585029585798816640e+02,2.615345167652859573e+02
9.557768924302789060e+01,2.292509960159362663e+02,1.586725146198830316e+02,2.616257309941520361e+02
9.516666666666665719e+01,2.303128205128205082e+02,1.585621301775148027e+02,2.616982248520710073e+02
9.482920110192836205e+01,2.313140495867768607e+02,1.589288389513108655e+02,2.613876404494382086e+02
9.473553719008263840e+01,2.317286501377410275e+02,1.590546139359698543e+02,2.613841807909604427e+02
9.441732283464567388e+01,2.321023622047244146e+02,1.591597633136094601e+02,2.612800788954634754e+02
9.423790849673201819e+01,2.330575163398692666e+02,1.591078998073217576e+02,2.605915221579961099e+02
9.408684546615580757e+01,2.333550446998722805e+02,1.586342857142857099e+02,2.600361904761904270e+02
9.372941176470588687e+01,2.342117647058823593e+02,1.587574074074074133e+02,2.589666666666666401e+02
9.333591731266149338e+01,2.348242894056847376e+02,1.587462121212121247e+02,2.584375000000000000e+02
9.311286089238843999e+01,2.353792650918634877e+02,1.588186813186813140e+02,2.579945054945055176e+02
9.306481481481480955e+01,2.357037037037036953e+02,1.588624031007751967e+02,2.574108527131782580e+02
9.284114583333332860e+01,2.361692708333333144e+02,1.585891472868216852e+02,2.567306201550387641e+02
9.226122448979592150e+01,2.375877551020408305e+02,1.584482758620689538e+02,2.559923371647509498e+02
9.232569974554706960e+01,2.372035623409668972e+02,1.581909909909909970e+02,2.557423423423423117e+02
9.236533333333332507e+01,2.379546666666666681e+02,1.581174242424242209e+02,2.556742424242424079e+02
9.202777777777777146e+01,2.381618357487922424e+02,1.581541425818882374e+02,2.548477842003853482e+02
9.129115646258503602e+01,2.392340136054421578e+02,1.580075329566854805e+02,2.545028248587570658e+02
9.064541832669323185e+01,2.397729083665338692e+02,1.578481262327416061e+02,2.535345167652859573e+02
9.016201859229747129e+01,2.402536520584329196e+02,1.577128514056224731e+02,2.533293172690762844e+02
9.022745098039216316e+01,2.404313725490196134e+02,1.574022346368714977e+02,2.528286778398509966e+02
8.945963541666665719e+01,2.411627604166666572e+02,1.574588235294117737e+02,2.525980392156862706e+02
8.883137254901960489e+01,2.416784313725490279e+02,1.569162112932604600e+02,2.527923497267759672e+02
8.783893557422968001e+01,2.423487394957983270e+02,1.566647398843930716e+02,2.524277456647398878e+02
8.740663900414938325e+01,2.427842323651452148e+02,1.564156378600822848e+02,2.520884773662551197e+02
8.670781893004115659e+01,2.432304526748971227e+02,1.561557971014492523e+02,2.515688405797101268e+02
8.697520661157024335e+01,2.432768595041322328e+02,1.560055555555555600e+02,2.517481481481481467e+02
8.599203187250995484e+01,2.437304116865869617e+02,1.558388888888889028e+02,2.514481481481481353e+02
8.534728033472804043e+01,2.441687587168758569e+02,1.554704761904761767e+02,2.518476190476190197e+02
8.507112970711297351e+01,2.445020920502091997e+02,1.552265193370165832e+02,2.518268876611417966e+02
8.475097276264591528e+01,2.445214007782101078e+02,1.547581300813008056e+02,2.516585365853658516e+02
8.373521505376344010e+01,2.445631720430107521e+02,1.546349206349206327e+02,2.516547619047618980e+02
8.348191214470283228e+01,2.446744186046511516e+02,1.544489402697494995e+02,2.515260115606936324e+02
8.239432624113473480e+01,2.446056737588652368e+02,1.541732580037664775e+02,2.513841807909604427e+02
8.134005376344084937e+01,2.444341397849462396e+02,1.540257826887660997e+02,2.515524861878453180e+02
8.077266387726638186e+01,2.441827057182705687e+02,1.538222222222222229e+02,2.515407407407407163e+02
8.079403794037939690e+01,2.442195121951219505e+02,1.537413793103448256e+02,2.515134099616857952e+02
8.039591836734693686e+01,2.442639455782312723e+02,1.532704761904761881e+02,2.514171428571428635e+02
7.923002754820934967e+01,2.435922865013774015e+02,1.532289156626505928e+02,2.514558232931726707e+02
7.915775034293552892e+01,2.436844993141289137e+02,1.530699588477366149e+02,2.513292181069958531e+02
7.846828609986503977e+01,2.432753036437246976e+02,1.528178294573643257e+02,2.512887596899224718e+02
7.852777777777777146e+01,2.433624338624338463e+02,1.522121212121212182e+02,2.513712121212120962e+02
7.816272965879264234e+01,2.430879265091863317e+02,1.521583793738489874e+02,2.522449355432780465e+02
7.714540466392317342e+01,2.421961591220850494e+02,1.516906077348066333e+02,2.521197053406997952e+02
7.688661202185791410e+01,2.418797814207650276e+02,1.514680851063829721e+02,2.522712765957446948e+02
7.695951417004049233e+01,2.420350877192982466e+02,1.510277777777777715e+02,2.525611111111111029e+02
7.635278858625160581e+01,2.412178988326848241e+02,1.504890109890109784e+02,2.528424908424908040e+02
7.621176470588235929e+01,2.411032679738561910e+02,1.504320987654320732e+02,2.535608465608465565e+02
7.561179698216734835e+01,2.402400548696844851e+02,1.496182170542635674e+02,2.531356589147286513e+02
7.534051724137931672e+01,2.398261494252873547e+02,1.491066666666666549e+02,2.531142857142857281e+02
7.507898259705487476e+01,2.392891566265060135e+02,1.490384615384615472e+02,2.532289377289377228e+02
7.487568306010928154e+01,2.391120218579234802e+02,1.486931818181818130e+02,2.537537878787878753e+02
7.423628691983122962e+01,2.379268635724331773e+02,1.480493096646942774e+02,2.536410256410256068e+02
7.400000000000000000e+01,2.374055555555555372e+02,1.481149425287356394e+02,2.539865900383141764e+02
7.376666666666666572e+01,2.365097222222221944e+02,1.477500000000000000e+02,2.540688405797101268e+02
7.353191489361702793e+01,2.358297872340425556e+02,1.477314285714285802e+02,2.542533333333333019e+02
7.346274509803922115e+01,2.354196078431372428e+02,1.474267399267399128e+02,2.543223443223443212e+02
7.324489795918367463e+01,2.347741496598639230e+02,1.473201506591337022e+02,2.546478342749529133e+02
7.306368563685636275e+01,2.332777777777777715e+02,1.467840909090909065e+02,2.546856060606060339e+02
7.303643724696355832e+01,2.333022941970310171e+02,1.467738095238095184e+02,2.550456349206349103e+02
7.296062992125983726e+01,2.327244094488189035e+02,1.466626262626262474e+02,2.549838383838383606e+02
7.286827956989246502e+01,2.316948924731182728e+02,1.462736030828516220e+02,2.550115606936416270e+02
7.277466666666666129e+01,2.309893333333333203e+02,1.464711359404096811e+02,2.554916201117318337e+02
7.272316384180790294e+01,2.302288135593220204e+02,1.461515151515151274e+02,2.554810606060605949e+02
7.272021419009369936e+01,2.294163319946452475e+02,1.459001883239171207e+02,2.556064030131826428e+02
7.273254281949934352e+01,2.286824769433465008e+02,1.459001883239171207e+02,2.556064030131826428e+02
7.270767195767194835e+01,2.280727513227513157e+02,1.458787878787878753e+02,2.556136363636363740e+02
7.265416666666666856e+01,2.271388888888888573e+02,1.457142857142857224e+02,2.557809523809523569e+02
7.264156206415620431e+01,2.266847977684797684e+02,1.450678294573643257e+02,2.556511627906976685e+02
7.268933333333332314e+01,2.263973333333333073e+02,1.455860805860805840e+02,2.559890109890109784e+02
7.284173669467786283e+01,2.255714285714285836e+02,1.455860805860805840e+02,2.559890109890109784e+02
7.283333333333332860e+01,2.250376344086021447e+02,1.455966850828729378e+02,2.559981583793738480e+02
7.279918032786885362e+01,2.246543715846994473e+02,1.455966850828729378e+02,2.559981583793738480e+02
7.295478036175710201e+01,2.238126614987079961e+02,1.448946360153256592e+02,2.559195402298850581e+02
7.310935441370223487e+01,2.233544137022397820e+02,1.449376218323586727e+02,2.560194931773878579e+02
7.350420168067226712e+01,2.226750700280111914e+02,1.445697674418604777e+02,2.559806201550387357e+02
7.380544747081711421e+01,2.220428015564202440e+02,1.445697674418604777e+02,2.559806201550387357e+02
7.396399999999999864e+01,2.213880000000000052e+02,1.445999999999999943e+02,2.558235294117646959e+02
7.428492392807744693e+01,2.207192254495158750e+02,1.443486590038314148e+02,2.557643678160919478e+02
7.471250000000000568e+01,2.200333333333333314e+02,1.441143410852712918e+02,2.556686046511627808e+02
7.466269841269841834e+01,2.201388888888888857e+02,1.441143410852712918e+02,2.556686046511627808e+02
7.516174402250351250e+01,2.193994374120956365e+02,1.441392156862744969e+02,2.556470588235294201e+02
7.499468791500663656e+01,2.194355909694554896e+02,1.441392156862744969e+02,2.556470588235294201e+02
7.542148760330579194e+01,2.185509641873277928e+02,1.442116104868913737e+02,2.557752808988764173e+02
7.584505208333332860e+01,2.180403645833333144e+02,1.441061452513966401e+02,2.556852886405958998e+02
7.602032520325202825e+01,2.178130081300813004e+02,1.441061452513966401e+02,2.556852886405958998e+02
7.592125984251968873e+01,2.175839895013123169e+02,1.441648148148148039e+02,2.557166666666666686e+02
7.633196159122084623e+01,2.174019204389574611e+02,1.441920903954802213e+02,2.557589453860639992e+02
7.725070028011202794e+01,2.160952380952380736e+02,1.438802946593001764e+02,2.553941068139963022e+02
7.716256830601092531e+01,2.160997267759562703e+02,1.437984934086628925e+02,2.554143126177024214e+02
7.743977591036413344e+01,2.158263305322128645e+02,1.437984934086628925e+02,2.554143126177024214e+02
7.773669467787114229e+01,2.155406162464985869e+02,1.436592178770949602e+02,2.553985102420856208e+02
7.819170243204577275e+01,2.149327610872674938e+02,1.436010928961748618e+02,2.554335154826957819e+02
7.827249683143217851e+01,2.147211660329531071e+02,1.432189922480619941e+02,2.551085271317829211e+02
7.861261261261260813e+01,2.144144144144144093e+02,1.432765567765567596e+02,2.551538461538461604e+02
7.866269841269841834e+01,2.144232804232804028e+02,1.432765567765567596e+02,2.551538461538461604e+02
7.921370967741935942e+01,2.137258064516128968e+02,1.433129629629629562e+02,2.552055555555555486e+02
7.944230769230769340e+01,2.135525641025641050e+02,1.433129629629629562e+02,2.552055555555555486e+02
7.991836734693877986e+01,2.130721088435373929e+02,1.426117647058823650e+02,2.546882352941176464e+02
8.036918990703850341e+01,2.126082337317396878e+02,1.423588235294117510e+02,2.546294117647058783e+02
8.050787401574802971e+01,2.124173228346456597e+02,1.423588235294117510e+02,2.546294117647058783e+02
8.075032679738561114e+01,2.120928104575163218e+02,1.422911877394635951e+02,2.546321839080459881e+02
8.135564304461941276e+01,2.116272965879264802e+02,1.421637764932562504e+02,2.547186897880539220e+02
8.168163265306122867e+01,2.111591836734693857e+02,1.421628787878787818e+02,2.546306818181818130e+02
8.166798418972331319e+01,2.110592885375494063e+02,1.423240223463687073e+02,2.547467411545623577e+02
8.229460580912862611e+01,2.106348547717842337e+02,1.421477477477477294e+02,2.547549549549549397e+02
8.246879150066399689e+01,2.105006640106241491e+02,1.421493624772313353e+02,2.547249544626593547e+02
8.233891213389121333e+01,2.105788005578800437e+02,1.416270270270270260e+02,2.546954954954954928e+02
8.357843137254900512e+01,2.102100840336134411e+02,1.413594040968342540e+02,2.544878957169459568e+02
8.334184397163120650e+01,2.103659574468085225e+02,1.413535911602209865e+02,2.544677716390423541e+02
8.325662482566248457e+01,2.102928870292886927e+02,1.413150183150183068e+02,2.544395604395604380e+02
8.405371900826446563e+01,2.101377410468319340e+02,1.406666666666666572e+02,2.542750455373405885e+02
8.377685950413223281e+01,2.100179063360881457e+02,1.408694158075601308e+02,2.544776632302405233e+02
8.550292397660817301e+01,2.100526315789473699e+02,1.399326047358834160e+02,2.537449908925318596e+02
8.537568306010928154e+01,2.099931693989070709e+02,1.401694599627560365e+02,2.538621973929236333e+02
8.551928374655646792e+01,2.099876033057851146e+02,1.401694599627560365e+02,2.538621973929236333e+02
8.652442528735630844e+01,2.099353448275862206e+02,1.400828729281767835e+02,2.538305709023940722e+02
8.574898785425101266e+01,2.098029689608636659e+02,1.398882783882783656e+02,2.538461538461538396e+02
8.626446280991736160e+01,2.097933884297520706e+02,1.387333333333333201e+02,2.532828282828282624e+02
8.716039051603904397e+01,2.098298465829846293e+02,1.392130177514792990e+02,2.534418145956607304e+02
8.792307692307691980e+01,2.099273504273504329e+02,1.390414201183431828e+02,2.533885601577909199e+02
8.773389355742295947e+01,2.098753501400560140e+02,1.390414201183431828e+02,2.533885601577909199e+02
8.814783821478381753e+01,2.099191073919107282e+02,1.386509803921568391e+02,2.533352941176470665e+02
8.816804407713497937e+01,2.098181818181818130e+02,1.379383429672446937e+02,2.532716763005780365e+02
8.878374655647381530e+01,2.097314049586776719e+02,1.379556840077071342e+02,2.533179190751445162e+02
8.915537848605578120e+01,2.098645418326693175e+02,1.379434697855750471e+02,2.532807017543859729e+02
9.018353576248313175e+01,2.099919028340081013e+02,1.374960317460317469e+02,2.531765873015872899e+02
9.038541666666665719e+01,2.099257812500000000e+02,1.374105691056910530e+02,2.530853658536585442e+02
9.124691358024691112e+01,2.100438957475994357e+02,1.368510242085660877e+02,2.531731843575419134e+02
9.161246612466123906e+01,2.101260162601626007e+02,1.367281191806331435e+02,2.531061452513966401e+02
9.211066126855600089e+01,2.100958164642375152e+02,1.367250470809792660e+02,2.531355932203389898e+02
9.286030428769016964e+01,2.102918395573996975e+02,1.365543278084714416e+02,2.530552486187845318e+02
9.349858757062145287e+01,2.104237288135593360e+02,1.364487895716945900e+02,2.530055865921787586e+02
9.434048640915592898e+01,2.104735336194563331e+02,1.361005917159763214e+02,2.530197238658776939e+02
9.598845598845598204e+01,2.107546897546897355e+02,1.361626984126984041e+02,2.533134920634920491e+02
9.586225895316803758e+01,2.104559228650137470e+02,1.364575936883629197e+02,2.534201183431952700e+02
9.569135802469135399e+01,2.104238683127572074e+02,1.362874251497005957e+02,2.537365269461077730e+02
9.721468926553671963e+01,2.105395480225988365e+02,1.359627329192546483e+02,2.535983436853001649e+02
9.843291839557399214e+01,2.106874135546334514e+02,1.353885601577909199e+02,2.537692307692307736e+02
9.905627705627705382e+01,2.107864357864357885e+02,1.359737827715355820e+02,2.541666666666666572e+02
9.951631205673758984e+01,2.107248226950354422e+02,1.356182170542635674e+02,2.547500000000000000e+02
1.003662374821172989e+02,2.108125894134477676e+02,1.359039215686274247e+02,2.553705882352941217e+02
1.007159420289854950e+02,2.108289855072463581e+02,1.353782771535580594e+02,2.558689138576778817e+02
1.018283687943262379e+02,2.109390070921985796e+02,1.347971887550200734e+02,2.561184738955823263e+02
1.022800000000000011e+02,2.110533333333333132e+02,1.346199186991869681e+02,2.566443089430894133e+02
1.034993141289437517e+02,2.111467764060356558e+02,1.346399999999999864e+02,2.570838095238095207e+02
1.039972105997210576e+02,2.112092050209205070e+02,1.346367041198501795e+02,2.575187265917602986e+02
1.045546218487395009e+02,2.112212885154061439e+02,1.333829365079365061e+02,2.583333333333333144e+02
1.062691131498470867e+02,2.116743119266054975e+02,nan,nan
1.066420289855072383e+02,2.117130434782608575e+02,1.330971428571428703e+02,2.589161904761904225e+02
1.069423868312757264e+02,2.116117969821673341e+02,1.325912698412698205e+02,2.592460317460316901e+02
1.078319088319088195e+02,2.117763532763532623e+02,1.327519379844961236e+02,2.593895348837209553e+02
1.090718390804597533e+02,2.119612068965517153e+02,1.323619631901840421e+02,2.595869120654396625e+02
1.097994579945799387e+02,2.120352303523035005e+02,1.316608527131782864e+02,2.606124031007751682e+02
1.108719008264462786e+02,2.122658402203856554e+02,1.316467065868263546e+02,2.608483033932135413e+02
1.115319727891156418e+02,2.122367346938775370e+02,1.316467065868263546e+02,2.608483033932135413e+02
1.121436541143654040e+02,2.123640167364016804e+02,1.312655038759689887e+02,2.616046511627906739e+02
1.134486111111111057e+02,2.126250000000000000e+02,1.312456140350877263e+02,2.617699805068226055e+02
1.140772532188841240e+02,2.127854077253218748e+02,1.305805243445692838e+02,2.625262172284644180e+02
1.150489795918367406e+02,2.128721088435374043e+02,1.303333333333333144e+02,2.628223552894211252e+02
1.157144866385372666e+02,2.130604781997186876e+02,1.303333333333333144e+02,2.628223552894211252e+02
1.161360544217687050e+02,2.130258503401360315e+02,1.299421965317919216e+02,2.631425818882466388e+02
1.169404255319148973e+02,2.132156028368794125e+02,1.298491620111731777e+02,2.632476722532588269e+02
1.181841004184100399e+02,2.137587168758716700e+02,1.291287878787878753e+02,2.639204545454545610e+02
1.188771929824561369e+02,2.141147098515519360e+02,1.290430711610486867e+02,2.639438202247191043e+02
1.197857142857142918e+02,2.144814814814814667e+02,1.289657142857142844e+02,2.640038095238095366e+02
1.203660130718954235e+02,2.147647058823529278e+02,1.283898305084745743e+02,2.644726930320150586e+02
1.206328125000000000e+02,2.148528645833333144e+02,1.283898305084745743e+02,2.644726930320150586e+02
1.218585034013605366e+02,2.156843537414965795e+02,1.278609523809523694e+02,2.647599999999999909e+02
1.222949735449735442e+02,2.159616402116402014e+02,1.271912878787878611e+02,2.651723484848484418e+02
1.227390180878552854e+02,2.162803617571059362e+02,1.266469428007889491e+02,2.652228796844181034e+02
1.234259259259259238e+02,2.166256613756613660e+02,1.264470588235294173e+02,2.651647058823529619e+02
1.233805774278215068e+02,2.164396325459317438e+02,1.255745856353591137e+02,2.653093922651933667e+02
1.241168658698539105e+02,2.170305444887117972e+02,1.244004065040650318e+02,2.655630081300812435e+02
1.245750332005312089e+02,2.175006640106241491e+02,1.237196969696969546e+02,2.658617424242424363e+02
1.253590733590733635e+02,2.180592020592020503e+02,1.231714285714285779e+02,2.659866666666666788e+02
1.257354085603112850e+02,2.184215304798962336e+02,1.221466666666666470e+02,2.663523809523809405e+02
1.260830188679245225e+02,2.187861635220125720e+02,1.209718875502007904e+02,2.667730923694778653e+02
1.266560424966799303e+02,2.190531208499335776e+02,1.197861271676300561e+02,2.670500963391136793e+02
1.274580052493438274e+02,2.197007874015748143e+02,1.190558766859344786e+02,2.672504816955683964e+02
1.277722007722007760e+02,2.200862290862290536e+02,1.192974051896207470e+02,2.672175648702594799e+02
1.276019900497512225e+02,2.197711442786069540e+02,1.187016574585635311e+02,2.672670349907918421e+02
1.280181582360570474e+02,2.201919584954604261e+02,1.173250517598343663e+02,2.676894409937888213e+02
1.288655462184873954e+02,2.207380952380952408e+02,1.160193798449612359e+02,2.679379844961239883e+02
1.293239247311827853e+02,2.212096774193548470e+02,1.155363984674329458e+02,2.681513409961685284e+02
1.294149377593361123e+02,2.212890733056707973e+02,1.149649122807017534e+02,2.683596491228070136e+02
1.300743589743589439e+02,2.216448717948717899e+02,1.130231213872832399e+02,2.688766859344893874e+02
1.303603238866396623e+02,2.219919028340081013e+02,1.125202312138728331e+02,2.689402697495182792e+02
1.308032786885245855e+02,2.222540983606557461e+02,1.112369942196531838e+02,2.694084778420038333e+02
1.311138211382113923e+02,2.222344173441734370e+02,nan,nan
1.314262295081967125e+02,2.225915300546447781e+02,1.103788819875776426e+02,2.695755693581780292e+02
1.318834688346883297e+02,2.230176151761517360e+02,1.098888888888888857e+02,2.695886939571149696e+02
1.317470355731225311e+02,2.228959156785243749e+02,1.091422764227642261e+02,2.696097560975609895e+02
1.317566137566137456e+02,2.227380952380952408e+02,nan,nan
1.320492264416315038e+02,2.230421940928270033e+02,1.076467065868263404e+02,2.700299401197604539e+02
1.318312757201645979e+02,2.232414266117969817e+02,1.078618784530386705e+02,2.703848987108655706e+02
1.320544217687074706e+02,2.235646258503401214e+02,1.078618784530386705e+02,2.703848987108655706e+02
1.320873015873015959e+02,2.242962962962962763e+02,1.072513661202185773e+02,2.710091074681238297e+02
1.320742187500000000e+02,2.245651041666666572e+02,1.067161904761904623e+02,2.715180952380952135e+02
1.321932367149758250e+02,2.251497584541062622e+02,1.065814814814814611e+02,2.719055555555555657e+02
1.321175757575757359e+02,2.252436363636363694e+02,1.060368098159509174e+02,2.723456032719836344e+02
1.318958333333333144e+02,2.254739583333333144e+02,1.056984126984126959e+02,2.727559523809524080e+02
1.318352638352638166e+02,2.257271557271557185e+02,nan,nan
1.313813229571984493e+02,2.260856031128404595e+02,1.041854043392504821e+02,2.740335305719921166e+02
1.313283767038413714e+02,2.262007434944237900e+02,1.047837301587301511e+02,2.740912698412698205e+02
1.311010101010101039e+02,2.262828282828282624e+02,1.048955823293172500e+02,2.739959839357429701e+02
1.308930817610062718e+02,2.261119496855345687e+02,1.050589430894308833e+02,2.738963414634146147e+02
1.308169934640522740e+02,2.263019607843137351e+02,1.049898989898989896e+02,2.742888888888888914e+02
1.305415019762845930e+02,2.263069828722002512e+02,1.054868686868686751e+02,2.742848484848485100e+02
1.300836601307189255e+02,2.264653594771241671e+02,1.055934959349593356e+02,2.745060975609756042e+02
1.300716981132075603e+02,2.262654088050314272e+02,1.055983935742971767e+02,2.744718875502007904e+02
1.289986338797814085e+02,2.266625683060109111e+02,1.055934959349593356e+02,2.745060975609756042e+02
1.283507246376811395e+02,2.266739130434782510e+02,1.056982248520710073e+02,2.747790927021696348e+02
1.281694677871148542e+02,2.267619047619047308e+02,1.045781893004115091e+02,2.753477366255143579e+02
1.274225941422594133e+02,2.268591352859135100e+02,1.045938697318007655e+02,2.754961685823754465e+02
1.272472222222222200e+02,2.269069444444444343e+02,1.045938697318007655e+02,2.754961685823754465e+02
1.269027777777777715e+02,2.266097222222221887e+02,1.045938697318007655e+02,2.754961685823754465e+02
1.258678414096916356e+02,2.268546255506607849e+02,1.047182320441988992e+02,2.760423572744014677e+02
1.253469079939668092e+02,2.267873303167420715e+02,1.043257575757575637e+02,2.764280303030302548e+02
1.250518518518518363e+02,2.268370370370370210e+02,1.037037037037036953e+02,2.767333333333333485e+02
1.245812324929971879e+02,2.268865546218487452e+02,1.037037037037036953e+02,2.767333333333333485e+02
1.238517060367453979e+02,2.267204724409448886e+02,1.034188948306595250e+02,2.768217468805704016e+02
1.236982167352537658e+02,2.267270233196159097e+02,1.032209302325581461e+02,2.771472868217053929e+02
1.226903765690376531e+02,2.266569037656903731e+02,1.025828571428571365e+02,2.776000000000000227e+02
1.221521739130434838e+02,2.264565217391304373e+02,1.023542857142857088e+02,2.778761904761904589e+02
1.216359649122806985e+02,2.266228070175438631e+02,1.023542857142857088e+02,2.778761904761904589e+02
1.200161527165932398e+02,2.263656387665198224e+02,1.012322097378277022e+02,2.782790262172284770e+02
1.195222672064777356e+02,2.261282051282051100e+02,1.004088397790055183e+02,2.787679558011049608e+02
1.185574468085106332e+02,2.258198581560283458e+02,9.950279329608937928e+01,2.791433891992551253e+02
1.178567493112947631e+02,2.256349862258953181e+02,9.909549549549548431e+01,2.794792792792792397e+02
1.171578947368421098e+02,2.252901484480431691e+02,9.829457364341084258e+01,2.797868217054263482e+02
1.167404371584699305e+02,2.251038251366119880e+02,9.809941520467836540e+01,2.800701754385964932e+02
1.171959287531806524e+02,2.251526717557251800e+02,9.749074074074073337e+01,2.805462962962962479e+02
1.157506775067750624e+02,2.245230352303522920e+02,9.692460317460316332e+01,2.809126984126983757e+02
1.148796680497925280e+02,2.242489626556016731e+02,9.646198830409356617e+01,2.810701754385964932e+02
1.146282578875171367e+02,2.240411522633744994e+02,9.641666666666665719e+01,2.811434108527131457e+02
1.143784153005464361e+02,2.240259562841529828e+02,9.568100358422937290e+01,2.812885304659498047e+02
1.141097222222222172e+02,2.239097222222222001e+02,9.526857142857143401e+01,2.818152380952381009e+02
1.131647058823529477e+02,2.233555555555555543e+02,9.447645951035781309e+01,2.819435028248587400e+02
1.128651399491094054e+02,2.231157760814249116e+02,9.420670391061452165e+01,2.820446927374301822e+02
1.126248366013071802e+02,2.229477124183006538e+02,9.428813559322033200e+01,2.820621468926553916e+02
1.120452196382428838e+02,2.225736434108527249e+02,9.376975945017181857e+01,2.821357388316150718e+02
1.114399008674101594e+02,2.222441140024783124e+02,9.316949152542372303e+01,2.824256120527306848e+02
1.109544846050870035e+02,2.220053547523426971e+02,9.248022598870056754e+01,2.825593220338982974e+02
1.102862903225806406e+02,2.214529569892472978e+02,9.252490421455938474e+01,2.824961685823754465e+02
1.101367187500000000e+02,2.213945312500000000e+02,9.176023391812864816e+01,2.819824561403509051e+02
1.098647925033467203e+02,2.212101740294511103e+02,9.119047619047617559e+01,2.810805860805860448e+02
1.095226977950713376e+02,2.209130998702983106e+02,9.031638418079096198e+01,2.804764595103578131e+02
1.086785714285714306e+02,2.203968253968253919e+02,8.975000000000000000e+01,2.801177536231883778e+02
1.081543450064850731e+02,2.199559014267185262e+02,8.852700186219738043e+01,2.794413407821228930e+02
1.076955380577427661e+02,2.194448818897637921e+02,8.802197802197802901e+01,2.792069597069597080e+02
1.071202614379084821e+02,2.192967320261437862e+02,8.802197802197802901e+01,2.792069597069597080e+02
1.068223086900129601e+02,2.188495460440985596e+02,8.744387755102040671e+01,2.789540816326530717e+02
1.054543010752688019e+02,2.178077956989247070e+02,8.658148148148147527e+01,2.781888888888888687e+02
1.054780361757105851e+02,2.177571059431524247e+02,8.630019493177387346e+01,2.783157894736842195e+02
1.046706192358366110e+02,2.170724637681159095e+02,8.565517241379311031e+01,2.780957854406129854e+02
1.043746666666666556e+02,2.169373333333333278e+02,8.533921568627449972e+01,2.780352941176470836e+02
1.038901960784313729e+02,2.165045751633986697e+02,8.500552486187845602e+01,2.777992633517495165e+02
1.026883468834688244e+02,2.154457994579945819e+02,8.420599250936329838e+01,2.772621722846441799e+02
1.028837803320561903e+02,2.156590038314176354e+02,8.337878787878787534e+01,2.771287878787878753e+02
1.027058080808080831e+02,2.153207070707070727e+02,8.344190476190475181e+01,2.771676190476190413e+02
1.019518229166666572e+02,2.147200520833333144e+02,8.330711610486891061e+01,2.770617977528090137e+02
1.014835309617918284e+02,2.141185770750988127e+02,8.288505747126437484e+01,2.770287356321838956e+02
1.006398305084745743e+02,2.133516949152542281e+02,8.174796747967479860e+01,2.766199186991869965e+02
1.007167325428194999e+02,2.133623188405796895e+02,8.163232323232323040e+01,2.765474747474747232e+02
1.004418901660280881e+02,2.130779054916985729e+02,8.122846441947565665e+01,2.763857677902621504e+02
1.001484375000000000e+02,2.124479166666666572e+02,8.122846441947565665e+01,2.763857677902621504e+02
9.986640211640211362e+01,2.120780423280423292e+02,8.011877394636015026e+01,2.758103448275862206e+02
9.915500685871054998e+01,2.107956104252400280e+02,7.983236994219653582e+01,2.757475915221579612e+02
9.916538461538461036e+01,2.111025641025640880e+02,7.986592178770949602e+01,2.756722532588453873e+02
9.849159663865546577e+01,2.095238095238095184e+02,7.945333333333333314e+01,2.753885714285714243e+02
9.841765480895914209e+01,2.096758893280632492e+02,7.888581952117863239e+01,2.747587476979741723e+02
9.809041835357623995e+01,2.089500674763832535e+02,7.887292817679558254e+01,2.746629834254143816e+02
9.779738562091502274e+01,2.086509803921568675e+02,7.854385964912280826e+01,2.746159844054580503e+02
9.761579651941097779e+01,2.082918340026773762e+02,7.802234636871507689e+01,2.744581005586592255e+02
9.745883940620782937e+01,2.076545209176788092e+02,7.759523809523808779e+01,2.741465201465201176e+02
9.715891472868217704e+01,2.069844961240310113e+02,7.719886363636364024e+01,2.739488636363636260e+02
9.703861003861004519e+01,2.064774774774774642e+02,7.627340823970037320e+01,2.741853932584269842e+02
9.679919678714858833e+01,2.051767068273092320e+02,7.532190476190476147e+01,2.744761904761904248e+02
9.659073359073359200e+01,2.048172458172458050e+02,7.469814814814814952e+01,2.743981481481481524e+02
9.632789115646258438e+01,2.044435374149659879e+02,7.392829457364341295e+01,2.743701550387596626e+02
9.623907103825136744e+01,2.041120218579234802e+02,7.324208566108006835e+01,2.745716945996275058e+02
9.598902606310012686e+01,2.028834019204389563e+02,7.277049180327868783e+01,2.747540983606557461e+02
9.583408071748878854e+01,2.019282511210762436e+02,7.143113772455089361e+01,2.746487025948103451e+02
9.582345191040842280e+01,2.016166007905138429e+02,7.021881390593046035e+01,2.747750511247443228e+02
9.567989417989417689e+01,2.010489417989417689e+02,6.983050847457627697e+01,2.748323917137475974e+02
9.580544747081711421e+01,2.005745784695201053e+02,6.948484848484848442e+01,2.748125000000000000e+02
9.579869281045750995e+01,1.990339869281045537e+02,6.774011299435028377e+01,2.747589453860639992e+02
9.608946608946608592e+01,1.972294372294372238e+02,6.668199233716474339e+01,2.746877394636015310e+02
9.632758620689655515e+01,1.968721264367815991e+02,6.584108527131782296e+01,2.748255813953488200e+02
9.628011204481791196e+01,1.965700280112044709e+02,6.500724637681159379e+01,2.746322463768115654e+02
9.638865248226949234e+01,1.953319148936170109e+02,6.448674242424242209e+01,2.744583333333333144e+02
9.645658263305321611e+01,1.944047619047618980e+02,6.404509803921568789e+01,2.743803921568627402e+02
9.681804949053857001e+01,1.937103347889373879e+02,6.312121212121211755e+01,2.740700757575757507e+02
9.698734177215189334e+01,1.930126582278481067e+02,6.213843351548268856e+01,2.738269581056466109e+02
9.713774104683194821e+01,1.920468319559228405e+02,6.210037878787878185e+01,2.739356060606060623e+02
9.757834757834757511e+01,1.905014245014244807e+02,6.140476190476189799e+01,2.736611721611721464e+02
9.739355742296918095e+01,1.903669467787114513e+02,6.036312849162010963e+01,2.735847299813780182e+02
9.788105117565697810e+01,1.891493775933610095e+02,5.850396825396825307e+01,2.741845238095237960e+02
9.791056910569105298e+01,1.888997289972899409e+02,5.639594843462246132e+01,2.742854511970534190e+02
9.804048582995950767e+01,1.881336032388663853e+02,5.590751445086705473e+01,2.746608863198458153e+02
9.834632034632033992e+01,1.870202020202020208e+02,5.417486338797814227e+01,2.748797814207650276e+02
9.858757062146891315e+01,1.861158192090395289e+02,5.244688644688643819e+01,2.752600732600732272e+02
9.871610169491525255e+01,1.854477401129943530e+02,nan,nan
9.898148148148148096e+01,1.845965608465608341e+02,4.908914728682169937e+01,2.754554263565891006e+02
9.900529100529099935e+01,1.839775132275132137e+02,4.874857142857143089e+01,2.752552380952380986e+02
9.933202099737532365e+01,1.829698162729658577e+02,4.837254901960783826e+01,2.751843137254901421e+02
9.935686274509804150e+01,1.827490196078431381e+02,4.695135135135134874e+01,2.750000000000000000e+02
9.987466666666665560e+01,1.811826666666666483e+02,4.557396449704142327e+01,2.745325443786982191e+02
1.001276881720429941e+02,1.807715053763440665e+02,4.517751479289940875e+01,2.745463510848126134e+02
1.004457994579945677e+02,1.796842818428184216e+02,4.533716475095785370e+01,2.745306513409961440e+02
1.006941176470588175e+02,1.788967320261437806e+02,4.449007936507936023e+01,2.742599206349206042e+02
1.007545931758530031e+02,1.781076115485564060e+02,4.443621399176954156e+01,2.743065843621399154e+02
1.015076071922544969e+02,1.760442600276625171e+02,4.380426356589146764e+01,2.741259689922480334e+02
1.016432506887052227e+02,1.754972451790633272e+02,4.327083333333332860e+01,2.740946969696969404e+02
1.019943977591036344e+02,1.747324929971988468e+02,4.377714285714285580e+01,2.741142857142856997e+02
1.019571984435797702e+02,1.744500648508430629e+02,4.355428571428571161e+01,2.741085714285714516e+02
1.023134920634920633e+02,1.731044973544973402e+02,4.286857142857142833e+01,2.741619047619047365e+02
1.023915343915343783e+02,1.722433862433862259e+02,4.205622489959839072e+01,2.739979919678714850e+02
1.026266666666666509e+02,1.714493333333332998e+02,nan,nan
1.027901234567901270e+02,1.704965706447187870e+02,4.191056910569105298e+01,2.739796747967479291e+02
1.029251700680271995e+02,1.691061224489795904e+02,4.191056910569105298e+01,2.739796747967479291e+02
1.029846582984658312e+02,1.684728033472803475e+02,4.167070707070706703e+01,2.739575757575757393e+02
1.028410689170182764e+02,1.667383966244725855e+02,4.234280303030303116e+01,2.737859848484848158e+02
1.028977423638778106e+02,1.670796812749003948e+02,4.259469696969696884e+01,2.736704545454545610e+02
1.027782152230971064e+02,1.656036745406823911e+02,4.249814814814814667e+01,2.734425925925925753e+02
1.023855932203389898e+02,1.641228813559322077e+02,4.233520599250935845e+01,2.732415730337078799e+02
1.023936899862825669e+02,1.634595336076817489e+02,4.256441717791410895e+01,2.730572597137013986e+02
1.019555555555555486e+02,1.618722222222222058e+02,4.293491124260354752e+01,2.727061143984220735e+02
1.019845288326300903e+02,1.619198312236287052e+02,4.380196078431372086e+01,2.722274509803921205e+02
1.015587431693989089e+02,1.609193989071038118e+02,4.495619047619047137e+01,2.714399999999999977e+02
1.011154855643044641e+02,1.599041994750656102e+02,4.578227360308284943e+01,2.703294797687861433e+02
1.008475783475783487e+02,1.593376068376068417e+02,4.649301397205588415e+01,2.694271457085828274e+02
1.004802721088435220e+02,1.591238095238095127e+02,4.702020202020202078e+01,2.684181818181818358e+02
1.004921875000000000e+02,1.591588541666666572e+02,4.750980392156862564e+01,2.674137254901960432e+02
1.000517928286852651e+02,1.588592297476759541e+02,4.801268115942028203e+01,2.672681159420289418e+02
9.964487179487178992e+01,1.587166666666666401e+02,4.854723707664883392e+01,2.668235294117646959e+02
9.886610878661088009e+01,1.584225941422594133e+02,4.852612612612612253e+01,2.669081081081080811e+02
9.838205128205127892e+01,1.581705128205128119e+02,4.914606741573033588e+01,2.647827715355804798e+02
9.783465608465607488e+01,1.579576719576719483e+02,4.963391136801541137e+01,2.650924855491329595e+02
9.722311827956988850e+01,1.578481182795698601e+02,5.060233918128655262e+01,2.643859649122807127e+02
9.693050193050193286e+01,1.577310167310167230e+02,5.213627992633517039e+01,2.641215469613259756e+02
9.615710382513660193e+01,1.576816939890710216e+02,5.332954545454545325e+01,2.630606060606060623e+02
9.526877470355731248e+01,1.577180500658761559e+02,5.450196078431371660e+01,2.620058823529411711e+02
9.487644787644786959e+01,1.579227799227799096e+02,5.551238095238095127e+01,2.612742857142857247e+02
9.433725490196079022e+01,1.581150326797385333e+02,5.658198198198197559e+01,2.607045045045044844e+02
9.451737451737452034e+01,1.582059202059201937e+02,5.718864468864467909e+01,2.603516483516483504e+02
9.377608142493637899e+01,1.587010178117048156e+02,5.808791208791208760e+01,2.598168498168498104e+02
9.334370946822308213e+01,1.589857328145265569e+02,5.906517690875232773e+01,2.585437616387336561e+02
9.298333333333332007e+01,1.593384615384615302e+02,5.939999999999999858e+01,2.583627450980392268e+02
9.294486215538846352e+01,1.594799498746866959e+02,6.021014492753622704e+01,2.575960144927536248e+02
9.181673306772908916e+01,1.605232403718459295e+02,6.097817460317459393e+01,2.569285714285714448e+02
9.194270833333332860e+01,1.603098958333333144e+02,6.096531791907514730e+01,2.570963391136801306e+02
9.115394402035623500e+01,1.611577608142493432e+02,6.199201596806386760e+01,2.557345309381237257e+02
9.094973544973544222e+01,1.614140211640211362e+02,6.214204545454545325e+01,2.554128787878787818e+02
9.014756258234518782e+01,1.621949934123846901e+02,6.229891304347825809e+01,2.549873188405796895e+02
8.993514915693903333e+01,1.625058365758754917e+02,6.326923076923076650e+01,2.538663003663003508e+02
8.971576227390180236e+01,1.629599483204134174e+02,6.404844961240308976e+01,2.530736434108526964e+02
8.885657370517928655e+01,1.641500664010624178e+02,6.416279069767442422e+01,2.524476744186046631e+02
8.841192411924119199e+01,1.648794037940379269e+02,6.456179775280898525e+01,2.509250936329587773e+02
8.832820512820512704e+01,1.650205128205128062e+02,6.512546816479400036e+01,2.496928838951310468e+02
8.768151147098515708e+01,1.658933873144399342e+02,6.582777777777778283e+01,2.482648148148147982e+02
8.749263721552877371e+01,1.660870147255689346e+02,6.581305114638448117e+01,2.477830687830687850e+02
8.698920377867746367e+01,1.668839406207827096e+02,6.630726256983240319e+01,2.452756052141526766e+02
8.694489247311827285e+01,1.673360215053763227e+02,6.721348314606741781e+01,2.438951310861422996e+02
8.665485564304461263e+01,1.676811023622047117e+02,6.805458089668614718e+01,2.417836257309941459e+02
8.622715053763440096e+01,1.682271505376344010e+02,6.857592592592592950e+01,2.400351851851851563e+02
8.609749670619234507e+01,1.682397891963109373e+02,6.928148148148147811e+01,2.382425925925925867e+02
8.531241830065359011e+01,1.693542483660130529e+02,7.038683127572015508e+01,2.362489711934155991e+02
8.507496653279784482e+01,1.701218206157965085e+02,7.097523809523809746e+01,2.349828571428571422e+02
8.494149659863944635e+01,1.706108843537414828e+02,7.125905797101448513e+01,2.339492753623188150e+02
8.488975356679635809e+01,1.709092088197146495e+02,7.193827160493826511e+01,2.322539682539682531e+02
8.471604938271605079e+01,1.711275720164609027e+02,7.276427255985265674e+01,2.304438305709023780e+02
8.456862745098038658e+01,1.715503267973855941e+02,7.345210727969347886e+01,2.290402298850574709e+02
8.430620155038759833e+01,1.722919896640826778e+02,7.408655616942908750e+01,2.282780847145487826e+02
8.413251366120218222e+01,1.729658469945354966e+02,7.493939393939393767e+01,2.265151515151515014e+02
8.407083333333333997e+01,1.736236111111111029e+02,7.537777777777777999e+01,2.255092592592592382e+02
8.398118279569891342e+01,1.735860215053763227e+02,7.605555555555555713e+01,2.247092592592592553e+02
8.371484375000000000e+01,1.740963541666666572e+02,7.641154562383611903e+01,2.240186219739292142e+02
8.350065359477123650e+01,1.749764705882352871e+02,7.676937984496123590e+01,2.236511627906976685e+02
8.339040207522697301e+01,1.752386511024643028e+02,7.713919413919413159e+01,2.231813186813186860e+02
8.320868347338934257e+01,1.761372549019607732e+02,7.731809523809523910e+01,2.228761904761904589e+02
8.307264957264956706e+01,1.766823361823361722e+02,7.760588235294117965e+01,2.225921568627450711e+02
8.302380952380951840e+01,1.770770308123249208e+02,7.813921568627451109e+01,2.216254901960784025e+02
8.273706896551723844e+01,1.776853448275862206e+02,7.846441947565543273e+01,2.217284644194756424e+02
8.255510204081632253e+01,1.786421768707482727e+02,7.859523809523808779e+01,2.216355311355311244e+02
8.255601092896174009e+01,1.788592896174863256e+02,7.875189393939393767e+01,2.214810606060605949e+02
8.245887445887446177e+01,1.792438672438672143e+02,7.977777777777777146e+01,2.204506172839506064e+02
8.211341632088519304e+01,1.799045643153527010e+02,8.016666666666665719e+01,2.202804878048780495e+02
8.213654618473896107e+01,1.801178045515394786e+02,8.021285140562248728e+01,2.201987951807228967e+02
8.206234096692111279e+01,1.797022900763358848e+02,8.037231968810915816e+01,2.200253411306042608e+02
8.195698924731182444e+01,1.810241935483871032e+02,8.036489151873766446e+01,2.199842209072978108e+02
8.184435261707989184e+01,1.818250688705234097e+02,8.067254901960784252e+01,2.202176470588235304e+02
8.165266106442577154e+01,1.823487394957983270e+02,8.095608782435130024e+01,2.198363273453093711e+02
8.133886583679114324e+01,1.829073305670816012e+02,8.131450094161958475e+01,2.196873822975517783e+02
8.114325068870522273e+01,1.839421487603305820e+02,8.140269749518303399e+01,2.196570327552986441e+02
8.116069057104913043e+01,1.841912350597609702e+02,8.133932135728542789e+01,2.201057884231536832e+02
8.096385542168674476e+01,1.848995983935743084e+02,8.128994082840236501e+01,2.206587771203155626e+02
8.072634643377000430e+01,1.855211062590975075e+02,8.154037267080745721e+01,2.208302277432711946e+02
8.045986394557822052e+01,1.861891156462584718e+02,8.129696969696969688e+01,2.213434343434343248e+02
8.039344262295081478e+01,1.862308743169398610e+02,8.122420634920634086e+01,2.215674603174603021e+02
8.019973009446692913e+01,1.872887989203778432e+02,8.131083844580776088e+01,2.218773006134969421e+02
7.996957671957672176e+01,1.882050264550264558e+02,8.130691056910568193e+01,2.219065040650406218e+02
7.970370370370369528e+01,1.894365079365079225e+02,8.149112426035503631e+01,2.222642998027613146e+02
7.968852459016393652e+01,1.899494535519125691e+02,8.120404040404039847e+01,2.229414141414141000e+02
7.935341365461847829e+01,1.908085676037483154e+02,8.120404040404039847e+01,2.229414141414141000e+02
7.950406504065040281e+01,1.909336043360433450e+02,8.087570621468925935e+01,2.237099811676082766e+02
7.975066666666666038e+01,1.913173333333333233e+02,8.106134969325152895e+01,2.238364008179958944e+02
7.991235059760956005e+01,1.919482071713147491e+02,8.115637860082303234e+01,2.239691358024691397e+02
8.036614173228346658e+01,1.928818897637795260e+02,8.065079365079364493e+01,2.247321428571428612e+02
8.101200000000000045e+01,1.938439999999999941e+02,8.064728682170542129e+01,2.247383720930232585e+02
8.139917695473251058e+01,1.944019204389574611e+02,7.995983935742971482e+01,2.260240963855421796e+02
8.159379217273952634e+01,1.946221322537111860e+02,8.003137254901960773e+01,2.259294117647058897e+02
8.216666666666665719e+01,1.953252688172042895e+02,7.979718875502007336e+01,2.265361445783132410e+02
8.251714677640602247e+01,1.957407407407407334e+02,7.965261044176706662e+01,2.272429718875501692e+02
8.255897435897435344e+01,1.957974358974358893e+02,7.947357723577235333e+01,2.273434959349593214e+02
8.309960159362549348e+01,1.964329349269588079e+02,nan,nan
8.352032520325202825e+01,1.967276422764227561e+02,7.872319688109161007e+01,2.284814814814814667e+02
8.384010840108399520e+01,1.969905149051490412e+02,7.852610441767068039e+01,2.290120481927710898e+02
8.427595628415299700e+01,1.973442622950819612e+02,7.857790927021696348e+01,2.292998027613411978e+02
8.458495460440985880e+01,1.976005188067444749e+02,7.853131313131312652e+01,2.294505050505050292e+02
8.528326745718048585e+01,1.981277997364953762e+02,nan,nan
8.568211068211067527e+01,1.984761904761904532e+02,nan,nan
8.658234519104084370e+01,1.990750988142292499e+02,7.797546012269938842e+01,2.310961145194273740e+02
8.714285714285713880e+01,1.994484126984127101e+02,7.795934959349592930e+01,2.315792682926829400e+02
8.751612903225806406e+01,1.997258064516128968e+02,7.791869918699187281e+01,2.318617886178861625e+02
8.818206157965192915e+01,2.002275769745649256e+02,7.791869918699187281e+01,2.318617886178861625e+02
8.866534391534391091e+01,2.003452380952381020e+02,7.742914171656686051e+01,2.331956087824351016e+02
8.966260162601625439e+01,2.011666666666666572e+02,7.743292682926829684e+01,2.337357723577235618e+02
8.995013123359579765e+01,2.013805774278215210e+02,7.728861788617885509e+01,2.344166666666666288e+02
9.113333333333332575e+01,2.020095238095237846e+02,7.681226053639845475e+01,2.352030651340996030e+02
9.166265060240964146e+01,2.022329317269076228e+02,nan,nan
9.206770833333332860e+01,2.024440104166666572e+02,7.674576271186440124e+01,2.359416195856873628e+02
9.318218623481782004e+01,2.029946018893387247e+02,7.617261904761905100e+01,2.369226190476190368e+02
9.373009446693656344e+01,2.033400809716599156e+02,7.605788423153691724e+01,2.377105788423153570e+02
9.468717948717947763e+01,2.037935897435897346e+02,7.563157894736842479e+01,2.386803118908381691e+02
9.541960784313725696e+01,2.042052287581699090e+02,7.512301587301587347e+01,2.393412698412698205e+02
9.589141414141413122e+01,2.044002525252525118e+02,7.512820512820512420e+01,2.396844181459565846e+02
9.699453551912567661e+01,2.050997267759562703e+02,7.475468164794007464e+01,2.404569288389512849e+02
9.781613756613755584e+01,2.054907407407407334e+02,7.425925925925925242e+01,2.415497076023391685e+02
9.848933333333333451e+01,2.057733333333333121e+02,7.424470134874758287e+01,2.425163776493255909e+02
9.910373443983402808e+01,2.060982019363761992e+02,7.425240847784199616e+01,2.435568400770712572e+02
9.964102564102563520e+01,2.063717948717948616e+02,7.452727272727273089e+01,2.442929292929292728e+02
1.001813333333333276e+02,2.065680000000000121e+02,7.453564547206165969e+01,2.447533718689787747e+02
1.009932249322493192e+02,2.070271002710026949e+02,7.471539961013644415e+01,2.453976608187134616e+02
1.016079234972677483e+02,2.072991803278688394e+02,7.482730923694778369e+01,2.458473895582329192e+02
1.022074688796680562e+02,2.075864453665283236e+02,7.443725490196077033e+01,2.465294117647058840e+02
1.026172839506172778e+02,2.076968449931412692e+02,7.441164658634536977e+01,2.469819277108433653e+02
1.034721088435373986e+02,2.081333333333333258e+02,7.410077519379844091e+01,2.473662790697674438e+02
1.041233062330623227e+02,2.085365853658536537e+02,7.430392156862744457e+01,2.476999999999999886e+02
1.047496855345911797e+02,2.088327044025157022e+02,7.450898203592814184e+01,2.478463073852295224e+02
1.050779054916985871e+02,2.088837803320561761e+02,7.410497237569060758e+01,2.483830570902393902e+02
1.063862433862433789e+02,2.096164021164020994e+02,7.390293040293039439e+01,2.491080586080585988e+02
1.068418300653594741e+02,2.099189542483659920e+02,7.393217054263564592e+01,2.492093023255814046e+02
1.075833333333333286e+02,2.101071428571428612e+02,7.397765363128492311e+01,2.493091247672252848e+02
1.083333333333333286e+02,2.106507304116865669e+02,7.397765363128492311e+01,2.493091247672252848e+02
1.088460508701472520e+02,2.108246318607764067e+02,7.404371584699453024e+01,2.496429872495446034e+02
1.097129251700680186e+02,2.113401360544217482e+02,7.414857142857142946e+01,2.498552380952380929e+02
1.103457814661134080e+02,2.116127247579529751e+02,7.416666666666665719e+01,2.501647727272727195e+02
1.112290809327846262e+02,2.119931412894375740e+02,7.406703910614524489e+01,2.503240223463687073e+02
1.121115434500648433e+02,2.126355382619973966e+02,7.412172284644194065e+01,2.503071161048688964e+02
1.126306306306306197e+02,2.128970398970398890e+02,7.414124293785310726e+01,2.505630885122410518e+02
1.133449163449163422e+02,2.134388674388674190e+02,7.407428571428570763e+01,2.506095238095238074e+02
1.137506775067750624e+02,2.138387533875338420e+02,7.423668639053254026e+01,2.508540433925049058e+02
1.143410256410256380e+02,2.142397435897435685e+02,7.461111111111110006e+01,2.509022988505747094e+02
1.150701058201058089e+02,2.147447089947089864e+02,7.461111111111110006e+01,2.509022988505747094e+02
1.155694444444444429e+02,2.153244949494949481e+02,7.461111111111110006e+01,2.509022988505747094e+02
1.160000000000000000e+02,2.156765799256505716e+02,7.478531073446328037e+01,2.511958568738229758e+02
1.165498687664041881e+02,2.161246719160104988e+02,7.519607843137254122e+01,2.510764705882352814e+02
1.172012820512820497e+02,2.167923076923077019e+02,7.546153846153846700e+01,2.511873767258382486e+02
1.177522012578616284e+02,2.172842767295597355e+02,7.546242774566474054e+01,2.512524084778419819e+02
1.184417009602194781e+02,2.180288065843621439e+02,7.528968253968253066e+01,2.513293650793650613e+02
1.190900900900900865e+02,2.187554697554697327e+02,7.540160642570280913e+01,2.512791164658634386e+02
1.190761154855643014e+02,2.187283464566929183e+02,7.530285714285714960e+01,2.515866666666666447e+02
1.197458492975734288e+02,2.193473818646232303e+02,7.543410852713178372e+01,2.516472868217053929e+02
1.201518661518661446e+02,2.196885456885456733e+02,7.553333333333333144e+01,2.516019607843136896e+02
1.208390367553865588e+02,2.206844106463878461e+02,7.541040462427746149e+01,2.516685934489402428e+02
1.214233206590620995e+02,2.212724968314321927e+02,7.543410852713178372e+01,2.516472868217053929e+02
1.219224489795918345e+02,2.219251700680271995e+02,7.539766081871344738e+01,2.517797270955165345e+02
1.225917001338687982e+02,2.228125836680053453e+02,7.586666666666666003e+01,2.517509803921568619e+02
1.229420289855072355e+02,2.231857707509881550e+02,7.581007751937983130e+01,2.517945736434108426e+02
1.234674634794156702e+02,2.238313413014608102e+02,7.554802259887006244e+01,2.519039548022598751e+02
1.239026217228464475e+02,2.243308364544319318e+02,7.560451977401129398e+01,2.518945386064029890e+02
1.245950413223140458e+02,2.256391184573002704e+02,7.574850299401197162e+01,2.519540918163672245e+02
1.248259705488621023e+02,2.262570281124498024e+02,7.558579881656804389e+01,2.520650887573964383e+02
1.254946666666666601e+02,2.276346666666666465e+02,7.573006134969325842e+01,2.519529652351737923e+02
1.256346666666666607e+02,2.278706666666666649e+02,7.580606060606061192e+01,2.519595959595959300e+02
1.261215846994535354e+02,2.287786885245901658e+02,7.560699588477365296e+01,2.517736625514403102e+02
1.263361945636623744e+02,2.295164520743919638e+02,7.519428571428571217e+01,2.514971428571428476e+02
1.266504723346828456e+02,2.302429149797570744e+02,7.500000000000000000e+01,2.514092592592592439e+02
1.270404858299595077e+02,2.309595141700404781e+02,7.503013182674199300e+01,2.511280602636534809e+02
1.274830508474576334e+02,2.319067796610169410e+02,7.446435452793834031e+01,2.507938342967244409e+02
1.276448979591836803e+02,2.328884353741496511e+02,7.348404255319148604e+01,2.504202127659574444e+02
1.279644808743169335e+02,2.334043715846994473e+02,7.327140255009106795e+01,2.487413479052823106e+02
1.282752420470262678e+02,2.349515905947440899e+02,7.285765765765765423e+01,2.482180180180180002e+02
1.286908831908831701e+02,2.356994301994301964e+02,7.267234848484848442e+01,2.478143939393939092e+02
1.289159779614325032e+02,2.361859504132231393e+02,7.251612903225806406e+01,2.474372759856630637e+02
1.291818181818181870e+02,2.368581267217630852e+02,7.264804469273742882e+01,2.460167597765363041e+02
1.295484330484330542e+02,2.385584045584045612e+02,7.264684684684684157e+01,2.452774774774774471e+02
1.297920353982300981e+02,2.400162241887905452e+02,7.269868173258002741e+01,2.447175141242937855e+02
1.298130434782608802e+02,2.398159420289854893e+02,7.283333333333332860e+01,2.442087719298245361e+02
1.301049645390070850e+02,2.407163120567375643e+02,7.264726631393297396e+01,2.437936507936507837e+02
1.302425531914893497e+02,2.415035460992907588e+02,7.268739205526769354e+01,2.435043177892918607e+02
1.303597222222222172e+02,2.419833333333333201e+02,7.290217391304348382e+01,2.425253623188405641e+02
1.305805084745762770e+02,2.436087570621468785e+02,7.281647940074905989e+01,2.422003745318351946e+02
1.305942028985507193e+02,2.435420289855072440e+02,7.281647940074905989e+01,2.422003745318351946e+02
1.306763485477178506e+02,2.437565698478561274e+02,7.290185185185184480e+01,2.410203703703703582e+02
1.306866096866096711e+02,2.445299145299145209e+02,7.290074906367040342e+01,2.409644194756554043e+02
1.307944664031620619e+02,2.449222661396574381e+02,7.308284023668639406e+01,2.398717948717948332e+02
1.306404199475065582e+02,2.455104986876640396e+02,7.311296296296295338e+01,2.398037037037036896e+02
1.305484276729559667e+02,2.461622641509434004e+02,7.321229050279329442e+01,2.389664804469273633e+02
1.305676037483266327e+02,2.471820615796519292e+02,7.324125230202578507e+01,2.388195211786371601e+02
1.305085638998682498e+02,2.474005270092226283e+02,7.316206261510127717e+01,2.389079189686924281e+02
1.302906336088154262e+02,2.487961432506886865e+02,7.339492753623187582e+01,2.379420289855072213e+02
1.299839357429718802e+02,2.497161981258366552e+02,7.350000000000000000e+01,2.375368217054263198e+02
1.298172458172458050e+02,2.498725868725868793e+02,7.345719489981784989e+01,2.371475409836065467e+02
1.298545688545688392e+02,2.503371943371943189e+02,7.343897996357011948e+01,2.366830601092896131e+02
1.298841698841698928e+02,2.506061776061775959e+02,7.348342059336823695e+01,2.363821989528795768e+02
1.292359999999999900e+02,2.523053333333333228e+02,7.380107526881720048e+01,2.356810035842293871e+02
1.287010463378176439e+02,2.533587443946188387e+02,7.375227686703095742e+01,2.352896174863387841e+02
1.284379084967320068e+02,2.533124183006535759e+02,7.359278350515464240e+01,2.349261168384879568e+02
1.281041666666666572e+02,2.534414062500000000e+02,7.370723104056436625e+01,2.343456790123456415e+02
1.281970899470899496e+02,2.540674603174603305e+02,7.407777777777778283e+01,2.330018518518518249e+02
1.274104683195592287e+02,2.547176308539944785e+02,7.450183150183148939e+01,2.318937728937728764e+02
1.271719999999999970e+02,2.551813333333333276e+02,7.436200716845877423e+01,2.317240143369175485e+02
1.267012448132780094e+02,2.557302904564315327e+02,7.457142857142856940e+01,2.310256410256410220e+02
1.264629629629629477e+02,2.559629629629629619e+02,7.451685393258426870e+01,2.305037453183520597e+02
1.260103761348897393e+02,2.563994811932554967e+02,7.459444444444444855e+01,2.303759259259259125e+02
1.248249299719887944e+02,2.572254901960783968e+02,7.484974093264249007e+01,2.295803108808290176e+02
1.248515519568151149e+02,2.573333333333333144e+02,7.487292817679558254e+01,2.290883977900552395e+02
1.248596491228070136e+02,2.575600539811065914e+02,7.497117117117116436e+01,2.286702702702702652e+02
1.243096234309623469e+02,2.576875871687586823e+02,7.521372549019606879e+01,2.282882352941176407e+02
1.236246612466124617e+02,2.580230352303523205e+02,7.546985815602836567e+01,2.272677304964538791e+02
1.230111111111111057e+02,2.583208333333333258e+02,7.572161172161170839e+01,2.265750915750915624e+02
1.223807588075880659e+02,2.588360433604336208e+02,7.596481481481481524e+01,2.260462962962962763e+02
1.221818181818181870e+02,2.589288537549406897e+02,7.600713012477717712e+01,2.258573975044563156e+02
1.217455048409405123e+02,2.591161825726140933e+02,7.627747747747747553e+01,2.250594594594594469e+02
1.212289972899728951e+02,2.591978319783197549e+02,7.628360957642725282e+01,2.249613259668508363e+02
1.205818965517241423e+02,2.594841954022988375e+02,7.661333333333332973e+01,2.241714285714285779e+02
1.201158192090395431e+02,2.597457627118644155e+02,7.675418994413408313e+01,2.239888268156424544e+02
1.199602836879432459e+02,2.597007092198581404e+02,7.668108108108107501e+01,2.240540540540540633e+02
1.195918367346938709e+02,2.594517006802720971e+02,7.692248062015504217e+01,2.236007751937984267e+02
1.186327683615819097e+02,2.593107344632767877e+02,7.704553734061930470e+01,2.231584699453551934e+02
1.178312757201646122e+02,2.593923182441700988e+02,7.729734848484848442e+01,2.225056818181818130e+02
1.179986504723346741e+02,2.593846153846153584e+02,7.734099616858236459e+01,2.224540229885057556e+02
1.176860465116279073e+02,2.591459948320413105e+02,7.726591760299625378e+01,2.224775280898876417e+02
1.163753623188405726e+02,2.588565217391304145e+02,7.729629629629629051e+01,2.223888888888888857e+02
1.160843537414965851e+02,2.587863945578231437e+02,7.741619585687381289e+01,2.222391713747645667e+02
1.161379781420764914e+02,2.589139344262295026e+02,7.783234714003944532e+01,2.219487179487179276e+02
1.151515151515151416e+02,2.585785123966942365e+02,7.818047882136279725e+01,2.219742173112338719e+02
1.146942257217847754e+02,2.581784776902886733e+02,7.821280602636534240e+01,2.219397363465159856e+02
1.144322493224932202e+02,2.582140921409214229e+02,7.822222222222221433e+01,2.222932604735883331e+02
1.139043824701195149e+02,2.579309428950863321e+02,7.834798534798534320e+01,2.221153846153846132e+02
1.129699453551912427e+02,2.575109289617486183e+02,7.841814595660748921e+01,2.222386587771202926e+02
1.123646258503401327e+02,2.572258503401360485e+02,7.875280898876404478e+01,2.218857677902621504e+02
1.120784313725490193e+02,2.568967320261438090e+02,7.861932938856016051e+01,2.219072978303747163e+02
1.117432950191570882e+02,2.568633461047253945e+02,7.863953488372092693e+01,2.219573643410852526e+02
1.109251968503937036e+02,2.563845144356955075e+02,7.864117647058823479e+01,2.220156862745097897e+02
1.100693333333333328e+02,2.558520000000000039e+02,7.903724394785847096e+01,2.217337057728119021e+02
1.095343915343915313e+02,2.555251322751322505e+02,7.912689393939393767e+01,2.216761363636363740e+02
1.092379134860050840e+02,2.552760814249363648e+02,7.912689393939393767e+01,2.216761363636363740e+02
1.082196679438058737e+02,2.548109833971902560e+02,7.912689393939393767e+01,2.216761363636363740e+02
1.075656167979002475e+02,2.542926509186351609e+02,7.905383022774326207e+01,2.220703933747411725e+02
1.066427622841965359e+02,2.537197875166002632e+02,7.897373737373736446e+01,2.219898989898989612e+02
1.063215686274509864e+02,2.534653594771241671e+02,7.908739837398373140e+01,2.220365853658536537e+02
1.057544529262086428e+02,2.531183206106870216e+02,7.908384458077709667e+01,2.220143149284253354e+02
1.047970430107526738e+02,2.527352150537634259e+02,7.918962075848303073e+01,2.219600798403193380e+02
1.042217795484727674e+02,2.522642762284196465e+02,7.856928838951310468e+01,2.219644194756554043e+02
1.029163398692810318e+02,2.515228758169934338e+02,7.836174242424242209e+01,2.217840909090909065e+02
1.026963562753036427e+02,2.512874493927125457e+02,7.818832391713746688e+01,2.218512241054613696e+02
1.017367724867724803e+02,2.507314814814814667e+02,7.818832391713746688e+01,2.218512241054613696e+02
1.012620865139949018e+02,2.503447837150127100e+02,7.835675675675675222e+01,2.209855855855855680e+02
1.000611979166666572e+02,2.497473958333333144e+02,7.811051693404634477e+01,2.210071301247771487e+02
9.884848484848484418e+01,2.489022038567492814e+02,7.840196078431371518e+01,2.202137254901960546e+02
9.845161290322580783e+01,2.487137096774193594e+02,7.837547892720306209e+01,2.198735632183908137e+02
9.810928961748632560e+01,2.484754098360655803e+02,7.833146067415729874e+01,2.196835205992509259e+02
9.765999999999999659e+01,2.481080000000000041e+02,7.844952380952381077e+01,2.189561904761904430e+02
9.730737704918033160e+01,2.479904371584699447e+02,7.828927203065133256e+01,2.188773946360153104e+02
9.617273954116058121e+01,2.470485829959514206e+02,7.872156862745097783e+01,2.177098039215686072e+02
9.582352941176471006e+01,2.468795518207282669e+02,7.856630824372759037e+01,2.176326164874551807e+02
9.529288702928870691e+01,2.462147838214783633e+02,7.856462585034013557e+01,2.168843537414965681e+02
9.500268817204299410e+01,2.458857526881720332e+02,7.932801418439716201e+01,2.161666666666666288e+02
9.465200000000000102e+01,2.453933333333333167e+02,8.050000000000000000e+01,2.159523809523809348e+02
9.395833333333332860e+01,2.444541666666666799e+02,8.150183150183148939e+01,2.155750915750915624e+02
9.422483660130718874e+01,2.447908496732026151e+02,8.245472061657032725e+01,2.150250481695568112e+02
9.410641025641024271e+01,2.445397435897435798e+02,8.305169340463457672e+01,2.147415329768270738e+02
9.339455782312924725e+01,2.439523809523809348e+02,8.341530054644809411e+01,2.146921675774134712e+02
9.311942257217847896e+01,2.430971128608923664e+02,8.447120418848167844e+01,2.144048865619546120e+02
9.273472222222221717e+01,2.425194444444444457e+02,8.540873015873015106e+01,2.141130952380952408e+02
9.253703703703703809e+01,2.423227513227513157e+02,8.580662983425413870e+01,2.141896869244935147e+02
9.217886178861787982e+01,2.415623306233062237e+02,8.596415770609318940e+01,2.141182795698924792e+02
9.199287749287748284e+01,2.410997150997150698e+02,8.640641711229946509e+01,2.141301247771835676e+02
9.187500000000000000e+01,2.407597222222221944e+02,8.690070921985814323e+01,2.140000000000000000e+02
9.161354581673306541e+01,2.404063745019920191e+02,8.732427536231884346e+01,2.139891304347825951e+02
9.132921810699588150e+01,2.396502057613168688e+02,8.750350877192981613e+01,2.139736842105263293e+02
9.105416666666666003e+01,2.389319444444444400e+02,8.783606557377049739e+01,2.137759562841530112e+02
9.084959349593495403e+01,2.386260162601626007e+02,8.783606557377049739e+01,2.137759562841530112e+02
9.072292545710266154e+01,2.378734177215189902e+02,8.825683060109290068e+01,2.138761384335154503e+02
9.094179894179893608e+01,2.377354497354497198e+02,8.840314136125654443e+01,2.138551483420593229e+02
9.084765625000000000e+01,2.370872395833333144e+02,8.837192982456139134e+01,2.138842105263157976e+02
9.080341880341880767e+01,2.362307692307692264e+02,8.835763888888887152e+01,2.138593750000000000e+02
9.096652719665272002e+01,2.356931659693165955e+02,8.845138888888887152e+01,2.138385416666666572e+02
9.099713876967095416e+01,2.356165951359084261e+02,8.843642611683847576e+01,2.138144329896907152e+02
9.116170212765958070e+01,2.343404255319148888e+02,8.874385964912279690e+01,2.137105263157894797e+02
9.129148629148627947e+01,2.338730158730158735e+02,8.869518716577539408e+01,2.136363636363636260e+02
9.126886145404662898e+01,2.341028806584362201e+02,8.881028368794325445e+01,2.136648936170212778e+02
9.127688172043009729e+01,2.331747311827956821e+02,8.881818181818181301e+01,2.135133689839572071e+02
9.128172942817293745e+01,2.332370990237099022e+02,8.891005291005291156e+01,2.135414462081128590e+02
9.138797814207649139e+01,2.324890710382513532e+02,8.960144927536229886e+01,2.132681159420289703e+02
9.168776371308017303e+01,2.316962025316455822e+02,8.943783783783783292e+01,2.133333333333333144e+02
9.156399999999999295e+01,2.316506666666666661e+02,8.935069444444444287e+01,2.132500000000000000e+02
9.177100271002709064e+01,2.305934959349593498e+02,8.937962962962961910e+01,2.130388888888888914e+02
9.202469135802469680e+01,2.300493827160493936e+02,8.933150183150182500e+01,2.130769230769230660e+02
9.241430499325235814e+01,2.289230769230769340e+02,9.010153256704980151e+01,2.127164750957854267e+02
9.239759036144577919e+01,2.288674698795180689e+02,8.980586080586080300e+01,2.127564102564102484e+02
9.271020408163265358e+01,2.281999999999999886e+02,8.993063583815029460e+01,2.125048169556839923e+02
9.282186234817814352e+01,2.276234817813765119e+02,9.012426035502959110e+01,2.123451676528599421e+02
9.310349462365590512e+01,2.267513440860214757e+02,9.005772811918062359e+01,2.123594040968342256e+02
9.340783452907440676e+01,2.259442522396942650e+02,9.009402611495538338e+01,2.123734902636659854e+02
9.371217443449290840e+01,2.251371603933670542e+02,9.013032411073014316e+01,2.123875764304977452e+02
9.401651433991141005e+01,2.243300685470398435e+02,9.016662210650490294e+01,2.124016625973295049e+02
9.432085424532991169e+01,2.235229767007126327e+02,9.020292010227966273e+01,2.124157487641612647e+02
9.462519415074841334e+01,2.227158848543854219e+02,9.023921809805442251e+01,2.124298349309930529e+02
9.492953405616691498e+01,2.219087930080582112e+02,9.027551609382918230e+01,2.124439210978248411e+02
9.523387396158541662e+01,2.211017011617309720e+02,9.031181408960394208e+01,2.124580072646566293e+02
9.553821386700391827e+01,2.202946093154037612e+02,9.034811208537870186e+01,2.124720934314884175e+02
9.584255377242241991e+01,2.194875174690765505e+02,9.038441008115346165e+01,2.124861795983202057e+02
9.614689367784092155e+01,2.186804256227493397e+02,9.042070807692822143e+01,2.125002657651519655e+02
9.645123358325942320e+01,2.178733337764221005e+02,9.045700607270299543e+01,2.125143519319837537e+02
9.675557348867792484e+01,2.170662419300948898e+02,9.049330406847776942e+01,2.125284380988155419e+02
9.705991339409641228e+01,2.162591500837677074e+02,9.052960206425254341e+01,2.125425242656473301e+02
9.736425329951491392e+01,2.154520582374404967e+02,9.056590006002731741e+01,2.125566104324791183e+02
9.766859320493341556e+01,2.146449663911132575e+02,9.060219805580209140e+01,2.125706965993109065e+02
9.797293311035191721e+01,2.138378745447860183e+02,9.063849605157686540e+01,2.125847827661426948e+02
9.827727301577041885e+01,2.130307826984588075e+02,9.067479404735163939e+01,2.125988689329744830e+02
9.858161292118892050e+01,2.122236908521315684e+02,9.071109204312641339e+01,2.126129550998062712e+02
9.888595282660742214e+01,2.114165990058043292e+02,9.074739003890118738e+01,2.126270412666380594e+02
9.919029273202592378e+01,2.106095071594771184e+02,9.078368803467596138e+01,2.126411274334698476e+02
9.949463263744442543e+01,2.098024153131498792e+02,9.081998603045073537e+01,2.126552136003016358e+02
9.979897254286291286e+01,2.089953234668226969e+02,9.085628402622549515e+01,2.126692997671333956e+02
1.001033124482814003e+02,2.081882316204955146e+02,9.089258202200025494e+01,2.126833859339651553e+02
1.004076523536998877e+02,2.073811397741683322e+02,9.092888001777501472e+01,2.126974721007969151e+02
1.007119922591183752e+02,2.065740479278411499e+02,9.096517801354977451e+01,2.127115582676286749e+02
1.010163321645368626e+02,2.057669560815139675e+02,9.100147600932453429e+01,2.127256444344604631e+02
1.013206720699553500e+02,2.049598642351867852e+02,9.103777400509929407e+01,2.127397306012922229e+02
1.016250119753738375e+02,2.041527723888596029e+02,9.107407200087405386e+01,2.127538167681239827e+02
1.019293518807923249e+02,2.033456805425324205e+02,9.111036999664881364e+01,2.127679029349557425e+02
1.022336917862108265e+02,2.025385886962051813e+02,9.114666799242357342e+01,2.127819891017875022e+02
1.025380316916293282e+02,2.017314968498779422e+02,9.118296598819833321e+01,2.127960752686192905e+02
1.028423715970478156e+02,2.009244050035507598e+02,9.121926398397309299e+01,2.128101614354510502e+02
1.031467115024663030e+02,2.001173131572235775e+02,9.125556197974786699e+01,2.128242476022828384e+02
1.034510514078848047e+02,1.993102213108963383e+02,9.129185997552262677e+01,2.128383337691145982e+02
1.037553913133033063e+02,1.985031294645690991e+02,9.132815797129738655e+01,2.128524199359463580e+02
1.040597312187217938e+02,1.976960376182419168e+02,9.136445596707214634e+01,2.128665061027781178e+02
1.043640711241402954e+02,1.968889457719146776e+02,9.140075396284690612e+01,2.128805922696098776e+02
1.046684110295587971e+02,1.960818539255874668e+02,9.143705195862166590e+01,2.128946784364416374e+02
1.049727509349772987e+02,1.952747620792602561e+02,9.147334995439642569e+01,2.129087646032733971e+02
1.052770908403958003e+02,1.944676702329330169e+02,9.150964795017118547e+01,2.129228507701051569e+02
1.055814307458143020e+02,1.936605783866057777e+02,9.154594594594594525e+01,2.129369369369369167e+02
1.055862068965517295e+02,1.935272988505746810e+02,9.099275362318839200e+01,2.139438405797101268e+02
1.058555078683833983e+02,1.920071530758226004e+02,9.042553191489361097e+01,2.150975177304964348e+02
1.058529014844804266e+02,1.917112010796221284e+02,9.064154103852595767e+01,2.162194304857621319e+02
1.059453333333333234e+02,1.919893333333333203e+02,8.976699029126213247e+01,2.165097087378640879e+02
1.060214190093708169e+02,1.908286479250334366e+02,8.996840442338071853e+01,2.172322274881516648e+02
1.061646423751686825e+02,1.897962213225370931e+02,8.985133020344287047e+01,2.180845070422535343e+02
1.061720430107526738e+02,1.889771505376344010e+02,8.980162601626015828e+01,2.188195121951219448e+02
1.061938911022576235e+02,1.881062416998671836e+02,8.951851851851851904e+01,2.193580246913579970e+02
1.064779614325068735e+02,1.871749311294765619e+02,8.937254901960784537e+01,2.196813725490196134e+02
1.063374827109266931e+02,1.856625172890732927e+02,8.991797556719022566e+01,2.205026178010471085e+02
1.066184738955823263e+02,1.857322623828647750e+02,9.012908496732025299e+01,2.212843137254901933e+02
1.065469387755101991e+02,1.845727891156462306e+02,9.022504230118443047e+01,2.218257191201353464e+02
1.066721763085399317e+02,1.841818181818181870e+02,9.002777777777777146e+01,2.222140522875816941e+02
1.066653061224489818e+02,1.833333333333333144e+02,9.014691943127962759e+01,2.225655608214849792e+02
1.066351931330472098e+02,1.814277539341916849e+02,9.123758865248225902e+01,2.238723404255319167e+02
1.067201125175808585e+02,1.807960618846694558e+02,9.137458745874586441e+01,2.246468646864686320e+02
1.066593886462882068e+02,1.805880640465793192e+02,9.198907103825136744e+01,2.255264116575591800e+02
1.067235449735449748e+02,1.797288359788359742e+02,9.199473684210526869e+01,2.259561403508771775e+02
1.067282463186077592e+02,1.785448460508701487e+02,9.218063314711358203e+01,2.264525139664804385e+02
1.067430249632892725e+02,1.776152716593245202e+02,9.245614035087717753e+01,2.267350877192982352e+02
1.064903581267217589e+02,1.766528925619834638e+02,9.250592216582063543e+01,2.274602368866327993e+02
1.066120218579234944e+02,1.763196721311475414e+02,9.267521367521366926e+01,2.278239316239315997e+02
1.064535050071530691e+02,1.748440629470672150e+02,9.323211169284466848e+01,2.284869109947644006e+02
1.064463040446303950e+02,1.742887029288702934e+02,9.318137254901961342e+01,2.288986928104575043e+02
1.064002789400278886e+02,1.733542538354253679e+02,9.349842767295596957e+01,2.293097484276729574e+02
1.063971014492753540e+02,1.724000000000000057e+02,9.351904761904762609e+01,2.295666666666666629e+02
1.064649499284692382e+02,1.717510729613733815e+02,9.341940532081376602e+01,2.296369327073552427e+02
1.064329183955739921e+02,1.714356846473029066e+02,9.390619765494136573e+01,2.302412060301507495e+02
1.063946188340807169e+02,1.701958146487294243e+02,9.454377104377103080e+01,2.309461279461279162e+02
1.063264462809917319e+02,1.694641873278236801e+02,9.520430107526881613e+01,2.316541218637992756e+02
1.062714486638537181e+02,1.685147679324894625e+02,9.546977547495680483e+01,2.320414507772020727e+02
1.062424242424242493e+02,1.679898989898989896e+02,9.559000000000000341e+01,2.324716666666666356e+02
1.061076696165191748e+02,1.666032448377580977e+02,9.602245250431778345e+01,2.329585492227979273e+02
1.060000000000000000e+02,1.658129395218002742e+02,9.634715025906736230e+01,2.336683937823834185e+02
1.058563218390804508e+02,1.642816091954022681e+02,9.676511226252158338e+01,2.339378238341969052e+02
1.057675070028011106e+02,1.639439775910364006e+02,9.733503401360542284e+01,2.345680272108843383e+02
1.057032520325203251e+02,1.635853658536585442e+02,9.748784722222221433e+01,2.348506944444444287e+02
1.055042372881355988e+02,1.628531073446327468e+02,9.784771573604061246e+01,2.355380710659898398e+02
1.055199430199430140e+02,1.628988603988603643e+02,9.840740740740739056e+01,2.361801346801346710e+02
1.052217327459618161e+02,1.609500734214390434e+02,9.813333333333332575e+01,2.360233333333333121e+02
1.052964480874316848e+02,1.603989071038251097e+02,9.868472906403940215e+01,2.364646962233168779e+02
1.053213213213213209e+02,1.596066066066065900e+02,9.946141215106730726e+01,2.372085385878489205e+02
1.057155172413793167e+02,1.588333333333333144e+02,9.996068376068375017e+01,2.378461538461538396e+02
1.064195402298850581e+02,1.587054597701149419e+02,1.002504065040650403e+02,2.381447154471544536e+02
1.074520743919885462e+02,1.581101573676680800e+02,1.004110032362459464e+02,2.384579288025889809e+02
1.080725244072524305e+02,1.577949790794979208e+02,1.010613598673300118e+02,2.390232172470978185e+02
1.086569037656903731e+02,1.575355648535564796e+02,1.010786324786324712e+02,2.390051282051282158e+02
1.093206751054852361e+02,1.573881856540084527e+02,1.016190476190476062e+02,2.397241379310344769e+02
1.106886930983847179e+02,1.569574155653450589e+02,1.019936204146730319e+02,2.400956937799043089e+02
1.117531446540880324e+02,1.568380503144653915e+02,1.022166666666666544e+02,2.404716666666666356e+02
1.123528528528528483e+02,1.570045045045044958e+02,1.030581196581196508e+02,2.410974358974359006e+02
1.125371179039301239e+02,1.574075691411935622e+02,1.034854700854700695e+02,2.417111111111111086e+02
1.125840579710144880e+02,1.581072463768115881e+02,1.037864583333333286e+02,2.420225694444444287e+02
1.123023909985935234e+02,1.585260196905766463e+02,1.036354166666666714e+02,2.419444444444444287e+02
1.121837606837606813e+02,1.588646723646723444e+02,1.048766114180478723e+02,2.431546961325966834e+02
1.120506666666666575e+02,1.590013333333333208e+02,1.055255731922398468e+02,2.436613756613756721e+02
1.124634146341463463e+02,1.597195121951219505e+02,1.053576388888888715e+02,2.435763888888888857e+02
1.124077025232403599e+02,1.600345285524568339e+02,1.058075601374570311e+02,2.440945017182130243e+02
1.124103585657370559e+02,1.601168658698539105e+02,1.064171029668411705e+02,2.447835951134380252e+02
1.123033854166666572e+02,1.604596354166666572e+02,1.064127806563039655e+02,2.448359240069084422e+02
1.125314207650273062e+02,1.609576502732240328e+02,1.072864583333333286e+02,2.455625000000000000e+02
1.126253229974160206e+02,1.612635658914728651e+02,1.075220458553791758e+02,2.458571428571428612e+02
1.128975409836065609e+02,1.619808743169398610e+02,1.083156966490299737e+02,2.465855379188712391e+02
1.128550724637681100e+02,1.623544137022397820e+02,1.085730337078651644e+02,2.470243445692883597e+02
1.131344778254649412e+02,1.631330472103004183e+02,1.096907216494845301e+02,2.477766323024054884e+02
1.131288515406162389e+02,1.635518207282912897e+02,1.098946459412780570e+02,2.480725388601036343e+02
1.129731638418079029e+02,1.637429378531073212e+02,1.106285240464344923e+02,2.488308457711442827e+02
1.129145299145299077e+02,1.637749287749287532e+02,1.107777777777777715e+02,2.489502487562189117e+02
1.130994152046783512e+02,1.649093567251461820e+02,1.115833333333333144e+02,2.494450354609928979e+02
1.130099290780141814e+02,1.650212765957446948e+02,1.121495934959349512e+02,2.498000000000000114e+02
1.127819444444444343e+02,1.648861111111110915e+02,1.126260162601626007e+02,2.502487804878048792e+02
1.127307132459970802e+02,1.659606986899563310e+02,1.134227642276422614e+02,2.511284552845528140e+02
1.123376251788268831e+02,1.660100143061516178e+02,1.140763239875389417e+02,2.516573208722741413e+02
1.120614754098360635e+02,1.668510928961748618e+02,1.153960396039603893e+02,2.526138613861386091e+02
1.118067846607669509e+02,1.674233038348082516e+02,1.161650165016501575e+02,2.533811881188118775e+02
1.113842794759825381e+02,1.684075691411935622e+02,1.174666666666666544e+02,2.544270270270270373e+02
1.112429149797570886e+02,1.687058029689608531e+02,1.177979797979797922e+02,2.545370370370370097e+02
1.108504273504273527e+02,1.692977207977207854e+02,1.189180035650623779e+02,2.555008912655971471e+02
1.103488700564971765e+02,1.703587570621468785e+02,1.200522522522522451e+02,2.565045045045044958e+02
1.100143678160919478e+02,1.711063218390804366e+02,1.209350877192982381e+02,2.570859649122807014e+02
1.095656108597285083e+02,1.719864253393665194e+02,1.216296296296296191e+02,2.578451178451178407e+02
1.091158798283261859e+02,1.731688125894134203e+02,1.223164128595600602e+02,2.583604060913705780e+02
1.087639484978540736e+02,1.735665236051502234e+02,1.229521367521367381e+02,2.585982905982905891e+02
1.085310734463276816e+02,1.740903954802259648e+02,1.241701030927835063e+02,2.596408934707903313e+02
1.080165912518853588e+02,1.753755656108597236e+02,1.247680412371134082e+02,2.601907216494845443e+02
1.075336322869955126e+02,1.760044843049327312e+02,1.258659793814432959e+02,2.610945017182130528e+02
1.073630952380952266e+02,1.761279761904761756e+02,1.265509499136442031e+02,2.616614853195163732e+02
1.070421940928270033e+02,1.767130801687763721e+02,1.267671691792294695e+02,2.618492462311558029e+02
1.069548762736535537e+02,1.770873362445414898e+02,1.290126126126125996e+02,2.632684684684684271e+02
1.064497816593886483e+02,1.782401746724890756e+02,1.290449050086355669e+02,2.634594127806562938e+02
1.061067251461988263e+02,1.791067251461988121e+02,1.299877192982455938e+02,2.641824561403508369e+02
1.059400584795321549e+02,1.792792397660818722e+02,1.305270935960591032e+02,2.644696223316912551e+02
1.057599451303154865e+02,1.796666666666666572e+02,1.316920473773265599e+02,2.652791878172589008e+02
1.055941422594142267e+02,1.799218967921896706e+02,1.322340425531915002e+02,2.657570921985815176e+02
1.052424242424242493e+02,1.812308802308802171e+02,1.332783687943262407e+02,2.663244680851063890e+02
1.051266375545851588e+02,1.816419213973799174e+02,1.340593368237347249e+02,2.670558464223385613e+02
1.051497797356828130e+02,1.818325991189427384e+02,1.354936936936937002e+02,2.678630630630630662e+02
1.044536231884057855e+02,1.829985507246376812e+02,1.362921146953405014e+02,2.682688172043010582e+02
1.043807531380753204e+02,1.833682008368200798e+02,1.370567010309278260e+02,2.687989690721649367e+02
1.040698689956331862e+02,1.840363901018922661e+02,1.383863636363636260e+02,2.697859848484848158e+02
1.037123287671232816e+02,1.850928462709284474e+02,1.392022471910112245e+02,2.703726591760299129e+02
1.034971751412429342e+02,1.857316384180790863e+02,1.397274401473296450e+02,2.706666666666666288e+02
1.033096296296296259e+02,1.862148148148147868e+02,1.410216216216216196e+02,2.712990990990990667e+02
1.031434599156118139e+02,1.869845288326300761e+02,1.413038194444444287e+02,2.713819444444444002e+02
1.027702127659574529e+02,1.878524822695035255e+02,1.426416184971098176e+02,2.724026974951830198e+02
1.026904761904761898e+02,1.883473389355742142e+02,1.433276836158192111e+02,2.728173258003766364e+02
1.024082998661311876e+02,1.889196787148594296e+02,1.440939716312056476e+02,2.732978723404255561e+02
1.021803921568627516e+02,1.894248366013071632e+02,1.450088652482269254e+02,2.737535460992907588e+02
1.020295698924731198e+02,1.901317204301075208e+02,1.464518518518518420e+02,2.746222222222222058e+02
1.016323731138545838e+02,1.913456790123456699e+02,1.471824953445064921e+02,2.750595903165735194e+02
1.015718270571827020e+02,1.918368200836819994e+02,1.481792114695340388e+02,2.756129032258064626e+02
1.011931330472102957e+02,1.927653791130185823e+02,1.493535911602209865e+02,2.756703499079189328e+02
1.009767759562841434e+02,1.934494535519125691e+02,1.506411657559198431e+02,2.756502732240437012e+02
1.007681755829903949e+02,1.943786008230452751e+02,1.514982456140350848e+02,2.756894736842105544e+02
1.007041666666666657e+02,1.948777777777777658e+02,1.535307971014492523e+02,2.762590579710144993e+02
1.003583333333333343e+02,1.960902777777777715e+02,1.542564102564102484e+02,2.762527472527472696e+02
9.999035812672175894e+01,1.970564738292010816e+02,1.557230769230769170e+02,2.765196581196581178e+02
9.963374485596708041e+01,1.981824417009601973e+02,1.575664739884392986e+02,2.766396917148362036e+02
9.912552301255230702e+01,1.994937238493723726e+02,1.583787878787878753e+02,2.768143939393939377e+02
9.896264367816091578e+01,2.004425287356321803e+02,1.599386973180076552e+02,2.769885057471264531e+02
9.873850574712642469e+01,2.015215517241379359e+02,1.606410256410256352e+02,2.769835164835164960e+02
9.825000000000000000e+01,2.028819444444444287e+02,1.608417508417508373e+02,2.770639730639730374e+02
9.797446236559139265e+01,2.040994623655913927e+02,1.627262569832402335e+02,2.772700186219739180e+02
9.754595336076816636e+01,2.052181069958847672e+02,1.634703703703703468e+02,2.772870370370370097e+02
9.718865248226950371e+01,2.068482269503545865e+02,1.651408730158730123e+02,2.774900793650793389e+02
9.673443983402489721e+01,2.078423236514522898e+02,1.657509578544061242e+02,2.775210727969348454e+02
9.657538035961270850e+01,2.082503457814660806e+02,1.667083333333333144e+02,2.775435606060605664e+02
9.614693877551020762e+01,2.093619047619047535e+02,1.678759689922480618e+02,2.775562015503875841e+02
9.582203389830507945e+01,2.110056497175141033e+02,1.686196078431372598e+02,2.775862745098038999e+02
9.538362068965517437e+01,2.129856321839080238e+02,1.695269461077844255e+02,2.776187624750498912e+02
9.515752461322081501e+01,2.139338959212376778e+02,1.702742857142857247e+02,2.776228571428571286e+02
9.487866108786610653e+01,2.147587168758716700e+02,1.711565040650406218e+02,2.775569105691056393e+02
9.456399437412095210e+01,2.158790436005625679e+02,1.727431693989070993e+02,2.771366120218578999e+02
9.441456582633051653e+01,2.162885154061624462e+02,1.741284916201117312e+02,2.772178770949720388e+02
9.402164502164502835e+01,2.179797979797979508e+02,1.757049180327868783e+02,2.770546448087431486e+02
9.389985052316889380e+01,2.194140508221225616e+02,1.771977401129943530e+02,2.760075329566854521e+02
9.380141843971630067e+01,2.199460992907801256e+02,1.787249544626593547e+02,2.748979963570127438e+02
9.359913793103447688e+01,2.207701149425287213e+02,1.808129629629629562e+02,2.738555555555555543e+02
9.323851851851850370e+01,2.219525925925925662e+02,1.822401433691756267e+02,2.730448028673835097e+02
9.324726775956283120e+01,2.222814207650273204e+02,1.838496376811594075e+02,2.719619565217391255e+02
9.307046070460704357e+01,2.237100271002709917e+02,1.851833333333333371e+02,2.711370370370370324e+02
9.303375527426160829e+01,2.247187060478199498e+02,1.862462121212120962e+02,2.704204545454545610e+02
9.295041322314050092e+01,2.253953168044077131e+02,1.869784946236559051e+02,2.702724014336917548e+02
9.293574297188754940e+01,2.261780455153948992e+02,1.884857142857142946e+02,2.694495238095237823e+02
9.285449735449735442e+01,2.271534391534391375e+02,1.898869731800766090e+02,2.686187739463601361e+02
9.280112044817926176e+01,2.281372549019607732e+02,1.906265938069216759e+02,2.682823315118396863e+02
9.286944444444444002e+01,2.287750000000000057e+02,1.909523809523809632e+02,2.682627865961198950e+02
9.287570621468925935e+01,2.297203389830508513e+02,1.922588454376163725e+02,2.678528864059589978e+02
9.283333333333332860e+01,2.300204918032787020e+02,1.931965317919075176e+02,2.675857418111752963e+02
9.285091420534457995e+01,2.311912798874824091e+02,1.940965391621129186e+02,2.669690346083788199e+02
9.295782312925169322e+01,2.323360544217686936e+02,1.951999999999999886e+02,2.663171171171171068e+02
9.301179941002948226e+01,2.337330383480825731e+02,1.961704119850186885e+02,2.659494382022471655e+02
9.286440677966101021e+01,2.335169491525423666e+02,1.969422718808193622e+02,2.653836126629422552e+02
9.286721991701244860e+01,2.342987551867219906e+02,1.974739884393063676e+02,2.649961464354527720e+02
9.306552706552706411e+01,2.360683760683760681e+02,1.983500931098696185e+02,2.641024208566107632e+02
9.297570850202428971e+01,2.362240215924426252e+02,1.990329670329670364e+02,2.635256410256409936e+02
9.297405966277561618e+01,2.363501945525291887e+02,1.992706093189963781e+02,2.633207885304659612e+02
9.307557354925775428e+01,2.381066126855600373e+02,1.995800376647834184e+02,2.630470809792843170e+02
9.315394912985273379e+01,2.389330655957161866e+02,2.001992945326278459e+02,2.618571428571428328e+02
9.309739368998627640e+01,2.398161865569272777e+02,2.010909090909090935e+02,2.608021390374331645e+02
9.327150537634408067e+01,2.407526881720430083e+02,2.012882352941176407e+02,2.606078431372548607e+02
9.350683060109288647e+01,2.415819672131147513e+02,2.021684981684981608e+02,2.597124542124541904e+02
9.377643908969209008e+01,2.427309236947791078e+02,2.022786885245901658e+02,2.595081967213114922e+02
9.384765625000000000e+01,2.430442708333333144e+02,2.027777777777777715e+02,2.587939068100358213e+02
9.429737206085752632e+01,2.443692946058091309e+02,2.031061452513966401e+02,2.583351955307262529e+02
9.452343750000000000e+01,2.450104166666666572e+02,2.035804597701149419e+02,2.578888888888888573e+02
9.491931216931216397e+01,2.457764550264550110e+02,2.038286252354048713e+02,2.576572504708097426e+02
9.542028985507245409e+01,2.469196310935441261e+02,2.038286252354048713e+02,2.576572504708097426e+02
9.568435374149659367e+01,2.475986394557822905e+02,2.044055555555555657e+02,2.571314814814814440e+02
9.611065573770491710e+01,2.482868852459016296e+02,2.047720306513409696e+02,2.566666666666666856e+02
9.667759562841528975e+01,2.492622950819672099e+02,2.047444444444444400e+02,2.565092592592592382e+02
9.675386779184246677e+01,2.497777777777777715e+02,2.047444444444444400e+02,2.565092592592592382e+02
9.714153439153437830e+01,2.501428571428571388e+02,2.047111111111111086e+02,2.565111111111111200e+02
9.737515842839036395e+01,2.508263624841571300e+02,2.050114285714285813e+02,2.555999999999999943e+02
9.759948320413435852e+01,2.514444444444444287e+02,2.050721247563352563e+02,2.551910331384015365e+02
9.825000000000000000e+01,2.522226562500000000e+02,2.051187739463601361e+02,2.550019157088122199e+02
9.829396325459316586e+01,2.525446194225721683e+02,2.051187739463601361e+02,2.550019157088122199e+02
9.851612903225806406e+01,2.529448924731182728e+02,2.054482109227871547e+02,2.539887005649717651e+02
9.928806584362139631e+01,2.536625514403292243e+02,2.055493482309124431e+02,2.534301675977653758e+02
9.990013495276652122e+01,2.544574898785425034e+02,2.059337349397590344e+02,2.527148594377509880e+02
1.004467787114845834e+02,2.548627450980391984e+02,2.059712643678161044e+02,2.525555555555555429e+02
1.009529737206085684e+02,2.552130013831258566e+02,2.057923497267759672e+02,2.524590163934426243e+02
1.010414993306559523e+02,2.554283801874163089e+02,2.059801801801801560e+02,2.517729729729729797e+02
1.022217687074829939e+02,2.558136054421768506e+02,2.060218579234972651e+02,2.514353369763205706e+02
1.031986111111111057e+02,2.562916666666666856e+02,2.060965909090909065e+02,2.509886363636363740e+02
1.036995884773662482e+02,2.565528120713305498e+02,2.064233716475095548e+02,2.504042145593869577e+02
1.038693877551020393e+02,2.566748299319727948e+02,2.064291187739463567e+02,2.503888888888888857e+02
1.046546184738955816e+02,2.569210174029450968e+02,2.061312056737588421e+02,2.503244680851063890e+02
1.049506666666666632e+02,2.569920000000000186e+02,2.061312056737588421e+02,2.503244680851063890e+02
1.063690987124463589e+02,2.572374821173104351e+02,2.061349206349206327e+02,2.496527777777777715e+02
1.069053857350800598e+02,2.575909752547306653e+02,2.057621722846441799e+02,2.498071161048688964e+02
1.073681159420289788e+02,2.576753623188405413e+02,2.058843930635838149e+02,2.498034682080924824e+02
1.077446808510638334e+02,2.578269503546098917e+02,2.056612318840579690e+02,2.495072463768115654e+02
1.087049180327868783e+02,2.581024590163934249e+02,2.056612318840579690e+02,2.495072463768115654e+02
1.093250345781465995e+02,2.582019363762101989e+02,2.055509803921568448e+02,2.493509803921568562e+02
1.098005578800557771e+02,2.582719665271966392e+02,2.054238921001926599e+02,2.492986512524084617e+02
1.113346994535519059e+02,2.584631147540983420e+02,2.050862745098038999e+02,2.495078431372548664e+02
1.110983606557377072e+02,2.585546448087431486e+02,2.050862745098038999e+02,2.495078431372548664e+02
1.123060109289617401e+02,2.586256830601092815e+02,2.049664804469273633e+02,2.496070763500931093e+02
1.141733333333333320e+02,2.587185185185185219e+02,2.048626262626262360e+02,2.497656565656565419e+02
1.148617176128093149e+02,2.587802037845705740e+02,2.050019960079839905e+02,2.495289421157684444e+02
1.159663608562691053e+02,2.588149847094800862e+02,2.050019960079839905e+02,2.495289421157684444e+02
1.157543859649122737e+02,2.589561403508772059e+02,2.050290697674418539e+02,2.494457364341085110e+02
1.164873949579831987e+02,2.589341736694677820e+02,2.050290697674418539e+02,2.494457364341085110e+02
1.178266068759342318e+02,2.588714499252615724e+02,2.054367816091954069e+02,2.493103448275862206e+02
1.188465829846582977e+02,2.588772663877266496e+02,2.055111111111111200e+02,2.494148148148148039e+02
1.192589641434262973e+02,2.587237715803452716e+02,2.055111111111111200e+02,2.494148148148148039e+02
1.201607843137254861e+02,2.584718954248365890e+02,2.060998217468805649e+02,2.489696969696969404e+02
1.213919107391910615e+02,2.579860529986053166e+02,2.062215799614643288e+02,2.488554913294797757e+02
1.223811475409836049e+02,2.576393442622950829e+02,2.065945945945945823e+02,2.487873873873873833e+02
1.227984189723320156e+02,2.574189723320158123e+02,2.067970204841712984e+02,2.489348230912476367e+02
1.236972111553784828e+02,2.570265604249668172e+02,2.074239130434782510e+02,2.483079710144927503e+02
1.241593038821954451e+02,2.568902275769745529e+02,2.081171171171171181e+02,2.482234234234233838e+02
1.248179384203480424e+02,2.565073627844711837e+02,2.084783427495291903e+02,2.481035781544255769e+02
1.252639455782312865e+02,2.565142857142857338e+02,2.095302144249512537e+02,2.475282651072124338e+02
1.262685560053981106e+02,2.559392712550607314e+02,2.095742753623188150e+02,2.477626811594202536e+02
1.264881398252184539e+02,2.557565543071161187e+02,2.099204737732656270e+02,2.474771573604060961e+02
1.272122448979591809e+02,2.554775510204081570e+02,2.105425531914893611e+02,2.474095744680851112e+02
1.276377952755905483e+02,2.549685039370078812e+02,2.114394785847299545e+02,2.470074487895716686e+02
1.287441217150760622e+02,2.543748271092669313e+02,2.123369963369963216e+02,2.467912087912087884e+02
1.290950413223140458e+02,2.542630853994490394e+02,2.129132947976878540e+02,2.466165703275529779e+02
1.295748987854250913e+02,2.542024291497975810e+02,2.132918918918918791e+02,2.463225225225225188e+02
1.299682539682539755e+02,2.539656084656084545e+02,2.136504504504504212e+02,2.463369369369369224e+02
1.304427480916030504e+02,2.537366412213740432e+02,2.141999999999999886e+02,2.462333333333333201e+02
1.314633471645919656e+02,2.527634854771784205e+02,2.157073643410852526e+02,2.458023255813953369e+02
1.320712250712250579e+02,2.525626780626780601e+02,2.165968992248061795e+02,2.457034883720930338e+02
1.326440903054448768e+02,2.523505976095617598e+02,2.175030303030303003e+02,2.464444444444444287e+02
1.330307692307692378e+02,2.520076923076923094e+02,2.176354775828459935e+02,2.481403508771929864e+02
1.335032425421530320e+02,2.516926070038910552e+02,2.179417989417989361e+02,2.498571428571428612e+02
1.346250000000000000e+02,2.509804687500000000e+02,2.181302681992337114e+02,2.514961685823754465e+02
1.351545698924730914e+02,2.508279569892472978e+02,2.180773480662983559e+02,2.526058931860036694e+02
1.358266666666666538e+02,2.503413333333333242e+02,2.179770723104056174e+02,2.536455026455026314e+02
1.359639999999999986e+02,2.504866666666666504e+02,2.180338983050847332e+02,2.550734463276836266e+02
1.367195767195767075e+02,2.497076719576719483e+02,2.179943820224719104e+02,2.564007490636703892e+02
1.372968960863697419e+02,2.492456140350876979e+02,2.178766859344893874e+02,2.577514450867051892e+02
1.375473411154344774e+02,2.491595330739299641e+02,2.180651769087523064e+02,2.588435754189944191e+02
1.379335937500000000e+02,2.488085937500000000e+02,2.180457875457875332e+02,2.591666666666666288e+02
1.382427983539094782e+02,2.486735253772290832e+02,2.184794238683127503e+02,2.601440329218106626e+02
1.382770919067215232e+02,2.483058984910836671e+02,2.184238683127571790e+02,2.601131687242798307e+02
1.388619676945668004e+02,2.464522760646108566e+02,2.183473053892215603e+02,2.603692614770458817e+02
1.386349862258953181e+02,2.463402203856749111e+02,2.179625468164793745e+02,2.599531835205992252e+02
1.384854497354497198e+02,2.457394179894179729e+02,2.178192771084337380e+02,2.601044176706827216e+02
1.382911725955204076e+02,2.449644268774703448e+02,2.178977505112474091e+02,2.604478527607361684e+02
1.382410256410256295e+02,2.450205128205128062e+02,2.178977505112474091e+02,2.604478527607361684e+02
1.380952380952380736e+02,2.437408963585434094e+02,2.174753086419753174e+02,2.608683127572016360e+02
1.379934640522875497e+02,2.428705882352941217e+02,2.173950617283950635e+02,2.609547325102880677e+02
1.378480204342273225e+02,2.425581098339718835e+02,2.174329268292682968e+02,2.609552845528455123e+02
1.377997364953886574e+02,2.420935441370223771e+02,2.175246913580246826e+02,2.610658436213991536e+02
1.376169354838709751e+02,2.415537634408601946e+02,2.169523809523809632e+02,2.628412698412698205e+02
1.373955901426718356e+02,2.409286640726329267e+02,2.164556213017751531e+02,2.631834319526627155e+02
1.370000000000000000e+02,2.396203703703703525e+02,2.158095238095237960e+02,2.641257142857143094e+02
1.369114583333333144e+02,2.393333333333333144e+02,2.156034482758620641e+02,2.647318007662834702e+02
1.365994729907773149e+02,2.385994729907773149e+02,2.157298850574712503e+02,2.649846743295018996e+02
1.365045045045044958e+02,2.379884169884169864e+02,2.148106508875739564e+02,2.644043392504930807e+02
1.360468750000000000e+02,2.364648437500000000e+02,2.147654320987654444e+02,2.647325102880658392e+02
1.359069767441860392e+02,2.359198966408268632e+02,2.147285429141716406e+02,2.648982035928143546e+02
1.357382812500000000e+02,2.354635416666666572e+02,2.149353535353534994e+02,2.650666666666666629e+02
1.354245880861850253e+02,2.346844106463878461e+02,2.150990476190475817e+02,2.654666666666666401e+02
1.348669467787114797e+02,2.335350140056022212e+02,2.150891472868216852e+02,2.658391472868216852e+02
1.345082644628099047e+02,2.325633608815426783e+02,nan,nan
1.343631436314362873e+02,2.315135501355013332e+02,2.153975903614457934e+02,2.668453815261044042e+02
1.341700680272108741e+02,2.312530612244897839e+02,2.154826175869120561e+02,2.670163599182004077e+02
1.342373540856031013e+02,2.312049286640726109e+02,2.155901960784313474e+02,2.673196078431372484e+02
1.338933873144399342e+02,2.299959514170040507e+02,2.155163043478260931e+02,2.677028985507246261e+02
1.333333333333333144e+02,2.284863387978141986e+02,2.157199211045364677e+02,2.683057199211045258e+02
1.333132530120481931e+02,2.281967871485943817e+02,2.157504761904761494e+02,2.690438095238095002e+02
1.331959183673469340e+02,2.279632653061224516e+02,2.157134831460674036e+02,2.689850187265917612e+02
1.328634538152610389e+02,2.270267737617135140e+02,2.157419962335216326e+02,2.690508474576271283e+02
1.325330687830687566e+02,2.259219576719576423e+02,2.157369369369368997e+02,2.693945945945945937e+02
1.321419270833333144e+02,2.245716145833333144e+02,2.160899795501022425e+02,2.704826175869120561e+02
1.319259259259258954e+02,2.241243386243386055e+02,2.161069958847736245e+02,2.707983539094649927e+02
1.312994579945799387e+02,2.225704607046070294e+02,2.161069958847736245e+02,2.707983539094649927e+02
1.313809523809523512e+02,2.222017543859649038e+02,2.160121212121212011e+02,2.712646464646464324e+02
1.311132812500000000e+02,2.212799479166666572e+02,2.160121212121212011e+02,2.712646464646464324e+02
1.305250000000000057e+02,2.197347222222221887e+02,2.161431372549019443e+02,2.717078431372548835e+02
1.303333333333333144e+02,2.190202429149797467e+02,2.161705882352941046e+02,2.720333333333333030e+02
1.303063427800269949e+02,2.186545209176788092e+02,2.162528735632184009e+02,2.721302681992336829e+02
1.298720000000000141e+02,2.173866666666666561e+02,2.162755298651252360e+02,2.721907514450867325e+02
1.297378129117259391e+02,2.169393939393939377e+02,2.162985685071574551e+02,2.726503067484662779e+02
1.292797858099062864e+02,2.154846050870147280e+02,2.161976744186046631e+02,2.729399224806201687e+02
1.289398907103825138e+02,2.144890710382513532e+02,2.167595959595959414e+02,2.734626262626262587e+02
1.288133333333333326e+02,2.138093333333333135e+02,2.167445109780438770e+02,2.735169660678642458e+02
1.284926372155287595e+02,2.127550200803212874e+02,2.168033126293995565e+02,2.737971014492753170e+02
1.283114543114542982e+02,2.119523809523809348e+02,2.169397363465159856e+02,2.745593220338982974e+02
1.280249687890137125e+02,2.107965043695380700e+02,2.171615541922290049e+02,2.751840490797546295e+02
1.277493540051679446e+02,2.099780361757105709e+02,2.171130952380952408e+02,2.749920634920634939e+02
1.269308943089430954e+02,2.084769647696476795e+02,2.173294573643410672e+02,2.751666666666666288e+02
1.269972899728997220e+02,2.083265582655826336e+02,2.173294573643410672e+02,2.751666666666666288e+02
1.263068783068783034e+02,2.074232804232804028e+02,2.175684007707128842e+02,2.756763005780346703e+02
1.254315245478036189e+02,2.061434108527131741e+02,2.177797619047618980e+02,2.764325396825396410e+02
1.257728937728937666e+02,2.065225885225885065e+02,2.177321772639691631e+02,2.762870905587668631e+02
1.252729468599033709e+02,2.057306763285023976e+02,2.177321772639691631e+02,2.762870905587668631e+02
1.244860050890585228e+02,2.048765903307887868e+02,2.183008130081300635e+02,2.771544715447154204e+02
1.238704402515723189e+02,2.042012578616352130e+02,2.183008130081300635e+02,2.771544715447154204e+02
1.231825095057034218e+02,2.033751584283903640e+02,2.185943775100401467e+02,2.775200803212850929e+02
1.222760814249363790e+02,2.027277353689567292e+02,2.185465116279069662e+02,2.777926356589147190e+02
1.222031250000000000e+02,2.024140625000000000e+02,2.189393939393939092e+02,2.780871212121211897e+02
1.216666666666666572e+02,2.019806949806949774e+02,2.195871212121211897e+02,2.787234848484848158e+02
1.212754182754182750e+02,2.015624195624195636e+02,2.196153846153846132e+02,2.786370808678501021e+02
1.208288633461047255e+02,2.011864623243933465e+02,2.199434343434343191e+02,2.792545454545454504e+02
1.198553921568627345e+02,2.007867647058823479e+02,2.199424603174603021e+02,2.793591269841269309e+02
1.192274939172749413e+02,2.004160583941605864e+02,2.203851851851851507e+02,2.796111111111110858e+02
1.191318681318681314e+02,2.004761904761904816e+02,2.205809523809523682e+02,2.795523809523809291e+02
1.184863813229572003e+02,2.000920881971465519e+02,2.209073083778966122e+02,2.798270944741532844e+02
1.171011396011395931e+02,2.000569800569800236e+02,nan,nan
1.163997395833333286e+02,2.000533854166666572e+02,2.213092369477911348e+02,2.804879518072289102e+02
1.156235741444866960e+02,2.001546261089987127e+02,2.216585365853658516e+02,2.812642276422764098e+02
1.150557667934093757e+02,2.001470215462610724e+02,2.216024096385542066e+02,2.811465863453814791e+02
1.145744157441574345e+02,2.001685116851168402e+02,2.220114942528735753e+02,2.813639846743294584e+02
1.130798898071625302e+02,2.005537190082644656e+02,2.225107212475633105e+02,2.823274853801169684e+02
1.125870646766169045e+02,2.009465174129353215e+02,2.226114180478821254e+02,2.825782688766113893e+02
1.124266666666666623e+02,2.008266666666666538e+02,2.226123595505617914e+02,2.825468164794007180e+02
1.119424019607843093e+02,2.011029411764705799e+02,2.228651685393258504e+02,2.828220973782771352e+02
1.107717948717948673e+02,2.014538461538461434e+02,2.234074074074073906e+02,2.835185185185184764e+02
1.103396464646464494e+02,2.016540404040403871e+02,2.235873873873873663e+02,2.835765765765765423e+02
1.092319999999999993e+02,2.024373333333333278e+02,2.241091954022988375e+02,2.839731800766283527e+02
1.088174904942965782e+02,2.028491761723700790e+02,2.258511904761904816e+02,2.831884920634920491e+02
1.082382864792503341e+02,2.034886211512717580e+02,2.269060283687942956e+02,2.807641843971630919e+02
1.077213541666666572e+02,2.043815104166666572e+02,2.285282331511839686e+02,2.784699453551912711e+02
1.069877049180327901e+02,2.052295081967212980e+02,2.303759689922480618e+02,2.764244186046511800e+02
1.067231404958677672e+02,2.061446280991735591e+02,2.311111111111110858e+02,2.750491803278688394e+02
1.066520584329349219e+02,2.062270916334661308e+02,2.322862318840579690e+02,2.736594202898550634e+02
1.064658944658944506e+02,2.068262548262548250e+02,2.328816666666666322e+02,2.728766666666666652e+02
1.063660606060606000e+02,2.071854545454545473e+02,2.337076648841354540e+02,2.714438502673796734e+02
1.057842323651452290e+02,2.088782849239280779e+02,2.348342857142857270e+02,2.701238095238094843e+02
1.055587431693989089e+02,2.095150273224043644e+02,2.355785440613026651e+02,2.691130268199233342e+02
1.053760330578512452e+02,2.101556473829201082e+02,2.365311355311355044e+02,2.680018315018314752e+02
1.050871369294605842e+02,2.114232365145228130e+02,2.370976058931859995e+02,2.671123388581951872e+02
1.050220385674931123e+02,2.122134986225895261e+02,2.378196078431372200e+02,2.665019607843137237e+02
1.050706214689265465e+02,2.126596045197740068e+02,2.386245210727969095e+02,2.653908045977011625e+02
1.051388888888888857e+02,2.129246031746031633e+02,2.390144927536231876e+02,2.649148550724637516e+02
1.047027777777777686e+02,2.147624999999999886e+02,2.398079710144927503e+02,2.640126811594202536e+02
1.046638655462184886e+02,2.150868347338935394e+02,2.401638095238095048e+02,2.637599999999999909e+02
1.043377192982456165e+02,2.169064327485380090e+02,2.408422939068100277e+02,2.631039426523297493e+02
1.043060109289617401e+02,2.170437158469945302e+02,2.414364640883977984e+02,2.624843462246777221e+02
1.040881542699724491e+02,2.180647382920110147e+02,2.419981273408239701e+02,2.618333333333333144e+02
1.042027777777777686e+02,2.187152777777777715e+02,2.422529313232830646e+02,2.616700167504187107e+02
1.040699588477366291e+02,2.192194787379972354e+02,2.434438405797101268e+02,2.607137681159420026e+02
1.039868247694334542e+02,2.197364953886692831e+02,2.437847619047618650e+02,2.605371428571428396e+02
1.040219478737997179e+02,2.212976680384087729e+02,2.450714285714285836e+02,2.594861111111110858e+02
1.039711934156378561e+02,2.223305898491083497e+02,2.456436781609195350e+02,2.592509578544061242e+02
1.040412979351032448e+02,2.238657817109144332e+02,2.459653916211292994e+02,2.588597449908925228e+02
1.043058984910836671e+02,2.249067215363511423e+02,2.466984126984127101e+02,2.583985890652556918e+02
1.045063829787234084e+02,2.256382978723404165e+02,2.470298245614035011e+02,2.581508771929824206e+02
1.046451149425287213e+02,2.265675287356321803e+02,2.480297951582867597e+02,2.575083798882681663e+02
1.049311294765840188e+02,2.277424242424242209e+02,2.486466302367941523e+02,2.571493624772313069e+02
1.049853333333333296e+02,2.275986666666666451e+02,2.488918439716312037e+02,2.570567375886524815e+02
1.053487394957983128e+02,2.286372549019607732e+02,2.496169429097605814e+02,2.563609576427255661e+02
1.055156462585033950e+02,2.294952380952380793e+02,2.500154639175257785e+02,2.559845360824742215e+02
1.055217391304347814e+02,2.298063241106719374e+02,2.510923913043478137e+02,2.553949275362318758e+02
1.060481927710843308e+02,2.312369477911646527e+02,2.515585585585585306e+02,2.551567567567567494e+02
1.065214384508990264e+02,2.323941908713692897e+02,2.518198198198197986e+02,2.549477477477477123e+02
1.069694444444444343e+02,2.334722222222222001e+02,2.526534090909090935e+02,2.540738636363636260e+02
1.071457489878542475e+02,2.342348178137651757e+02,2.529545454545454675e+02,2.537064393939393767e+02
1.073542538354253679e+02,2.351380753138075193e+02,2.539504761904761665e+02,2.529504761904761665e+02
1.077965367965367989e+02,2.360909090909090935e+02,2.541220400728597326e+02,2.528306010928961882e+02
1.080901287553648018e+02,2.368254649499284596e+02,2.547845303867403288e+02,2.523756906077348106e+02
1.085230352303522920e+02,2.377791327913278963e+02,2.551322751322751401e+02,2.520194003527336690e+02
1.087322834645669332e+02,2.386719160104986770e+02,2.561741573033708050e+02,2.511985018726591363e+02
1.092076502732240328e+02,2.396571038251366019e+02,2.569759259259259352e+02,2.505444444444444514e+02
1.095572916666666572e+02,2.404322916666666572e+02,2.572367424242424363e+02,2.506060606060605949e+02
1.101472556894243553e+02,2.413721552878179182e+02,2.573561403508771832e+02,2.503456140350877206e+02
1.105811320754717002e+02,2.420679245283018872e+02,2.584551971326164903e+02,2.495555555555555429e+02
1.111292775665399262e+02,2.428288973384030385e+02,2.587901234567900701e+02,2.491957671957671892e+02
1.121763085399448983e+02,2.439517906336087947e+02,2.599298245614035068e+02,2.484717348927875094e+02
1.125887978142076378e+02,2.444125683060109111e+02,2.602752808988764173e+02,2.482209737827714946e+02
1.131312335958005235e+02,2.451286089238845136e+02,2.606561954624781379e+02,2.479057591623036672e+02
1.142741935483871032e+02,2.460564516129032313e+02,2.613058608058607888e+02,2.475457875457875332e+02
1.149363762102351245e+02,2.468022130013831088e+02,2.613148148148147811e+02,2.474962962962962649e+02
1.156022408963585377e+02,2.473865546218487452e+02,2.621141804788213676e+02,2.468176795580110365e+02
1.160260631001371650e+02,2.478175582990397743e+02,2.625423423423422946e+02,2.464684684684684441e+02
1.163253333333333330e+02,2.482359999999999900e+02,2.635734767025089695e+02,2.458010752688172147e+02
1.166798941798941769e+02,2.486732804232804028e+02,2.636951871657753941e+02,2.457183600713012197e+02
1.170026246719159957e+02,2.487690288713910434e+02,2.641393034825870814e+02,2.452819237147595288e+02
1.177513661202185773e+02,2.495860655737704974e+02,2.648670520231214027e+02,2.444373795761078725e+02
1.186420765027322375e+02,2.502814207650273204e+02,2.656610800744878702e+02,2.437653631284916287e+02
1.190622406639004112e+02,2.507510373443983269e+02,2.657916666666666288e+02,2.439637681159420026e+02
1.198965986394557746e+02,2.513360544217686936e+02,2.664772313296903121e+02,2.433406193078323838e+02
1.204033613445378137e+02,2.516302521008403232e+02,2.670109289617486183e+02,2.429180327868852487e+02
1.210870147255689346e+02,2.521860776439089591e+02,2.675481481481481296e+02,2.422203703703703468e+02
1.219702127659574415e+02,2.527758865248226812e+02,2.679510357815442489e+02,2.418531073446327753e+02
1.229037656903765736e+02,2.534476987447698662e+02,2.680210727969348454e+02,2.418582375478926849e+02
1.237553648068669503e+02,2.538712446351931362e+02,2.689065934065934016e+02,2.411520146520146284e+02
1.244723346828609891e+02,2.540539811066126674e+02,2.689888888888888800e+02,2.410870370370370210e+02
1.255238095238095184e+02,2.545988455988455712e+02,2.698894830659536410e+02,2.400962566844919763e+02
1.262422969187674937e+02,2.549565826330532161e+02,2.704149305555555429e+02,2.396822916666666572e+02
1.270978835978835946e+02,2.553835978835978722e+02,2.708645833333333144e+02,2.391423611111110858e+02
1.277573221757322131e+02,2.555620641562063895e+02,2.708670212765957217e+02,2.391294326241134627e+02
1.288209606986899587e+02,2.558005822416302522e+02,2.718958333333333144e+02,2.378806818181818130e+02
1.293165969316596886e+02,2.561199442119944365e+02,2.721782945736433703e+02,2.370232558139534831e+02
1.310899224806201460e+02,2.565906976744186068e+02,2.726252158894645845e+02,2.363696027633851315e+02
1.320057720057720019e+02,2.567301587301587347e+02,2.730656028368794068e+02,2.359202127659574444e+02
1.321422594142259470e+02,2.568158995815899743e+02,2.737198581560283515e+02,2.351595744680851112e+02
1.333389355742296800e+02,2.570364145658263055e+02,2.738832487309644534e+02,2.349678510998307956e+02
1.340390516039051647e+02,2.571603905160390582e+02,2.749176029962546295e+02,2.335524344569288075e+02
1.346347222222222229e+02,2.572416666666666742e+02,2.753598484848484418e+02,2.329431818181818130e+02
1.351043360433604335e+02,2.574078590785907750e+02,2.756367041198501511e+02,2.325805243445692554e+02
1.367439024390243958e+02,2.577750677506775219e+02,2.758918918918918735e+02,2.324090090090089973e+02
1.371709770114942444e+02,2.577126436781608732e+02,2.765459459459459595e+02,2.316486486486486456e+02
1.379706314243759095e+02,2.577268722466960185e+02,2.770883977900552395e+02,2.308987108655616680e+02
1.389551820728291034e+02,2.578585434173669455e+02,2.773831615120274705e+02,2.303986254295532490e+02
1.397277777777777601e+02,2.579916666666666742e+02,2.778685185185184991e+02,2.298796296296295907e+02
1.411981981981981846e+02,2.580180180180180400e+02,2.786910994764397742e+02,2.291221640488655851e+02
1.420028735632183725e+02,2.580646551724137794e+02,2.789576719576719483e+02,2.286984126984127101e+02
1.425449515905947351e+02,2.581065006915629283e+02,2.794087719298245247e+02,2.281526315789473642e+02
1.433075880758807443e+02,2.580392953929539317e+02,2.800072072072071592e+02,2.273081081081081152e+02
1.443091397849462396e+02,2.578642473118279099e+02,2.801623036649214669e+02,2.270314136125654443e+02
1.445822959889349590e+02,2.579557399723374829e+02,2.803730569948186258e+02,2.267029360967184743e+02
1.451949934123846901e+02,2.579104084321475625e+02,2.812975517890772039e+02,2.257740112994350170e+02
1.469853801169590497e+02,2.576345029239765836e+02,2.820890151515151274e+02,2.249431818181818130e+02
1.473029045643153552e+02,2.575560165975103928e+02,2.824309392265193424e+02,2.242854511970533906e+02
1.478539944903581045e+02,2.573787878787878753e+02,2.832542955326460401e+02,2.235274914089346794e+02
1.492183406113537103e+02,2.572823871906841191e+02,2.837887067395263898e+02,2.229781420765027349e+02
1.496528354080220993e+02,2.572904564315352900e+02,2.846486486486486456e+02,2.222648648648648759e+02
1.511396011396011261e+02,2.568717948717948616e+02,2.852444444444444684e+02,2.214537037037036953e+02
1.517739628040056914e+02,2.566452074391988276e+02,2.858840579710144993e+02,2.206376811594202536e+02
1.522949245541838081e+02,2.565528120713305498e+02,2.864314720812182600e+02,2.200693739424703779e+02
1.534897119341563894e+02,2.562537722908093087e+02,2.872356902356902424e+02,2.191952861952861724e+02
1.545140056022408714e+02,2.559831932773109315e+02,2.881623931623931298e+02,2.184803418803418538e+02
1.555013888888888687e+02,2.555513888888888800e+02,2.889487179487179560e+02,2.175091575091574896e+02
1.566449864498644899e+02,2.552547425474254510e+02,2.892874779541446060e+02,2.169259259259259238e+02
1.577865013774104455e+02,2.549338842975206489e+02,2.899188255613125875e+02,2.163039723661485141e+02
1.587736625514403386e+02,2.546735253772290832e+02,2.902714776632302005e+02,2.159553264604810749e+02
1.599518072289156692e+02,2.543493975903614341e+02,2.911928934010152261e+02,2.151912013536378936e+02
1.614597701149425291e+02,2.536206896551724128e+02,2.920019047619047114e+02,2.142571428571428669e+02
1.622468619246861863e+02,2.534142259414225862e+02,2.924419889502762544e+02,2.136887661141804529e+02
1.628777777777777658e+02,2.534569444444444457e+02,2.931693989071038118e+02,2.129216757741347692e+02
1.646898550724637573e+02,2.527159420289854950e+02,2.931425925925925640e+02,2.128962962962962706e+02
1.656596045197740068e+02,2.524166666666666572e+02,2.942014652014651688e+02,2.119194139194138984e+02
1.671531914893616886e+02,2.519390070921985796e+02,2.946612021857923764e+02,2.114918032786885362e+02
1.679601139601139437e+02,2.516680911680911379e+02,2.951212121212121247e+02,2.111639928698752158e+02
1.686063100137174047e+02,2.515144032921810719e+02,2.953612565445026235e+02,2.109406631762652466e+02
1.696639118457300128e+02,2.511845730027548029e+02,2.961897163120567029e+02,2.099946808510638334e+02
1.703767507002800983e+02,2.509649859943977503e+02,2.967758620689655231e+02,2.096800766283524524e+02
1.717097701149425291e+02,2.504612068965517153e+02,2.975823970037453137e+02,2.091891385767790155e+02
1.728168044077134766e+02,2.501225895316804326e+02,2.981315315315314933e+02,2.088990990990990610e+02
1.731468926553672247e+02,2.501299435028248581e+02,2.984225865209471635e+02,2.086320582877959851e+02
1.744596182085168721e+02,2.496123348017621026e+02,2.984225865209471635e+02,2.086320582877959851e+02
1.753437037037036816e+02,2.494385185185185208e+02,2.993020833333333144e+02,2.077482638888888857e+02
1.763086956521739239e+02,2.490869565217391255e+02,3.001902071563088157e+02,2.071600753295668369e+02
1.772936170212765887e+02,2.488297872340425556e+02,3.004678030303030027e+02,2.072537878787878753e+02
1.779059139784946240e+02,2.486948924731182728e+02,3.005891472868216852e+02,2.071492248062015449e+02
1.786182336182336030e+02,2.483860398860398675e+02,3.011718750000000000e+02,2.067170138888888857e+02
1.795621468926553632e+02,2.482429378531073212e+02,3.015511363636363740e+02,2.062935606060605949e+02
1.802507002801120279e+02,2.479117647058823479e+02,3.021963963963963806e+02,2.057693693693693433e+02
1.811361111111110915e+02,2.476055555555555259e+02,3.026095764272559450e+02,2.057569060773480771e+02
1.816463768115941946e+02,2.473753623188405584e+02,3.026095764272559450e+02,2.057569060773480771e+02
1.824898550724637687e+02,2.471753623188405697e+02,3.033775510204081911e+02,2.053248299319727721e+02
1.839730941704035843e+02,2.467159940209267575e+02,3.036881720430107521e+02,2.046863799283154037e+02
1.847492625368731467e+02,2.466784660766961395e+02,3.042133333333333098e+02,2.042800000000000011e+02
1.850562770562770538e+02,2.465223665223665250e+02,3.046067415730337302e+02,2.039943820224719104e+02
1.862568542568542398e+02,2.462424242424242493e+02,3.048386524822694810e+02,2.038599290780141757e+02
1.872750373692077517e+02,2.459536621823617111e+02,3.051630434782608745e+02,2.037101449275362199e+02
1.881324599708879077e+02,2.459927219796215354e+02,3.051630434782608745e+02,2.037101449275362199e+02
1.889177489177489235e+02,2.459480519480519547e+02,3.063988764044943878e+02,2.024868913857677626e+02
1.891617021276595665e+02,2.458893617021276725e+02,3.063202979515828588e+02,2.025586592178771070e+02
1.900085836909871375e+02,2.457882689556509206e+02,3.065894736842105317e+02,2.022403508771929808e+02
1.910310734463276674e+02,2.456045197740112940e+02,3.072477718360071322e+02,2.017219251336898367e+02
1.928523206751054886e+02,2.453966244725738477e+02,3.071801801801801730e+02,2.017837837837837753e+02
1.937379912663755590e+02,2.453085880640465746e+02,3.081238615664844929e+02,2.008087431693988947e+02
1.948463768115941832e+02,2.451797101449275260e+02,3.083172905525846659e+02,2.007058823529411882e+02
1.949598893499308190e+02,2.451438450899031807e+02,3.085101289134437934e+02,2.006187845303867334e+02
1.958218390804597675e+02,2.449727011494252906e+02,3.088297872340425556e+02,2.002624113475177126e+02
1.967546099290779864e+02,2.448836879432624016e+02,3.093522727272727479e+02,1.998598484848484702e+02
1.976652173913043384e+02,2.447608695652174049e+02,3.098827838827838832e+02,1.993736263736263652e+02
1.987198275862068897e+02,2.446738505747126169e+02,3.104972677595628170e+02,1.988069216757741344e+02
1.989185185185185105e+02,2.444711111111110995e+02,3.104972677595628170e+02,1.988069216757741344e+02
2.006015503875968875e+02,2.441751937984496124e+02,3.113368794326240732e+02,1.981879432624113235e+02
2.002914862914862795e+02,2.443001443001442681e+02,3.117182320441988850e+02,1.978766114180478723e+02
2.019144542772861257e+02,2.440191740412979016e+02,3.121904761904762040e+02,1.974670329670329636e+02
2.025077355836849335e+02,2.439606188466947856e+02,3.123897996357012516e+02,1.970418943533697416e+02
2.031298527443105684e+02,2.438192771084337380e+02,3.127190226876090264e+02,1.968883071553228490e+02
2.046480686695279019e+02,2.434191702432045759e+02,3.133405797101449366e+02,1.963985507246376585e+02
2.050326530612244937e+02,2.433727891156462420e+02,3.137635009310986902e+02,1.960670391061452449e+02
2.065077881619937443e+02,2.428208722741432837e+02,3.140856102003642718e+02,1.956575591985427707e+02
2.074143302180685282e+02,2.427757009345794472e+02,3.146413043478260647e+02,1.952536231884057827e+02
2.077232142857142776e+02,2.427053571428571388e+02,3.147838827838827456e+02,1.949798534798534604e+02
2.087692307692307736e+02,2.423062678062677833e+02,3.151272401433691357e+02,1.946738351254479937e+02
2.092356321839080238e+02,2.422801724137931103e+02,3.154128595600676590e+02,1.942944162436548083e+02
2.104108187134502828e+02,2.418245614035087669e+02,3.161022727272727479e+02,1.937196969696969688e+02
2.113582966226137785e+02,2.417958883994126040e+02,3.163624772313296489e+02,1.935519125683060224e+02
2.120105105105104997e+02,2.416846846846846972e+02,3.167651515151515014e+02,1.932803030303030027e+02
2.123560283687943127e+02,2.416170212765957501e+02,3.171729729729729570e+02,1.930324324324324436e+02
2.139043600562587812e+02,2.411884669479606202e+02,3.174526515151515014e+02,1.927878787878787818e+02
2.155078683834048547e+02,2.408369098712446430e+02,3.180308285163775963e+02,1.922832369942196635e+02
2.164468085106383057e+02,2.408226950354609812e+02,3.186646942800788906e+02,1.921065088757396495e+02
2.171983805668016316e+02,2.407112010796221284e+02,3.186920077972709464e+02,1.921228070175438631e+02
2.181740890688259071e+02,2.404547908232118516e+02,3.188305400372439067e+02,1.918677839851023919e+02
2.194439716312056419e+02,2.401744680851063833e+02,3.192131782945736518e+02,1.914360465116278931e+02
2.209434782608695684e+02,2.398811594202898334e+02,3.196020202020201850e+02,1.910363636363636317e+02
2.221752873563218316e+02,2.396250000000000000e+02,3.200344827586206975e+02,1.907337164750957754e+02
2.226256830601092815e+02,2.396775956284152755e+02,3.200344827586206975e+02,1.907337164750957754e+02
2.238488700564971623e+02,2.392895480225988365e+02,3.202179487179487296e+02,1.904542124542124384e+02
2.256369047619047592e+02,2.389866071428571388e+02,3.203949275362318758e+02,1.901702898550724399e+02
2.262704678362572963e+02,2.389049707602339083e+02,3.208670634920634939e+02,1.896369047619047592e+02
2.276489675516224054e+02,2.386283185840707972e+02,3.213668639053254310e+02,1.891420118343195327e+02
2.280730411686586763e+02,2.386148738379813778e+02,3.214862745098039341e+02,1.890470588235294258e+02
2.292905604719763915e+02,2.383377581120943773e+02,3.223390151515151274e+02,1.881723484848484702e+02
2.303062678062677833e+02,2.382336182336182162e+02,3.225469613259668336e+02,1.879042357274401240e+02
2.318917018284106746e+02,2.379634317862165744e+02,3.232485875706214529e+02,1.872090395480225880e+02
2.328699551569506809e+02,2.379222720478325641e+02,3.235704099821746809e+02,1.871622103386808931e+02
2.338099290780141644e+02,2.377163120567375643e+02,3.242222222222221717e+02,1.866786324786324656e+02
2.341511470985155086e+02,2.375802968960863382e+02,3.251497326203208331e+02,1.857593582887700450e+02
2.348614540466392100e+02,2.374307270233196050e+02,3.264304761904761563e+02,1.850514285714285734e+02
2.370176991150442518e+02,2.370412979351032163e+02,3.275517241379310462e+02,1.842509578544061242e+02
2.382351190476190368e+02,2.368883928571428612e+02,3.286757246376811281e+02,1.835815217391304373e+02
2.395967261904761756e+02,2.368645833333333144e+02,3.294025500910746587e+02,1.830236794171220254e+02
2.404741980474197760e+02,2.365509065550906485e+02,3.302014260249554241e+02,1.824937611408199416e+02
2.413587684069611612e+02,2.364002677376171278e+02,3.312424242424242493e+02,1.819715909090909065e+02
2.434507246376811622e+02,2.359710144927535964e+02,3.319176029962546295e+02,1.815449438202247165e+02
2.447693389592123481e+02,2.357862165963431664e+02,3.329216757741347692e+02,1.810655737704917954e+02
2.456014492753622847e+02,2.354086956521739182e+02,3.343923809523809609e+02,1.799219047619047558e+02
2.462121212121211897e+02,2.351115702479338836e+02,3.345897435897435912e+02,1.798461538461538396e+02
2.468563458856345676e+02,2.347447698744769866e+02,3.355121042830539864e+02,1.794152700186219533e+02
2.481466165413533815e+02,2.339285714285714164e+02,3.363929236499068907e+02,1.787430167597765376e+02
2.495560053981106421e+02,2.330863697705802906e+02,3.371819819819819486e+02,1.783099099099098908e+02
2.503941908713692897e+02,2.323651452282157663e+02,3.375058823529411711e+02,1.781745098039215520e+02
2.510459317585301733e+02,2.320393700787401485e+02,3.375581395348837077e+02,1.781782945736433987e+02
2.513665338645418217e+02,2.316454183266932318e+02,3.378468468468468586e+02,1.779207207207206807e+02
2.525636623748211491e+02,2.305479256080114396e+02,3.382413793103448256e+02,1.776704980842911823e+02
2.534695035460992756e+02,2.296241134751772961e+02,3.382284644194756424e+02,1.778838951310861489e+02
2.538830645161290249e+02,2.292983870967742064e+02,3.381592592592592723e+02,1.779574074074074019e+02
2.548095238095237960e+02,2.283221288515406115e+02,3.381447619047618787e+02,1.779485714285714266e+02
2.554915966386554658e+02,2.276386554621848859e+02,3.381695568400770640e+02,1.778959537572254419e+02
2.560604781997186592e+02,2.267932489451476670e+02,3.385529865125240576e+02,1.776435452793834315e+02
2.564947089947089580e+02,2.261613756613756436e+02,3.381902071563088157e+02,1.778888888888888857e+02
2.569432918395573893e+02,2.258022130013831088e+02,3.381902071563088157e+02,1.778888888888888857e+02
2.576601307189542354e+02,2.248235294117646959e+02,3.382738738738738675e+02,1.778018018018017870e+02
2.583374485596708041e+02,2.237901234567901270e+02,3.383205828779599074e+02,1.777395264116575504e+02
2.586143250688705280e+02,2.234118457300275509e+02,3.391705882352941330e+02,1.772862745098039170e+02
2.590129198966408239e+02,2.227041343669250466e+02,3.391425818882466388e+02,1.774007707129094342e+02
2.596808236808236643e+02,2.217039897039896914e+02,3.391980952380952203e+02,1.773238095238095013e+02
2.601493775933610095e+02,2.206542185338865636e+02,3.393977272727272521e+02,1.771117424242424079e+02
2.604289732770745331e+02,2.199943741209563939e+02,3.393977272727272521e+02,1.771117424242424079e+02
2.605790172642762172e+02,2.194262948207171178e+02,3.393951310861422712e+02,1.765898876404494331e+02
2.608050847457627128e+02,2.179463276836158059e+02,3.395882352941176237e+02,1.764509803921568505e+02
2.608684210526315610e+02,2.183471177944861950e+02,3.395298651252408604e+02,1.764470134874759140e+02
2.609464052287581239e+02,2.166810457516339739e+02,3.395298651252408604e+02,1.764470134874759140e+02
2.610490956072351310e+02,2.162260981912144473e+02,3.392840909090909349e+02,1.760397727272727195e+02
2.611673640167364283e+02,2.148423988842398558e+02,3.392444444444444684e+02,1.756925925925925753e+02
2.612716535433070817e+02,2.147769028871391015e+02,3.390095238095237846e+02,1.757847619047618934e+02
2.612170542635658990e+02,2.143695090439276214e+02,3.388180076628352140e+02,1.757988505747126453e+02
2.613649538866930016e+02,2.128010540184453134e+02,3.389310986964617882e+02,1.756722532588454442e+02
2.615512321660181101e+02,2.127185473411154248e+02,3.389961464354527720e+02,1.754046242774566338e+02
2.613809523809524080e+02,2.118306878306878218e+02,3.390808080808080263e+02,1.746424242424242550e+02
2.615087719298245474e+02,2.108218623481781435e+02,3.389298245614035068e+02,1.745360623781676281e+02
2.614159891598915806e+02,2.097493224932249234e+02,3.386890130353817199e+02,1.747374301675977790e+02
2.612925170068027114e+02,2.091904761904761756e+02,3.388920454545454390e+02,1.739640151515151274e+02
2.614045698924730914e+02,2.082795698924730914e+02,3.386483516483516496e+02,1.741300366300366136e+02
2.614311294765839762e+02,2.073870523415977800e+02,3.387123015873015675e+02,1.739384920634920491e+02
2.612674897119341608e+02,2.063196159122084907e+02,3.385476190476190368e+02,1.739444444444444287e+02
2.613292517006802882e+02,2.058068027210884168e+02,3.385476190476190368e+02,1.739444444444444287e+02
2.612231759656652343e+02,2.044763948497854074e+02,3.385476190476190368e+02,1.739444444444444287e+02
2.611727395411605812e+02,2.039541160593792029e+02,3.384761904761904816e+02,1.739206349206349103e+02
2.611673758865247805e+02,2.028936170212765830e+02,3.390833333333333144e+02,1.731329365079365061e+02
2.612429149797570744e+02,2.028448043184885137e+02,nan,nan
2.610117647058823422e+02,2.019084967320261228e+02,3.391039215686274133e+02,1.732372549019607675e+02
2.610121457489878480e+02,2.010674763832658414e+02,3.391039215686274133e+02,1.732372549019607675e+02
2.610506666666666433e+02,2.006413333333333071e+02,3.391039215686274133e+02,1.732372549019607675e+02
2.609639999999999986e+02,1.992533333333333019e+02,3.399294117647058897e+02,1.726627450980392098e+02
2.609719999999999800e+02,1.992119999999999891e+02,3.398253012048192545e+02,1.726847389558232919e+02
2.610077220077220090e+02,1.984234234234234009e+02,3.397898989898989726e+02,1.726909090909090878e+02
2.609521857923497237e+02,1.973497267759562703e+02,3.398253012048192545e+02,1.726847389558232919e+02
2.610084388185654234e+02,1.968846694796061740e+02,3.396276803118907992e+02,1.728888888888888857e+02
2.608727524204702490e+02,1.961286307053941869e+02,3.392565656565656127e+02,1.728848484848484759e+02
2.608874999999999886e+02,1.957972222222221887e+02,3.392623274161735480e+02,1.727810650887574013e+02
2.609958847736625671e+02,1.945912208504801129e+02,3.392613636363636260e+02,1.726969696969696884e+02
2.611719160104986486e+02,1.938569553805774319e+02,3.392500000000000000e+02,1.727196969696969688e+02
2.614426666666666392e+02,1.931759999999999877e+02,3.385036231884058111e+02,1.731268115942029056e+02
2.618930041152263470e+02,1.916694101508916219e+02,3.386369047619047592e+02,1.727698412698412653e+02
2.623443983402489721e+02,1.907427385892116263e+02,3.382947976878612621e+02,1.726339113680153901e+02
2.627384823848238398e+02,1.902181571815717973e+02,3.382268244575936365e+02,1.724398422090729639e+02
2.632527777777777942e+02,1.892541666666666629e+02,3.377976878612716973e+02,1.724161849710982608e+02
2.632632275132274913e+02,1.890119047619047592e+02,3.379866666666666788e+02,1.720780952380952158e+02
2.639879032258064626e+02,1.880456989247311697e+02,3.377192982456140271e+02,1.718830409356725113e+02
2.641221374045801440e+02,1.880508905852417172e+02,3.373108614232209561e+02,1.720898876404494331e+02
2.644495530012771383e+02,1.872886334610472261e+02,3.373030303030302548e+02,1.720511363636363740e+02
2.653598937583001316e+02,1.860491367861885692e+02,3.372019047619047569e+02,1.716361904761904782e+02
2.656970899470899212e+02,1.855820105820105823e+02,3.364662698412698205e+02,1.719484126984126817e+02
2.664555112881806167e+02,1.843559096945550948e+02,3.350182149362477162e+02,1.711857923497267677e+02
2.663143631436313967e+02,1.846178861788617951e+02,3.329548022598870034e+02,1.705367231638417991e+02
2.668293010752688019e+02,1.838293010752688019e+02,3.309526411657558924e+02,1.699362477231329649e+02
2.670557880055787905e+02,1.835788005578800437e+02,3.291561904761904316e+02,1.692857142857142776e+02
2.673106666666666342e+02,1.832146666666666590e+02,3.280947176684881583e+02,1.693734061930783241e+02
2.678053333333332944e+02,1.824946666666666601e+02,3.264457142857143026e+02,1.689790476190476056e+02
2.680846354166666288e+02,1.820611979166666572e+02,3.259261363636363740e+02,1.694526515151515014e+02
2.683453333333333148e+02,1.814053333333333171e+02,3.249710144927536248e+02,1.697210144927535964e+02
2.687826666666666142e+02,1.807346666666666692e+02,3.236458333333333144e+02,1.694924242424242209e+02
2.688260869565217490e+02,1.805177865612648134e+02,3.229314814814814554e+02,1.696481481481481239e+02
2.694118457300275509e+02,1.798498622589531521e+02,3.216167664670658723e+02,1.693013972055888132e+02
2.695642023346303517e+02,1.799610894941634172e+02,3.210136452241715119e+02,1.694756335282650923e+02
2.697509727626459153e+02,1.796731517509727496e+02,3.203023679417121912e+02,1.697832422586520806e+02
2.698984910836762765e+02,1.792345679012345556e+02,3.196300578034682189e+02,1.698111753371868815e+02
2.697693333333332930e+02,1.789053333333333171e+02,3.189265536723164018e+02,1.699359698681732311e+02
2.703247863247863165e+02,1.778789173789173788e+02,3.180075329566854521e+02,1.698964218455743662e+02
2.702714486638537323e+02,1.774345991561181393e+02,3.178857142857143003e+02,1.702990476190475988e+02
2.703467862481315365e+02,1.765007473841554315e+02,3.175036231884058111e+02,1.705706521739130324e+02
2.703784570596797607e+02,1.760247452692867398e+02,3.168680926916220528e+02,1.706666666666666572e+02
2.704775910364145375e+02,1.746806722689075571e+02,3.161508379888268223e+02,1.706964618249534453e+02
2.703951149425287213e+02,1.739712643678160759e+02,3.156152263374485187e+02,1.706913580246913682e+02
2.703607681755829617e+02,1.734266117969821437e+02,3.148901734104046000e+02,1.706454720616570171e+02
2.704011544011543720e+02,1.728773448773448536e+02,3.145615079365078941e+02,1.706250000000000000e+02
2.704403794037939974e+02,1.726585365853658516e+02,3.144686274509803638e+02,1.706058823529411654e+02
2.703642473118279099e+02,1.722150537634408352e+02,3.135029239766082014e+02,1.706179337231968702e+02
2.702908366533864637e+02,1.711142098273572287e+02,3.129004065040650175e+02,1.706382113821138091e+02
2.701833333333333371e+02,1.703833333333333258e+02,3.124925093632958806e+02,1.705449438202247165e+02
2.701170068027210505e+02,1.698598639455782120e+02,3.123186813186813424e+02,1.704047619047618980e+02
2.701420982735723442e+02,1.694528552456839350e+02,3.117564102564102200e+02,1.703223443223443212e+02
2.698636977058029629e+02,1.678663967611336147e+02,3.118481481481481410e+02,1.703481481481481410e+02
2.697330508474576050e+02,1.675381355932203462e+02,3.108959537572254135e+02,1.702100192678227302e+02
2.698642473118279099e+02,1.672096774193548470e+02,3.104307116104868669e+02,1.700430711610486867e+02
2.696880856760374741e+02,1.663199464524765574e+02,3.105216572504708097e+02,1.700451977401129966e+02
2.696190476190475920e+02,1.654669312169312150e+02,3.105216572504708097e+02,1.700451977401129966e+02
2.693346303501945727e+02,1.642957198443579898e+02,3.095195530726256834e+02,1.703165735567970103e+02
2.690829931972788813e+02,1.632204081632653185e+02,3.090614525139664579e+02,1.712290502793296127e+02
2.689077733860341937e+02,1.619644268774703448e+02,3.080537037037037180e+02,1.726166666666666742e+02
2.687078353253651812e+02,1.611938911022576235e+02,3.063169398907103869e+02,1.740528233151183883e+02
2.682726045883940174e+02,1.591808367071524799e+02,3.050860805860805840e+02,1.748571428571428612e+02
2.679197786998616948e+02,1.581452282157676450e+02,3.041468926553672532e+02,1.757984934086628925e+02
2.677363387978141986e+02,1.567882513661201926e+02,3.028692449355432359e+02,1.775303867403314939e+02
2.676149870801033330e+02,1.560439276485788014e+02,3.021647509578543804e+02,1.790421455938697193e+02
2.673035460992907701e+02,1.533730496453900685e+02,3.005348399246703934e+02,1.805932203389830590e+02
2.671707317073170884e+02,1.525379403794037785e+02,2.997740740740740648e+02,1.821907407407407220e+02
2.670446304044630210e+02,1.510585774058577329e+02,2.984531835205992252e+02,1.845000000000000000e+02
2.668050847457627128e+02,1.490649717514124006e+02,2.967621722846441799e+02,1.867191011235954932e+02
2.666623748211731026e+02,1.481788268955650949e+02,2.951040564373897723e+02,1.889047619047618980e+02
2.663847283406754514e+02,1.465198237885462618e+02,2.935766283524903884e+02,1.913601532567049617e+02
2.663291139240506595e+02,1.453699015471167399e+02,2.917251773049645180e+02,1.940017730496453510e+02
2.659985569985569782e+02,1.439552669552669499e+02,2.894468864468864240e+02,1.964212454212454020e+02
2.658037518037517657e+02,1.418903318903318791e+02,2.875573476702508628e+02,1.993118279569892479e+02
2.655695538057742624e+02,1.413149606299212735e+02,2.858992673992673872e+02,2.019890109890109784e+02
2.654748677248676927e+02,1.400767195767195687e+02,2.841894353369763166e+02,2.044936247723132681e+02
2.653115646258503375e+02,1.386353741496598673e+02,2.825867446393762066e+02,2.071325536062377921e+02
2.649807956104252185e+02,1.376364883401920451e+02,2.809473684210526585e+02,2.100070175438596323e+02
2.647302259887005675e+02,1.359745762711864359e+02,2.796892361111110858e+02,2.123871527777777430e+02
2.644579945799457619e+02,1.348102981029810223e+02,2.783924731182795540e+02,2.143046594982078830e+02
2.641882845188284250e+02,1.338563458856345676e+02,2.772440801457194652e+02,2.161857923497267677e+02
2.636323731138546123e+02,1.321028806584362201e+02,2.762121212121211897e+02,2.177593582887700450e+02
2.633514915693903617e+02,1.314643320363164491e+02,2.752293729372937037e+02,2.192904290429042646e+02
2.627070312500000000e+02,1.302174479166666572e+02,2.739113475177304622e+02,2.210780141843971478e+02
2.622124833997343671e+02,1.290730411686587047e+02,2.726120218579234802e+02,2.227540983606557461e+02
2.616960408684546451e+02,1.281519795657726490e+02,2.717142857142857224e+02,2.241371428571428623e+02
2.608255208333333144e+02,1.267903645833333286e+02,2.706856060606060623e+02,2.251912878787878753e+02
2.603243933588760797e+02,1.257675606641123665e+02,2.700685185185184878e+02,2.263907407407407106e+02
2.597444005270091907e+02,1.247167325428194999e+02,2.690096339113679846e+02,2.278381502890173351e+02
2.591609632446134128e+02,1.238656527249682995e+02,2.686685288640595672e+02,2.285195530726257118e+02
2.584060846560846585e+02,1.227685185185185048e+02,2.680645161290322562e+02,2.291845878136200554e+02
2.578909541511771408e+02,1.219194547707558627e+02,2.674342342342342249e+02,2.299387387387387207e+02
2.573358778625953960e+02,1.212582697201017652e+02,2.664662921348314626e+02,2.310168539325842687e+02
2.563684210526315610e+02,1.200889724310776785e+02,2.655009523809523557e+02,2.318266666666666538e+02
2.560099132589838291e+02,1.194411400247831381e+02,2.649271402550090784e+02,2.326320582877959851e+02
2.551829573934836617e+02,1.184110275689223073e+02,2.644114285714285870e+02,2.333695238095237983e+02
2.542453333333333205e+02,1.171986666666666537e+02,2.634753787878787534e+02,2.341079545454545325e+02
2.537238805970149258e+02,1.165261194029850742e+02,2.633788706739526333e+02,2.341256830601092815e+02
2.526518218623481857e+02,1.150485829959514206e+02,2.626003787878787534e+02,2.346988636363636260e+02
2.519095607235142040e+02,1.143733850129198970e+02,2.620819047619047524e+02,2.351980952380952203e+02
2.507330779054916832e+02,1.129540229885057414e+02,2.615101289134437934e+02,2.356224677716390374e+02
2.500874524714828908e+02,1.121609632446134270e+02,2.611530054644808843e+02,2.357686703096539134e+02
2.496279650436953546e+02,1.116217228464419406e+02,2.600391061452514236e+02,2.364040968342644078e+02
2.477572178477689988e+02,1.098517060367453979e+02,2.593333333333333144e+02,2.365543672014260039e+02
2.470707850707850639e+02,1.090102960102960026e+02,2.587098039215686072e+02,2.370647058823529392e+02
2.464333333333333087e+02,1.081746666666666528e+02,2.582453183520599396e+02,2.373071161048688964e+02
2.456072351421188671e+02,1.072080103359173080e+02,2.573831417624521123e+02,2.376494252873563084e+02
2.449249363867684224e+02,1.065814249363867674e+02,2.568439716312056476e+02,2.379787234042553052e+02
2.432470588235294144e+02,1.050431372549019642e+02,2.561581920903954597e+02,2.381600753295668369e+02
2.424782051282051043e+02,1.042833333333333172e+02,2.558324022346368736e+02,2.384003724394785593e+02
2.415289575289575339e+02,1.034105534105534048e+02,2.556893939393939092e+02,2.384715909090909065e+02
2.405950520833333144e+02,1.025494791666666572e+02,2.545129629629629449e+02,2.389370370370370154e+02
2.398653594771241728e+02,1.017228758169934650e+02,2.537560521415269648e+02,2.390968342644320046e+02
2.389424836601307049e+02,1.009830065359477089e+02,2.530815217391304373e+02,2.390489130434782510e+02
2.385788804071246716e+02,1.006615776081424940e+02,2.523403508771929751e+02,2.394052631578947228e+02
2.381484276729559610e+02,1.002981132075471749e+02,2.519118773946360079e+02,2.395881226053639637e+02
2.371267427122940319e+02,9.946261089987325477e+01,2.509129629629629221e+02,2.400166666666666799e+02
2.363794871794871710e+02,9.873205128205127323e+01,2.507295238095237835e+02,2.400419047619047319e+02
2.354160104986876547e+02,9.797637795275591088e+01,2.489587813620071302e+02,2.405430107526881613e+02
2.348165374677002433e+02,9.757105943152454586e+01,2.486349206349206327e+02,2.406472663139329597e+02
2.337135416666666572e+02,9.702213541666665719e+01,2.480240740740740364e+02,2.409203703703703638e+02
2.324260752688171863e+02,9.641532258064516725e+01,2.474064625850340065e+02,2.412448979591836746e+02
2.316126482213438749e+02,9.598682476943345421e+01,2.467423423423423117e+02,2.415603603603603347e+02
2.306029962546816421e+02,9.560549313358301049e+01,2.455216572504707813e+02,2.420508474576271283e+02
2.287408906882590998e+02,9.481241565452090470e+01,2.449431818181818130e+02,2.422462121212120962e+02
2.278508430609597895e+02,9.457198443579765978e+01,2.443666666666666742e+02,2.426444444444444457e+02
2.265747599451302960e+02,9.413443072702331449e+01,2.439385474860335137e+02,2.429124767225325741e+02
2.258741633199464331e+02,9.382329317269076796e+01,2.436039215686274417e+02,2.430999999999999943e+02
2.239683195592286324e+02,9.330440771349861961e+01,2.423663003663003508e+02,2.434358974358974024e+02
2.234444444444444571e+02,9.300132275132274629e+01,2.416578483245149584e+02,2.437689594356260727e+02
2.221155378486055838e+02,9.267463479415670236e+01,2.408333333333333144e+02,2.442865168539325964e+02
2.205930555555555372e+02,9.228333333333333144e+01,2.403822463768115654e+02,2.445416666666666572e+02
2.199637096774193594e+02,9.204569892473118387e+01,2.393620689655172384e+02,2.450823754789271618e+02
2.185723771580345272e+02,9.156972111553784544e+01,2.385750487329434293e+02,2.452729044834307786e+02
2.180515873015872899e+02,9.145634920634920206e+01,2.377475915221579612e+02,2.455606936416184851e+02
2.158177083333333144e+02,9.105859375000000000e+01,2.373277777777777828e+02,2.456240740740740591e+02
2.152037037037036953e+02,9.092592592592592382e+01,2.367878787878787534e+02,2.460231729055258256e+02
2.141068211068210871e+02,9.073487773487772756e+01,2.361446208112874388e+02,2.461781305114638201e+02
2.133899868247694371e+02,9.035704874835309397e+01,2.349203703703703638e+02,2.468166666666666629e+02
2.123060959792477149e+02,9.008819714656289079e+01,2.346499068901303247e+02,2.467076350093109625e+02
2.113038461538461661e+02,8.991025641025639459e+01,2.343480662983425304e+02,2.467440147329649847e+02
2.102674418604651123e+02,8.967958656330749534e+01,2.342849162011173121e+02,2.467914338919925399e+02
2.094848484848484702e+02,8.955994729907772012e+01,2.330705467372133910e+02,2.472557319223985530e+02
2.080888888888888744e+02,8.924183006535946561e+01,2.320037878787878753e+02,2.475359848484848158e+02
2.072139107611548354e+02,8.915748031496063675e+01,2.315549132947977000e+02,2.474450867052023000e+02
2.064104575163398465e+02,8.906666666666666288e+01,2.308895027624309364e+02,2.473222836095764023e+02
2.055202614379084878e+02,8.886405228758169983e+01,2.301937172774869111e+02,2.473089005235601974e+02
2.048259705488621023e+02,8.879518072289157260e+01,2.285142857142857054e+02,2.474152380952380952e+02
2.039861111111110858e+02,8.845580808080808310e+01,nan,nan
2.032123456790123157e+02,8.839259259259259238e+01,2.268538011695906391e+02,2.481091617933722944e+02
2.024699248120300865e+02,8.842731829573934021e+01,2.255359848484848158e+02,2.483200757575757223e+02
2.020827338129496411e+02,8.832973621103116102e+01,2.247049808429118514e+02,2.484329501915708533e+02
2.004201787994891220e+02,8.810344827586206407e+01,2.241893939393939092e+02,2.486420454545454675e+02
1.994216073781290959e+02,8.794993412384715725e+01,2.235992509363295824e+02,2.488501872659175831e+02
1.994690382081686266e+02,8.799604743083004621e+01,2.226630036630036500e+02,2.489413919413919132e+02
1.979707835325365011e+02,8.787250996015936266e+01,2.219106145251396640e+02,2.490558659217876993e+02
1.972895480225988365e+02,8.780084745762711407e+01,2.209421965317919216e+02,2.493391136801541279e+02
1.965768229166666572e+02,8.795572916666665719e+01,2.208011049723756969e+02,2.493296500920810104e+02
1.962187902187902182e+02,8.816859716859715945e+01,2.202178030303030027e+02,2.494678030303030027e+02
1.958571428571428612e+02,8.851351351351351582e+01,2.197292817679557970e+02,2.497716390423572648e+02
1.948085676037483154e+02,8.933467202141900998e+01,2.195306513409961440e+02,2.498467432950191380e+02
1.942308690012970089e+02,8.997924773022047873e+01,2.190702702702702709e+02,2.499441441441441327e+02
1.940076628352490502e+02,9.050702426564494374e+01,2.192407407407407050e+02,2.498962962962962706e+02
1.937055771725032116e+02,9.092347600518806416e+01,2.188212290502793280e+02,2.500279329608938497e+02
1.933693693693693660e+02,9.165250965250965010e+01,2.185754189944134112e+02,2.502178770949720672e+02
1.931699867197875164e+02,9.220982735723769963e+01,2.183063583815028892e+02,2.503468208092485554e+02
1.929933333333333110e+02,9.293466666666665787e+01,2.183063583815028892e+02,2.503468208092485554e+02
1.928469520103761283e+02,9.359143968871595121e+01,2.183063583815028892e+02,2.503468208092485554e+02
1.925792349726775683e+02,9.404508196721312174e+01,2.183276190476190095e+02,2.504399999999999977e+02
1.924241192411923862e+02,9.482384823848236977e+01,2.186416184971098176e+02,2.505298651252408320e+02
1.924159891598915806e+02,9.487262872628724608e+01,2.186187739463601361e+02,2.505574712643678197e+02
1.923020833333333144e+02,9.547916666666665719e+01,2.186257309941520361e+02,2.505165692007796849e+02
1.924156862745097953e+02,9.604705882352941160e+01,2.185491329479768865e+02,2.505741811175336977e+02
1.926326530612244881e+02,9.590612244897958760e+01,2.185642458100558656e+02,2.506610800744878702e+02
1.930104166666666572e+02,9.652864583333332860e+01,2.190274509803921319e+02,2.507470588235294144e+02
1.932803617571059362e+02,9.646640826873384356e+01,2.190039215686274474e+02,2.507470588235294144e+02
1.936356589147286797e+02,9.673126614987079108e+01,2.190039215686274474e+02,2.507470588235294144e+02
1.942542819499340965e+02,9.730303030303029743e+01,2.189147286821705052e+02,2.507732558139534831e+02
1.945348258706467561e+02,9.722636815920397169e+01,2.187580952380952226e+02,2.508780952380952272e+02
1.950922509225092369e+02,9.771955719557195152e+01,2.185789473684210407e+02,2.510994152046783654e+02
1.953584656084655933e+02,9.810978835978835377e+01,2.184514285714285791e+02,2.511523809523809518e+02
1.962371541501976253e+02,9.843873517786560967e+01,2.184636871508379841e+02,2.511601489757914294e+02
1.973951612903225907e+02,9.882661290322580783e+01,2.184915254237288025e+02,2.511111111111110858e+02
1.975537848605577551e+02,9.878220451527224100e+01,2.178771929824561369e+02,2.514619883040935804e+02
1.980645994832041197e+02,9.902842377260981266e+01,2.180056497175141317e+02,2.514858757062146992e+02
1.985698113207547237e+02,9.943018867924527626e+01,2.176227544910179574e+02,2.516147704590818250e+02
1.996073781291172509e+02,9.959156785243740728e+01,2.178421052631578902e+02,2.515204678362572963e+02
2.002887139107611461e+02,9.967322834645669616e+01,2.176227544910179574e+02,2.516147704590818250e+02
2.013123359580052352e+02,1.002034120734908100e+02,2.177167630057803365e+02,2.516107899807321644e+02
2.024461942257217686e+02,1.005656167979002475e+02,2.178239700374531651e+02,2.515730337078651644e+02
2.033333333333333144e+02,1.009241293532338233e+02,2.179071969696969688e+02,2.515340909090909065e+02
2.043294270833333144e+02,1.012135416666666572e+02,2.179071969696969688e+02,2.515340909090909065e+02
2.048715953307392965e+02,1.013268482490272362e+02,2.181759259259259238e+02,2.514833333333333201e+02
2.063168724279835260e+02,1.020013717421124824e+02,2.178639053254437954e+02,2.516015779092701905e+02
2.075942028985507193e+02,1.025546772068511103e+02,2.179023941068139720e+02,2.515340699815837695e+02
2.087915006640106128e+02,1.031128818061088879e+02,2.178203703703703695e+02,2.515518518518518363e+02
2.096680272108843326e+02,1.033197278911564609e+02,2.178764044943820295e+02,2.515749063670411658e+02
2.102975734355044608e+02,1.036922094508301342e+02,2.180037037037036782e+02,2.515685185185184878e+02
2.115225563909774564e+02,1.043721804511278179e+02,2.174636015325670257e+02,2.517203065134099234e+02
2.122205700123915619e+02,1.047744733581164809e+02,2.175478927203064927e+02,2.517375478927202721e+02
2.133555555555555543e+02,1.053851851851851791e+02,2.174583333333333144e+02,2.517518939393939092e+02
2.148313570487483446e+02,1.063425559947298922e+02,2.174583333333333144e+02,2.517518939393939092e+02
2.153514211886304679e+02,1.067144702842377200e+02,2.174583333333333144e+02,2.517518939393939092e+02
2.160024691358024711e+02,1.071074074074074076e+02,2.170319361277444727e+02,2.520279441117764350e+02
2.167258687258687360e+02,1.074581724581724558e+02,2.172105263157894797e+02,2.521500974658869154e+02
2.178687258687258748e+02,1.083655083655083615e+02,2.172105263157894797e+02,2.521500974658869154e+02
2.184895833333333144e+02,1.088177083333333286e+02,2.172105263157894797e+02,2.521500974658869154e+02
2.197169312169312150e+02,1.097949735449735442e+02,2.172105263157894797e+02,2.521500974658869154e+02
2.203822393822393906e+02,1.102226512226512085e+02,2.164110429447852653e+02,2.526073619631901863e+02
2.211935081148564279e+02,1.107677902621722836e+02,2.167337164750957754e+02,2.524827586206896513e+02
2.222123552123552201e+02,1.117644787644787669e+02,2.166799242424242209e+02,2.525397727272727195e+02
2.227561274509803866e+02,1.120808823529411740e+02,2.166799242424242209e+02,2.525397727272727195e+02
2.242807017543859445e+02,1.134335839598997495e+02,2.165880149812734032e+02,2.525674157303370748e+02
2.249721212121211806e+02,1.140363636363636317e+02,2.162542372881355845e+02,2.528644067796610102e+02
2.259962962962962933e+02,1.150629629629629562e+02,2.161579961464354369e+02,2.529248554913294811e+02
2.272759051186017416e+02,1.162821473158551697e+02,2.159390476190475852e+02,2.530780952380952158e+02
2.282404580152671656e+02,1.171793893129770936e+02,2.158302658486707344e+02,2.530470347648261509e+02
2.289072039072038933e+02,1.178180708180708081e+02,2.158302658486707344e+02,2.530470347648261509e+02
2.298781094527363109e+02,1.188134328358208904e+02,2.156512524084778306e+02,2.532986512524084617e+02
2.311666666666666572e+02,1.201614583333333286e+02,2.154294478527607453e+02,2.533926380368098137e+02
2.315593008739076026e+02,1.205018726591760299e+02,2.152954091816366997e+02,2.534610778443113759e+02
2.323501291989663855e+02,1.212790697674418539e+02,2.147369477911646243e+02,2.537349397590361377e+02
2.333294422827496533e+02,1.222191958495460398e+02,2.142574850299401135e+02,2.532754491017963971e+02
2.343023255813953369e+02,1.234224806201550422e+02,2.140923694779116033e+02,2.526526104417670524e+02
2.350736579275904887e+02,1.241023720349562893e+02,2.137283236994219635e+02,2.522331406551059558e+02
2.359767441860465169e+02,1.250271317829457303e+02,2.134180478821362783e+02,2.520147329650091876e+02
2.366744186046511516e+02,1.256627906976744242e+02,2.130905587668593171e+02,2.517726396917148293e+02
2.378694550063371196e+02,1.270887198986058166e+02,2.124119850187265683e+02,2.514700374531834939e+02
2.386493333333333169e+02,1.279306666666666530e+02,2.113921568627450824e+02,2.510588235294117680e+02
2.397575757575757507e+02,1.291277997364953762e+02,2.115371428571428680e+02,2.510171428571428578e+02
2.405347985347985400e+02,1.298302808302808273e+02,2.115371428571428680e+02,2.510171428571428578e+02
2.417938931297709928e+02,1.310763358778625900e+02,2.111230158730158450e+02,2.509265873015872899e+02
2.426872586872586908e+02,1.321737451737451750e+02,2.110250481695568112e+02,2.509614643545279193e+02
2.437555555555555600e+02,1.332601307189542297e+02,2.105028248587570658e+02,2.506346516007532728e+02
2.444550063371356146e+02,1.340215462610899806e+02,2.100641025641025408e+02,2.505036630036629788e+02
2.456666666666666572e+02,1.354209150326797158e+02,2.097706093189963781e+02,2.503853046594981890e+02
2.461167979002624691e+02,1.360288713910761089e+02,2.096920289855072213e+02,2.503840579710144709e+02
2.465904392764857676e+02,1.367906976744185954e+02,2.087424242424242209e+02,2.502973484848484702e+02
2.478240000000000123e+02,1.381746666666666670e+02,2.083598484848484702e+02,2.498087121212120962e+02
2.486639999999999873e+02,1.387880000000000109e+02,2.080896686159843796e+02,2.498888888888888857e+02
2.495888456549934915e+02,1.400557717250324004e+02,2.076872427983538785e+02,2.495925925925925810e+02
2.503143939393939377e+02,1.410000000000000000e+02,2.072605363984673943e+02,2.498141762452107173e+02
2.509885931558935397e+02,1.419708491761723508e+02,2.064934086629001513e+02,2.498870056497175085e+02
2.520654088050314385e+02,1.435786163522012373e+02,2.059826589595375594e+02,2.497148362235067225e+02
2.525405742821473041e+02,1.443845193508114733e+02,2.053625730994152150e+02,2.496120857699804958e+02
2.531666666666666288e+02,1.452760814249363648e+02,2.051570881226053302e+02,2.496781609195402325e+02
2.541119894598155327e+02,1.470474308300395307e+02,2.047745098039215463e+02,2.497352941176470722e+02
2.549170013386880669e+02,1.485020080321285150e+02,2.041472868217053929e+02,2.497034883720930338e+02
2.553565891472868259e+02,1.490490956072351310e+02,2.032923976608187218e+02,2.497875243664717289e+02
2.557688172043010582e+02,1.498508064516128968e+02,2.029415204678362556e+02,2.498401559454190988e+02
2.563401084010840236e+02,1.510921409214091966e+02,2.029881656804733723e+02,2.498441814595660730e+02
2.568046448087431486e+02,1.520765027322404137e+02,2.023143939393939092e+02,2.502992424242424079e+02
2.573319088319088337e+02,1.535854700854700923e+02,2.011757575757575864e+02,2.499838383838383606e+02
2.577317073170731874e+02,1.549471544715447067e+02,2.006725146198830316e+02,2.500818713450292421e+02
2.581077586206896513e+02,1.559784482758620641e+02,2.001992110453648763e+02,2.500394477317554163e+02
2.584047619047618696e+02,1.566008403361344676e+02,1.999763313609467446e+02,2.499467455621301895e+02
2.587875000000000227e+02,1.574208333333333201e+02,1.992694610778443121e+02,2.499421157684630543e+02
2.589269230769230603e+02,1.582423076923076906e+02,1.986666666666666572e+02,2.499171717171716978e+02
2.590437158469945302e+02,1.587254098360655803e+02,1.980075757575757223e+02,2.497992424242424079e+02
2.590810457516339511e+02,1.590836601307189255e+02,1.974199623352165531e+02,2.497796610169491487e+02
2.593425559947298780e+02,1.601870882740447826e+02,1.973643410852712918e+02,2.498701550387596626e+02
2.595335968379446854e+02,1.608945981554676905e+02,1.968775100401606153e+02,2.498594377510040090e+02
2.595968379446640597e+02,1.616890645586297524e+02,1.967475915221579612e+02,2.499441233140654788e+02
2.596290531776912758e+02,1.622970168612191628e+02,1.968670520231213743e+02,2.502678227360308085e+02
2.597982120051085531e+02,1.634521072796934789e+02,1.962878787878787818e+02,2.502859848484848158e+02
2.596982872200263159e+02,1.637483530961791587e+02,1.960584795321637444e+02,2.504756335282650923e+02
2.598994708994708844e+02,1.646613756613756436e+02,1.960584795321637444e+02,2.504756335282650923e+02
2.599973333333333017e+02,1.659546666666666681e+02,1.955311355311355044e+02,2.507637362637362628e+02
2.601178707224334516e+02,1.655969581749049553e+02,1.943541666666666288e+02,2.507026515151515014e+02
2.600000000000000000e+02,1.671522309711286027e+02,1.940531135531135476e+02,2.507014652014651972e+02
2.599089692101740070e+02,1.687684069611780160e+02,1.937996453900709071e+02,2.507216312056737593e+02
2.597199453551912711e+02,1.700846994535519059e+02,1.935240549828178587e+02,2.507714776632302289e+02
2.597311827956988850e+02,1.703763440860214757e+02,1.923699633699633296e+02,2.508241758241758248e+02
2.593112033195020558e+02,1.722171507607191927e+02,1.920109289617486468e+02,2.508506375227686647e+02
2.591330589849108037e+02,1.731165980795610153e+02,1.912007575757575353e+02,2.508579545454545325e+02
2.589053857350800172e+02,1.743551673944686797e+02,1.902145593869731499e+02,2.508965517241379359e+02
2.587867231638417707e+02,1.753757062146892451e+02,1.898158914728682021e+02,2.511279069767441854e+02
2.586732283464567104e+02,1.760577427821522178e+02,1.892633517495395949e+02,2.511307550644567073e+02
2.586102362204724159e+02,1.767414698162729394e+02,1.884507575757575353e+02,2.514469696969696884e+02
2.581934156378600846e+02,1.783786008230452751e+02,1.881174242424242209e+02,2.515435606060605949e+02
2.581306122448979750e+02,1.788136054421768506e+02,1.877519379844961236e+02,2.516337209302325562e+02
2.578259109311740644e+02,1.802429149797570744e+02,1.863393574297188593e+02,2.514879518072289102e+02
2.576018158236056479e+02,1.807950713359273607e+02,1.862147239263803726e+02,2.520511247443762386e+02
2.574598639455782063e+02,1.814367346938775540e+02,nan,nan
2.572998712998712563e+02,1.822355212355212473e+02,1.847738791423001885e+02,2.523762183235867269e+02
2.571145833333333144e+02,1.828489583333333144e+02,1.844181818181818073e+02,2.524323232323231991e+02
2.570512820512820440e+02,1.832743589743589609e+02,1.837393939393939490e+02,2.524868686868686609e+02
2.562313725490196248e+02,1.850980392156862706e+02,1.830079365079365061e+02,2.524821428571428612e+02
2.560176870748298938e+02,1.856272108843537296e+02,1.822535787321063196e+02,2.524110429447852653e+02
2.557418936446173348e+02,1.863488975356679589e+02,1.822982456140350962e+02,2.524580896686159690e+02
2.555000000000000000e+02,1.873012820512820440e+02,1.822426035502958541e+02,2.524220907297830081e+02
2.549438202247191043e+02,1.884681647940074924e+02,1.816519337016574696e+02,2.522338858195211628e+02
2.544857881136950652e+02,1.893462532299741383e+02,1.801203155818540438e+02,2.520848126232741322e+02
2.538697916666666572e+02,1.905091145833333144e+02,1.792751004016064087e+02,2.519277108433734895e+02
2.536279999999999859e+02,1.910360000000000014e+02,1.784874759152215802e+02,2.520019267822735856e+02
2.531467181467181433e+02,1.919652509652509593e+02,1.786230158730158450e+02,2.523492063492063266e+02
2.528642951251646878e+02,1.927536231884057827e+02,1.781485714285714153e+02,2.524076190476190220e+02
2.525236318407960141e+02,1.934589552238805936e+02,1.779612403100774998e+02,2.527500000000000000e+02
2.520744949494949196e+02,1.942866161616161662e+02,1.774921568627450768e+02,2.528568627450980273e+02
2.518423076923076849e+02,1.950282051282051157e+02,1.771283524904214630e+02,2.528218390804597675e+02
2.515968379446640313e+02,1.954268774703557199e+02,1.770710059171597663e+02,2.530493096646942490e+02
2.513411458333333144e+02,1.960976562500000000e+02,1.767593688362919124e+02,2.531499013806705705e+02
2.507379134860050840e+02,1.970623409669211128e+02,1.764104046242774473e+02,2.535048169556839923e+02
2.500117187500000000e+02,1.982356770833333144e+02,1.760785440613026651e+02,2.536494252873563084e+02
2.498449612403100843e+02,1.987635658914728651e+02,1.759779005524861759e+02,2.537366482504603766e+02
2.494756554307116119e+02,1.993920099875155927e+02,1.754625468164794029e+02,2.536891385767790155e+02
2.493992673992673872e+02,1.996996336996336936e+02,1.744733727810650805e+02,2.537830374753451395e+02
2.487473958333333144e+02,2.008098958333333144e+02,1.737426900584795249e+02,2.538089668615984067e+02
2.484059662775615891e+02,2.010830090791179998e+02,1.726067864271456926e+02,2.537504990019959905e+02
2.478812260536398355e+02,2.016602809706257915e+02,1.719473684210526301e+02,2.537972709551656578e+02
2.469547169811320657e+02,2.028389937106917955e+02,1.713977900552486062e+02,2.538710865561694163e+02
2.467094339622641428e+02,2.030805031446540738e+02,1.705037037037036782e+02,2.537444444444444400e+02
2.462976190476190368e+02,2.037936507936507837e+02,1.697475915221579896e+02,2.535587668593448711e+02
2.454892473118279383e+02,2.044973118279569633e+02,1.692793296089385535e+02,2.535791433891992313e+02
2.447206477732793530e+02,2.052982456140350678e+02,1.686914285714285597e+02,2.536476190476190311e+02
2.445183727034120693e+02,2.056653543307086522e+02,1.683352272727272805e+02,2.531003787878787818e+02
2.438403575989782723e+02,2.062733077905491541e+02,1.682044198895027591e+02,2.520718232044198999e+02
2.436401515151515014e+02,2.066287878787878753e+02,1.680151515151515014e+02,2.509886363636363740e+02
2.430179487179487126e+02,2.071102564102563974e+02,1.675221579961464329e+02,2.497533718689787747e+02
2.426487179487179446e+02,2.075641025641025408e+02,1.667696629213483277e+02,2.485711610486891345e+02
2.417992700729926980e+02,2.083090024330900292e+02,1.661477272727272805e+02,2.476515151515151274e+02
2.411578947368421098e+02,2.088533834586466185e+02,1.659886363636363740e+02,2.468901515151515014e+02
2.404656488549618416e+02,2.093078880407124700e+02,1.654655493482308941e+02,2.458994413407821185e+02
2.395186666666666611e+02,2.100226666666666517e+02,1.651609848484848442e+02,2.448674242424242209e+02
2.398122605363984690e+02,2.099591315453384368e+02,1.649098039215686242e+02,2.444039215686274247e+02
2.393630490956072379e+02,2.103281653746769848e+02,1.647764705882352985e+02,2.429862745098039056e+02
2.391201550387596910e+02,2.104728682170542697e+02,1.648540433925049342e+02,2.414911242603550363e+02
2.385964912280701640e+02,2.108798920377867603e+02,1.647276190476190436e+02,2.401885714285714357e+02
2.373598937583001032e+02,2.116427622841965217e+02,1.642339181286549774e+02,2.387894736842105203e+02
2.370013550135501248e+02,2.118523035230352320e+02,1.642189349112425987e+02,2.380414201183431828e+02
2.366787148594377470e+02,2.119892904953145774e+02,1.640729783037475329e+02,2.369309664694279718e+02
2.360814536340851930e+02,2.124385964912280542e+02,1.640213178294573595e+02,2.359689922480619941e+02
2.353950131233595471e+02,2.130065616797900248e+02,1.639462962962962820e+02,2.354518518518518135e+02
2.346414342629481951e+02,2.133041168658698439e+02,1.637321063394682881e+02,2.340061349693251600e+02
2.344322493224931918e+02,2.134905149051490412e+02,1.636346516007533012e+02,2.337740112994350170e+02
2.342537112010796250e+02,2.135276653171389682e+02,1.634228571428571399e+02,2.325257142857142867e+02
2.332717536813922266e+02,2.140120481927710898e+02,1.634565656565656582e+02,2.315575757575757621e+02
2.328844086021505291e+02,2.143252688172042895e+02,1.636705426356589044e+02,2.309341085271317695e+02
2.325916030534351080e+02,2.145012722646310124e+02,1.635562372188138909e+02,2.292781186094069312e+02
2.319191542288557173e+02,2.148644278606965088e+02,1.634011627906976685e+02,2.284399224806201403e+02
2.319191542288557173e+02,2.148644278606965088e+02,1.634003944773175476e+02,2.282248520710059267e+02
2.313979328165374625e+02,2.151201550387596910e+02,1.633768115942028771e+02,2.272919254658385171e+02
2.302613333333333117e+02,2.157706666666666706e+02,1.632254901960784252e+02,2.263450980392156850e+02
2.297994791666666572e+02,2.159401041666666572e+02,1.628486707566462144e+02,2.250531697341513109e+02
2.292845849802371561e+02,2.161936758893280626e+02,1.629806201550387357e+02,2.247286821705426121e+02
2.288724747474747403e+02,2.162866161616161662e+02,1.630076190476190447e+02,2.244914285714285711e+02
2.283003952569169996e+02,2.166732542819499088e+02,1.630734767025089411e+02,2.242974910394264896e+02
2.282217898832684853e+02,2.167872892347600384e+02,1.629873188405796895e+02,2.241557971014492523e+02
2.263001383125864265e+02,2.176777316735822865e+02,1.626725838264299568e+02,2.233589743589743364e+02
2.263569444444444230e+02,2.178000000000000114e+02,1.624265873015872899e+02,2.227599206349206327e+02
2.256749654218533863e+02,2.180705394190871402e+02,1.623859649122807127e+02,2.223859649122807127e+02
2.251810699588477291e+02,2.182524005486968122e+02,1.624659300184162021e+02,2.225138121546961258e+02
2.250191570881225971e+02,2.185249042145593990e+02,1.624076086956521863e+02,2.223007246376811281e+02
2.240321285140562111e+02,2.188728246318607660e+02,1.622235294117647015e+02,2.217960784313725071e+02
2.233529411764705799e+02,2.193450980392156850e+02,1.622941176470588118e+02,2.215862745098038999e+02
2.234666666666666686e+02,2.192959999999999923e+02,1.622197392923649772e+02,2.212960893854748576e+02
2.227620865139948876e+02,2.196361323155216212e+02,1.622055555555555486e+02,2.212296296296296134e+02
2.220323886639676232e+02,2.200944669365721893e+02,1.622663043478260931e+02,2.210833333333333144e+02
2.210974576271186436e+02,2.205593220338982974e+02,1.621317829457364326e+02,2.201027131782945503e+02
2.210498084291187695e+02,2.206449553001276911e+02,1.621856060606060339e+02,2.200890151515151274e+02
2.203041825095056936e+02,2.211216730038022718e+02,1.621980392156862649e+02,2.200215686274509608e+02
2.200681536555142372e+02,2.211313506815365315e+02,1.617996357012750366e+02,2.189617486338797789e+02
2.191628787878787818e+02,2.217563131313131350e+02,1.612884990253411104e+02,2.202066276803118683e+02
2.178828125000000000e+02,2.224973958333333144e+02,1.608776595744680833e+02,2.209503546099290645e+02
2.172054263565891574e+02,2.230839793281653556e+02,1.608942652329749023e+02,2.223763440860215042e+02
2.163501291989663855e+02,2.236098191214470035e+02,1.605297297297297234e+02,2.232036036036035966e+02
2.155098039215686185e+02,2.240274509803921603e+02,1.603422939068100277e+02,2.244193548387096655e+02
2.152916666666666572e+02,2.242651515151515014e+02,1.596920289855072497e+02,2.243387681159420026e+02
2.137696476964769374e+02,2.251395663956639339e+02,1.594153297682709365e+02,2.250445632798573854e+02
2.138483709273182853e+02,2.251378446115288057e+02,1.588386524822694810e+02,2.251861702127659441e+02
2.135245098039215463e+02,2.253443627450980387e+02,1.589035087719298076e+02,2.258842105263157976e+02
2.124050464807436924e+02,2.259867197875165914e+02,1.583036649214659803e+02,2.259406631762652466e+02
2.115952380952380736e+02,2.265210084033613498e+02,1.577311233885819490e+02,2.259705340699815679e+02
2.110512820512820440e+02,2.266935897435897118e+02,1.570304761904761790e+02,2.259104761904761745e+02
2.110091503267973678e+02,2.266692810457516316e+02,1.568925318761384347e+02,2.262094717668487931e+02
2.094422043010752645e+02,2.279220430107526738e+02,1.568925318761384347e+02,2.262094717668487931e+02
2.089469387755102048e+02,2.280816326530612344e+02,1.561915285451196951e+02,2.264051565377531858e+02
2.078778220451526977e+02,2.287343957503319984e+02,1.560802139037433278e+02,2.270463458110516797e+02
2.075189393939394051e+02,2.288295454545454675e+02,1.555133689839572071e+02,2.266292335115864489e+02
2.065986928104574929e+02,2.295777777777777544e+02,1.552182130584192237e+02,2.271271477663230201e+02
2.056361221779548316e+02,2.299694555112881744e+02,1.549598603839441466e+02,2.272268760907504088e+02
2.047759336099585141e+02,2.305366528354080060e+02,1.543460837887067214e+02,2.273315118397085541e+02
2.038559670781893089e+02,2.310466392318244004e+02,1.542580645161290249e+02,2.275483870967742064e+02
2.024173441734417338e+02,2.315921409214091966e+02,1.534772313296903405e+02,2.274061930783242076e+02
2.021029810298102802e+02,2.317710027100270906e+02,1.529631675874769599e+02,2.276335174953959211e+02
2.012476190476190254e+02,2.321741496598639287e+02,1.524965277777777715e+02,2.278663194444444287e+02
2.005097222222221944e+02,2.324402777777777658e+02,1.516541218637992756e+02,2.275322580645161281e+02
1.998947368421052602e+02,2.326005398110661133e+02,1.513772893772893724e+02,2.275494505494505404e+02
1.983643067846607551e+02,2.332064896755162238e+02,1.507452006980802821e+02,2.273228621291448519e+02
1.976945606694560809e+02,2.333654114365411374e+02,1.507049180327868783e+02,2.279690346083788484e+02
1.970053763440859882e+02,2.335268817204301115e+02,1.500265957446808613e+02,2.277801418439716201e+02
1.962387005649717366e+02,2.338079096045197502e+02,1.497107583774250372e+02,2.277742504409170863e+02
1.955222222222222115e+02,2.340999999999999943e+02,1.489706390328151997e+02,2.274801381692573159e+02
1.949325068870523410e+02,2.343209366391184574e+02,1.482612612612612679e+02,2.266738738738738732e+02
1.940890688259109425e+02,2.345411605937921706e+02,1.480623885918003566e+02,2.271087344028520363e+02
1.933441734417343980e+02,2.347682926829268411e+02,1.472940170940170788e+02,2.268170940170939787e+02
1.927923497267759387e+02,2.348661202185792263e+02,1.470673758865248146e+02,2.267960992907801199e+02
1.919439999999999884e+02,2.350173333333333119e+02,1.464766839378238217e+02,2.266252158894645845e+02
1.902622950819672099e+02,2.354603825136611874e+02,1.456928446771378560e+02,2.260418848167539352e+02
1.899047619047618980e+02,2.355510204081632537e+02,1.453548387096774093e+02,2.260949820788530360e+02
1.886775956284152755e+02,2.356297814207650276e+02,1.451595744680851112e+02,2.260851063829787222e+02
1.880397805212620028e+02,2.359259259259259238e+02,1.446434937611408031e+02,2.258306595365418730e+02
1.869583333333333144e+02,2.360632183908045931e+02,1.442531194295900150e+02,2.257112299465240710e+02
1.865344827586206975e+02,2.360330459770114828e+02,1.437258064516128968e+02,2.252939068100358213e+02
1.854305555555555429e+02,2.360999999999999943e+02,1.437322404371584810e+02,2.254116575591985168e+02
1.845783132530120554e+02,2.359611780455153678e+02,1.436704980842911823e+02,2.253908045977011625e+02
1.827135207496653209e+02,2.358540829986613119e+02,1.429656565656565590e+02,2.245777777777777544e+02
1.818791500664010528e+02,2.357277556440903084e+02,1.428353413654618294e+02,2.246244979919678428e+02
1.804808259587020416e+02,2.355796460176991047e+02,1.423594040968342540e+02,2.245400372439478360e+02
1.798470418470418224e+02,2.354300144300144098e+02,1.421609195402298838e+02,2.244137931034482847e+02
1.788893740902474292e+02,2.352023289665210939e+02,1.418724954462659298e+02,2.240892531876138207e+02
1.783679114799446666e+02,2.352254495159059218e+02,1.418018518518518363e+02,2.240592592592592496e+02
1.776005747126436631e+02,2.350488505747126169e+02,1.414223484848484702e+02,2.240719696969696884e+02
1.764805555555555259e+02,2.348486111111110972e+02,1.412167577413478909e+02,2.239945355191256908e+02
1.755908440629470704e+02,2.346480686695279019e+02,1.411384335154826886e+02,2.241857923497267677e+02
1.753886583679114608e+02,2.345809128630705516e+02,1.411315315315315218e+02,2.242270270270270203e+02
1.746314363143631283e+02,2.345460704607045841e+02,1.408098039215686015e+02,2.238098039215686015e+02
1.742205128205127949e+02,2.346115384615384585e+02,1.407387387387387321e+02,2.237261261261261041e+02
1.725355191256830381e+02,2.339398907103824854e+02,1.401981981981981846e+02,2.232432432432432563e+02
1.724769038701622890e+02,2.339687890137328168e+02,1.400567010309278260e+02,2.235378006872851984e+02
1.714228274967574350e+02,2.335914396887159512e+02,1.398242753623188150e+02,2.234438405797101268e+02
1.705397435897435798e+02,2.331782051282051214e+02,1.398787878787878753e+02,2.235775401069518580e+02
1.691215686274509835e+02,2.326967320261437919e+02,1.394941373534338425e+02,2.232428810720267904e+02
1.677152777777777715e+02,2.320374999999999943e+02,1.391092278719397370e+02,2.228757062146892736e+02
1.671745406824146869e+02,2.317217847769028651e+02,1.389627560521415148e+02,2.231899441340782175e+02
1.664529262086513768e+02,2.316310432569974296e+02,1.389211469534050138e+02,2.233458781362006960e+02
1.648045515394912854e+02,2.308500669344042819e+02,1.385927750410508850e+02,2.233119868637109846e+02
1.636916010498687513e+02,2.302296587926508948e+02,1.384489112227805663e+02,2.232479061976549133e+02
1.627049808429118798e+02,2.297254150702426330e+02,1.379488536155202780e+02,2.224462081128747570e+02
1.618326797385620637e+02,2.292679738562091245e+02,1.380315789473684163e+02,2.226508771929824491e+02
1.604354005167958519e+02,2.285943152454780147e+02,1.378402061855670127e+02,2.224776632302405233e+02
1.595862977602107833e+02,2.280619235836627183e+02,1.375896057347670194e+02,2.226433691756272140e+02
1.584565499351491269e+02,2.276173800259403208e+02,1.375639639639639711e+02,2.227639639639639313e+02
1.564742547425474015e+02,2.263739837398373993e+02,1.370432432432432392e+02,2.222198198198198043e+02
1.558957528957529064e+02,2.262445302445302389e+02,1.370514184397162865e+02,2.222854609929077867e+02
1.551001317523056571e+02,2.257812911725955018e+02,1.370248226950354535e+02,2.223546099290780091e+02
1.543422733077905207e+02,2.253128991060025328e+02,1.367526881720430083e+02,2.221971326164874370e+02
1.533311433699639394e+02,2.247979870801664788e+02,1.368672481455925549e+02,2.223459134753608168e+02
1.523200134321373582e+02,2.242830750543304248e+02,1.369818081191421015e+02,2.224946943342341967e+02
1.513088834943107770e+02,2.237681630284943708e+02,1.370963680926916481e+02,2.226434751931075766e+02
1.502977535564841958e+02,2.232532510026583168e+02,1.372109280662411948e+02,2.227922560519809565e+02
1.492866236186576145e+02,2.227383389768222628e+02,1.373254880397907414e+02,2.229410369108543364e+02
1.482754936808310333e+02,2.222234269509862088e+02,1.374400480133402880e+02,2.230898177697277163e+02
1.472643637430044521e+02,2.217085149251501548e+02,1.375546079868898346e+02,2.232385986286010962e+02
1.462532338051778709e+02,2.211936028993141008e+02,1.376691679604393812e+02,2.233873794874744760e+02
1.452421038673512896e+02,2.206786908734780468e+02,1.377837279339889278e+02,2.235361603463478559e+02
1.442309739295247084e+02,2.201637788476419928e+02,1.378982879075384744e+02,2.236849412052212358e+02
1.432198439916981272e+02,2.196488668218059388e+02,1.380128478810880210e+02,2.238337220640946157e+02
1.422087140538715460e+02,2.191339547959698848e+02,1.381274078546375677e+02,2.239825029229679956e+02
1.411975841160449647e+02,2.186190427701338308e+02,1.382419678281871143e+02,2.241312837818413755e+02
1.401864541782183835e+02,2.181041307442977768e+02,1.383565278017366609e+02,2.242800646407147553e+02
1.391753242403918023e+02,2.175892187184617228e+02,1.384710877752862075e+02,2.244288454995881352e+02
1.381641943025652211e+02,2.170743066926256688e+02,1.385856477488357541e+02,2.245776263584615151e+02
1.371530643647386398e+02,2.165593946667896148e+02,1.387002077223853007e+02,2.247264072173348950e+02
1.361419344269120586e+02,2.160444826409535892e+02,1.388147676959348189e+02,2.248751880762082180e+02
1.351308044890854774e+02,2.155295706151175636e+02,1.389293276694843371e+02,2.250239689350815695e+02
1.341196745512588961e+02,2.150146585892815381e+02,1.390438876430338553e+02,2.251727497939548925e+02
1.331085446134323149e+02,2.144997465634455125e+02,1.391584476165833735e+02,2.253215306528282156e+02
1.320974146756057337e+02,2.139848345376094869e+02,1.392730075901328917e+02,2.254703115117015386e+02
1.310862847377791525e+02,2.134699225117734613e+02,1.393875675636824099e+02,2.256190923705748901e+02
1.300751547999525712e+02,2.129550104859374358e+02,1.395021275372319280e+02,2.257678732294482131e+02
1.290640248621259900e+02,2.124400984601014102e+02,1.396166875107814462e+02,2.259166540883215362e+02
1.280528949242994088e+02,2.119251864342653846e+02,1.397312474843309644e+02,2.260654349471948876e+02
1.270417649864728133e+02,2.114102744084293306e+02,1.398458074578804826e+02,2.262142158060682107e+02
1.260306350486462321e+02,2.108953623825932766e+02,1.399603674314300008e+02,2.263629966649415337e+02
1.250195051108196509e+02,2.103804503567572226e+02,1.400749274049795474e+02,2.265117775238149136e+02
1.240083751729930697e+02,2.098655383309211686e+02,1.401894873785290940e+02,2.266605583826882935e+02
1.229972452351664884e+02,2.093506263050851146e+02,1.403040473520786406e+02,2.268093392415616734e+02
1.219861152973399072e+02,2.088357142792490606e+02,1.404186073256281873e+02,2.269581201004350532e+02
1.209749853595133260e+02,2.083208022534130066e+02,1.405331672991777339e+02,2.271069009593084331e+02
1.199638554216867448e+02,2.078058902275769526e+02,1.406477272727272805e+02,2.272556818181818130e+02
1.189676113360323910e+02,2.072348178137651757e+02,1.408380414312617575e+02,2.273013182674199300e+02
1.189753086419753032e+02,2.072386831275720169e+02,1.413033707865168651e+02,2.277734082397003590e+02
1.170389784946236489e+02,2.062715053763440665e+02,1.414218455743879304e+02,2.270225988700564983e+02
1.160677290836653412e+02,2.059561752988047942e+02,1.415653775322283536e+02,2.269465930018415918e+02
1.157973333333333272e+02,2.057066666666666492e+02,1.415653775322283536e+02,2.269465930018415918e+02
1.143555555555555543e+02,2.049069444444444343e+02,1.415666666666666629e+02,2.265203703703703582e+02
1.134066390041493833e+02,2.044882434301521243e+02,1.412956989247311697e+02,2.261433691756272140e+02
1.119958333333333371e+02,2.038236111111110915e+02,1.409670329670329636e+02,2.256776556776556504e+02
1.110948396094839552e+02,2.032552301255230134e+02,1.409261261261261211e+02,2.252594594594594639e+02
1.100533910533910529e+02,2.026911976911976865e+02,1.406354166666666572e+02,2.248159722222222001e+02
1.092597222222222229e+02,2.022263888888888630e+02,1.403427495291902005e+02,2.242655367231638479e+02
1.084574898785425034e+02,2.015249662618083448e+02,1.400706521739130324e+02,2.239963768115941889e+02
1.075142450142450059e+02,2.009928774928774828e+02,1.395865209471766661e+02,2.236065573770491710e+02
1.069124999999999943e+02,2.002361111111111143e+02,1.392362637362637372e+02,2.236245421245421028e+02
1.064586776859504198e+02,1.998099173553719083e+02,1.389848484848484986e+02,2.239713804713804564e+02
1.058852459016393510e+02,1.991680327868852487e+02,1.387023809523809348e+02,2.239064625850340065e+02
1.049715447154471519e+02,1.980677506775067513e+02,1.386197916666666572e+02,2.235243055555555429e+02
1.044462585034013529e+02,1.972666666666666515e+02,1.389787234042553052e+02,2.234929078014184256e+02
1.043761348897535584e+02,1.975680933852140129e+02,1.393086419753086318e+02,2.234497354497354422e+02
1.040065876152832516e+02,1.968590250329380638e+02,1.390913978494623677e+02,2.222383512544802500e+02
1.032493112947658318e+02,1.959077134986225701e+02,1.392750455373406169e+02,2.217759562841530112e+02
1.030365853658536537e+02,1.955921409214091966e+02,1.390250896057347632e+02,2.220681003584229245e+02
1.026248313090418236e+02,1.949608636977057756e+02,1.388876811594202820e+02,2.222391304347825951e+02
1.022752420470262678e+02,1.942074688796680562e+02,1.389569892473118387e+02,2.227813620071684397e+02
1.017930555555555543e+02,1.940180555555555486e+02,1.390086355785837497e+02,2.233471502590673481e+02
1.015735492577597796e+02,1.936869095816464039e+02,1.388842832469775317e+02,2.238393782383419648e+02
1.012827496757457766e+02,1.929260700389104954e+02,1.390285204991087369e+02,2.243119429590017546e+02
1.009841269841269735e+02,1.924415584415584419e+02,1.385315315315315274e+02,2.237423423423423117e+02
1.008158602150537604e+02,1.919448924731182728e+02,1.387956989247311697e+02,2.234713261648745402e+02
1.004479578392621875e+02,1.914650856389986870e+02,1.391379928315411973e+02,2.231111111111110858e+02
1.003952912019826442e+02,1.912552664188351912e+02,1.390364298724954324e+02,2.222404371584699447e+02
9.986134453781512832e+01,1.904677871148459189e+02,1.392393617021276668e+02,2.222517730496453510e+02
9.939601139601138868e+01,1.894814814814814667e+02,1.392335216572504635e+02,2.217966101694915153e+02
9.974782608695652186e+01,1.898463768115941832e+02,1.394517304189435265e+02,2.227759562841530112e+02
9.977040110650068527e+01,1.890179806362378656e+02,1.393221601489757688e+02,2.229720670391061503e+02
9.992113095238094900e+01,1.881755952380952124e+02,1.394456521739130324e+02,2.226775362318840337e+02
9.961572052401746191e+01,1.880262008733624555e+02,1.396875000000000000e+02,2.227638888888888857e+02
9.977575757575756654e+01,1.865060606060605721e+02,1.395319148936170279e+02,2.230673758865248146e+02
9.995366218236172529e+01,1.860298953662182271e+02,1.397521815008725810e+02,2.237172774869110015e+02
9.973841554559042777e+01,1.863258594917787718e+02,1.396900900900900808e+02,2.239675675675675564e+02
9.994083694083693103e+01,1.854545454545454675e+02,1.396900900900900808e+02,2.239675675675675564e+02
1.000571827057182617e+02,1.852691771269176968e+02,1.396900900900900808e+02,2.239675675675675564e+02
1.001415929203539861e+02,1.846032448377580977e+02,1.393517495395948345e+02,2.238232044198894926e+02
1.002005772005772002e+02,1.842121212121212182e+02,1.394522522522522365e+02,2.239675675675675564e+02
1.002981715893108259e+02,1.841645569620253298e+02,1.394086021505376323e+02,2.241003584229390526e+02
1.001120815138282296e+02,1.842459970887918246e+02,1.394051565377532143e+02,2.241952117863719707e+02
1.004256198347107443e+02,1.837382920110192686e+02,1.392142857142857224e+02,2.245646258503401214e+02
1.008898550724637602e+02,1.826855072463768010e+02,1.391747747747747610e+02,2.243477477477477180e+02
1.009542203147353376e+02,1.824935622317596540e+02,1.391375661375661252e+02,2.244567901234567557e+02
1.009655172413793167e+02,1.823821839080459597e+02,1.390017543859649152e+02,2.242631578947368496e+02
1.009446693657219924e+02,1.825236167341430189e+02,1.388692449355432643e+02,2.248858195211786040e+02
1.014520743919885462e+02,1.817138769670958425e+02,1.388692449355432643e+02,2.248858195211786040e+02
1.017768817204300973e+02,1.811801075268816987e+02,1.386195856873822834e+02,2.247589453860639992e+02
1.020853658536585300e+02,1.805203252032520425e+02,1.391326352530541044e+02,2.255200698080278983e+02
1.021251819505094574e+02,1.804687045123726250e+02,1.390999999999999943e+02,2.254561403508771775e+02
1.023025435073627847e+02,1.802155287817938358e+02,1.389964349376114114e+02,2.251711229946523929e+02
1.025985815602836766e+02,1.798638297872340388e+02,1.389964349376114114e+02,2.251711229946523929e+02
1.026182795698924650e+02,1.794596774193548470e+02,1.390724637681159379e+02,2.254945652173913118e+02
1.027046070460704499e+02,1.791639566395663792e+02,1.388792792792792739e+02,2.250396396396396028e+02
1.027110215053763369e+02,1.791948924731182728e+02,1.390907504363001692e+02,2.253874345549738223e+02
1.029253112033194952e+02,1.788769017980636136e+02,1.391365248226950087e+02,2.253705673758865089e+02
1.033975903614457792e+02,1.783400267737617071e+02,1.391423423423423458e+02,2.253783783783783861e+02
1.035163934426229559e+02,1.780409836065573757e+02,1.386944444444444571e+02,2.244314814814814554e+02
1.035154061624649700e+02,1.779173669467786851e+02,1.387388888888888800e+02,2.244203703703703638e+02
1.040669456066945600e+02,1.771771269177126840e+02,1.387142857142857224e+02,2.244377289377289344e+02
1.042404371584699305e+02,1.770150273224043644e+02,1.386756272401433421e+02,2.242508960573476600e+02
1.041526610644257715e+02,1.770392156862745026e+02,1.386756272401433421e+02,2.242508960573476600e+02
1.050183615819208995e+02,1.759816384180790863e+02,1.384990791896869098e+02,2.239023941068139720e+02
1.049561042524005501e+02,1.760260631001371507e+02,1.384560439560439420e+02,2.239102564102564088e+02
1.048644986449864405e+02,1.760975609756097526e+02,1.386003584229390526e+02,2.239408602150537604e+02
1.055155367231638337e+02,1.754350282485875709e+02,1.386003584229390526e+02,2.239408602150537604e+02
1.058556998556998394e+02,1.748253968253968083e+02,1.386003584229390526e+02,2.239408602150537604e+02
1.060987124463519251e+02,1.748512160228898153e+02,1.384014732965009102e+02,2.232596685082872909e+02
1.064088888888888960e+02,1.750696296296296168e+02,1.383611111111111143e+02,2.232814814814814781e+02
1.064907010014306081e+02,1.753962804005722376e+02,1.381755319148936110e+02,2.230141843971631204e+02
1.062002801120448083e+02,1.752507002801120279e+02,1.381975308641975175e+02,2.230652557319223774e+02
1.070553191489361637e+02,1.757248226950354422e+02,1.381720430107527022e+02,2.230681003584229245e+02
1.083288490284005974e+02,1.756023916292974434e+02,1.381989247311827853e+02,2.230716845878135928e+02
1.076396011396011261e+02,1.759629629629629335e+02,1.381369369369369338e+02,2.230270270270270316e+02
1.072759562841529970e+02,1.760300546448087289e+02,1.382867783985102221e+02,2.231247672253258543e+02
1.077911646586345427e+02,1.763038821954484376e+02,1.382126436781609300e+02,2.233582375478926849e+02
1.080700280112044709e+02,1.765518207282912897e+02,1.383000000000000114e+02,2.234462962962962820e+02
1.085109289617486183e+02,1.768647540983606632e+02,1.383241758241758248e+02,2.237893772893772848e+02
1.092759103641456448e+02,1.775504201680672338e+02,1.384818840579710013e+02,2.239927536231884062e+02
1.093105413105412964e+02,1.776068376068376153e+02,1.384818840579710013e+02,2.239927536231884062e+02
1.093333333333333286e+02,1.775790960451977298e+02,1.384818840579710013e+02,2.239927536231884062e+02
1.096470588235294059e+02,1.782647058823529278e+02,1.384432029795158314e+02,2.239515828677839693e+02
1.097279202279202224e+02,1.784472934472934469e+02,1.383685185185184991e+02,2.237481481481481467e+02
1.101524216524216371e+02,1.790028490028489898e+02,1.387455197132616433e+02,2.242419354838709751e+02
1.103730496453900543e+02,1.797290780141843811e+02,1.386531791907514446e+02,2.240770712909441045e+02
1.100310391363022831e+02,1.796693657219972806e+02,1.390651769087523064e+02,2.247932960893854784e+02
1.099398907103825138e+02,1.800601092896174862e+02,1.390651769087523064e+02,2.247932960893854784e+02
1.101129032258064484e+02,1.804677419354838719e+02,1.392252252252252163e+02,2.248378378378378386e+02
1.101473533619456333e+02,1.811788268955650949e+02,1.393440860215053760e+02,2.249820788530465734e+02
1.100950413223140458e+02,1.812823691460054931e+02,1.397880539499036558e+02,2.254797687861271811e+02
1.100256410256410220e+02,1.815587044534412939e+02,1.399809523809523739e+02,2.254228571428571399e+02
1.103617886178861767e+02,1.826246612466124475e+02,1.401539961013645268e+02,2.254795321637427037e+02
1.102961432506887007e+02,1.828787878787878753e+02,1.412253258845437642e+02,2.262029795158286447e+02
1.106071922544951605e+02,1.843208852005532208e+02,1.426607843137254861e+02,2.259039215686274247e+02
1.105871056241426515e+02,1.846392318244169815e+02,1.446107899807321644e+02,2.261695568400770355e+02
1.104409030544488672e+02,1.847901726427622577e+02,1.463870967741935374e+02,2.261003584229390526e+02
1.106343178621659575e+02,1.860801687763712948e+02,1.479355432780847082e+02,2.258563535911602287e+02
1.111121076233183800e+02,1.876562032884902749e+02,1.491360946745562046e+02,2.261183431952662772e+02
1.110600858369098773e+02,1.881559370529327282e+02,1.497736185383243992e+02,2.268680926916220812e+02
1.112093023255813904e+02,1.889131782945736120e+02,1.509590316573556663e+02,2.272309124767224944e+02
1.112328767123287605e+02,1.897869101978690765e+02,1.520448343079921756e+02,2.275847953216374151e+02
1.112222222222222143e+02,1.896361111111110915e+02,1.525056179775280896e+02,2.281198501872658824e+02
1.114871794871794748e+02,1.908974358974358836e+02,1.538908045977011625e+02,2.279195402298850581e+02
1.114539007092198517e+02,1.911971631205673532e+02,1.544301675977653758e+02,2.287765363128491742e+02
1.114562146892655221e+02,1.919858757062146708e+02,1.556704119850187169e+02,2.292415730337078514e+02
1.117735042735042725e+02,1.930754985754985569e+02,1.566872659176029856e+02,2.297509363295880007e+02
1.118842398884239770e+02,1.937712691771268965e+02,1.576065573770491710e+02,2.301730418943533607e+02
1.119758865248226840e+02,1.944439716312056419e+02,1.579963768115941889e+02,2.308677536231884062e+02
1.122426778242677869e+02,1.955230125523012532e+02,1.586684587813620055e+02,2.311989247311827853e+02
1.124695652173913061e+02,1.965333333333333314e+02,1.596775956284153040e+02,2.314499089253187378e+02
1.126102150537634401e+02,1.970672043010752645e+02,1.602011173184357631e+02,2.315400372439478360e+02
1.129986225895316636e+02,1.985730027548209193e+02,1.610986964618249431e+02,2.313202979515828304e+02
1.131709770114942444e+02,1.989813218390804366e+02,1.615291902071562902e+02,2.309736346516007188e+02
1.133923182441700845e+02,2.002318244170095909e+02,1.619698581560283515e+02,2.311063829787234170e+02
1.136217687074829854e+02,2.013442176870748028e+02,1.619698581560283515e+02,2.311063829787234170e+02
1.140000000000000000e+02,2.028263305322128645e+02,1.629474637681159379e+02,2.306920289855072213e+02
1.142669491525423666e+02,2.043757062146892451e+02,1.629018518518518590e+02,2.307962962962962763e+02
1.146597222222222143e+02,2.052611111111110915e+02,1.633954802259887060e+02,2.306553672316384223e+02
1.151002824858756952e+02,2.067231638418078887e+02,1.638956043956044084e+02,2.306978021978021900e+02
1.152277091906721438e+02,2.070507544581618333e+02,1.642144249512670342e+02,2.305769980506822492e+02
1.155698005698005630e+02,2.087692307692307736e+02,1.648474576271186436e+02,2.303145009416195705e+02
1.157265306122449005e+02,2.094204081632653072e+02,1.648996212121212182e+02,2.304034090909090935e+02
1.161024590163934391e+02,2.106994535519125691e+02,1.649928698752227945e+02,2.299750445632798233e+02
1.161501976284584998e+02,2.108142292490118450e+02,1.647508960573476600e+02,2.295179211469533698e+02
1.165533854166666572e+02,2.119440104166666572e+02,1.647513812154696211e+02,2.291307550644567073e+02
1.166315104166666572e+02,2.126705729166666572e+02,1.650996376811594075e+02,2.284076086956521863e+02
1.167217948717948559e+02,2.133525641025640880e+02,1.650531914893616943e+02,2.282074468085106389e+02
1.170768175582990267e+02,2.146145404663922989e+02,1.647699805068226055e+02,2.277251461988304015e+02
1.175921409214092108e+02,2.156463414634146432e+02,1.648568738229755013e+02,2.269058380414312239e+02
1.177302204928663940e+02,2.163592736705577124e+02,1.648372093023255900e+02,2.267945736434108426e+02
1.179514435695538026e+02,2.173175853018372550e+02,1.651301247771835961e+02,2.261443850267379787e+02
1.180866666666666589e+02,2.178186666666666440e+02,1.650866290018832387e+02,2.256892655367231555e+02
1.184025423728813564e+02,2.186963276836158059e+02,1.651826741996233352e+02,2.247401129943502838e+02
1.187878787878787818e+02,2.199614325068870357e+02,1.653853564547206076e+02,2.245606936416184851e+02
1.190420054200541955e+02,2.204214092140921366e+02,1.653853564547206076e+02,2.245606936416184851e+02
1.193215686274509864e+02,2.213150326797385503e+02,1.659053030303030312e+02,2.234943181818181870e+02
1.197358229598893473e+02,2.223983402489626542e+02,1.659184782608695627e+02,2.230199275362318758e+02
1.199766803840877856e+02,2.234156378600823132e+02,1.660449438202247165e+02,2.224812734082396730e+02
1.200466392318244147e+02,2.236543209876543301e+02,1.661444444444444457e+02,2.218148148148148096e+02
1.206207349081364697e+02,2.250341207349081287e+02,1.663548387096774093e+02,2.211487455197132590e+02
1.208532818532818567e+02,2.253951093951093867e+02,1.666286231884057827e+02,2.204003623188405641e+02
1.211315453384418817e+02,2.265440613026819960e+02,1.666755319148936110e+02,2.201312056737588421e+02
1.216188579017264288e+02,2.275139442231075577e+02,1.675662878787878753e+02,2.185208333333333144e+02
1.221739130434782652e+02,2.284005270092226283e+02,1.675856873822975501e+02,2.181374764595103386e+02
1.226547144754316037e+02,2.295365205843293381e+02,1.679671848013816771e+02,2.177478411053540412e+02
1.227910052910052912e+02,2.300674603174603305e+02,1.680537634408602230e+02,2.171487455197132590e+02
1.232771241830065208e+02,2.307712418300653496e+02,1.682830540037243736e+02,2.162756052141526766e+02
1.240600000000000023e+02,2.320080000000000098e+02,1.680626262626262530e+02,2.132141414141413804e+02
1.243933333333333309e+02,2.325560000000000116e+02,1.681759259259259238e+02,2.136259259259259125e+02
1.248020833333333286e+02,2.332838541666666572e+02,1.670324324324324436e+02,2.145027027027026918e+02
1.251566265060240966e+02,2.338326639892904666e+02,1.655179487179487126e+02,2.145128205128205252e+02
1.258064516129032313e+02,2.348870967741935374e+02,1.644214162348877437e+02,2.145146804835923717e+02
1.265371120107962071e+02,2.357867746288798685e+02,1.637421052631578959e+02,2.146719298245614027e+02
1.265637860082304513e+02,2.362880658436214105e+02,1.629013605442176811e+02,2.146207482993197289e+02
1.269341563786008180e+02,2.367613168724279831e+02,1.624683760683760738e+02,2.151914529914529624e+02
1.269909560723514090e+02,2.370155038759689887e+02,1.620666666666666629e+02,2.155674796747967150e+02
1.276492537313432791e+02,2.377325870646766077e+02,1.616113902847571069e+02,2.157453936348408376e+02
1.279777777777777743e+02,2.384052287581699261e+02,1.612592592592592666e+02,2.161640211640211646e+02
1.284244791666666572e+02,2.389739583333333144e+02,1.609791666666666572e+02,2.166128472222222001e+02
1.286440903054448768e+02,2.393904382470119572e+02,1.605296108291032056e+02,2.167005076142131941e+02
1.291366120218579283e+02,2.399863387978141986e+02,1.603680555555555429e+02,2.168229166666666572e+02
1.293399470899470884e+02,2.403187830687830626e+02,1.598591065292096118e+02,2.167061855670103228e+02
1.297854406130268217e+02,2.408927203065134108e+02,1.596193078324225780e+02,2.171038251366120164e+02
1.299844961240310113e+02,2.415206718346253183e+02,1.592495726495726274e+02,2.174461538461538339e+02
1.306054687500000000e+02,2.419960937500000000e+02,1.591919191919191974e+02,2.176498316498316399e+02
1.317322404371584526e+02,2.429071038251366019e+02,1.589415807560137353e+02,2.172817869415807479e+02
1.314720000000000084e+02,2.427760000000000105e+02,1.588151986183074200e+02,2.171865284974093129e+02
1.327872340425531945e+02,2.441829787234042612e+02,1.580277777777777715e+02,2.167537037037036782e+02
1.331551724137931103e+02,2.446508620689655231e+02,1.580864197530864033e+02,2.170458553791887084e+02
1.335871056241426515e+02,2.451687242798354021e+02,1.580713012477718280e+02,2.170784313725490051e+02
1.343679114799446666e+02,2.457911479944674795e+02,1.579402173913043441e+02,2.168478260869565304e+02
1.350720000000000027e+02,2.464399999999999977e+02,1.576323024054982795e+02,2.167560137457044505e+02
1.352005108556832624e+02,2.467535121328224648e+02,1.572663043478260931e+02,2.161503623188405641e+02
1.364082998661311876e+02,2.475408299866131188e+02,1.569808027923211000e+02,2.161273996509598305e+02
1.379466666666666583e+02,2.484493333333332998e+02,1.567452991452991284e+02,2.157128205128205138e+02
1.387551020408163254e+02,2.489537414965986386e+02,1.563181818181818130e+02,2.154023569023568996e+02
1.393507362784471013e+02,2.492182061579651702e+02,1.560853858784893191e+02,2.150689655172413666e+02
1.403727144866385288e+02,2.496962025316455822e+02,1.551128747795414426e+02,2.134885361552028087e+02
1.415409604519773836e+02,2.502330508474576334e+02,1.548791208791208760e+02,2.129816849816849640e+02
1.428812589413447540e+02,2.507911301859799380e+02,1.544245614035087613e+02,2.123315789473684276e+02
1.432464387464387414e+02,2.509188034188034067e+02,1.523718592964823983e+02,2.108174204355108827e+02
1.438101265822784853e+02,2.511772151898734080e+02,1.511725888324873210e+02,2.100761421319797080e+02
1.448555078683833699e+02,2.517324749642345978e+02,1.494747474747474882e+02,2.089528619528619515e+02
1.451286307053941869e+02,2.517828492392807505e+02,1.482526315789473585e+02,2.084403508771929694e+02
1.455819672131147513e+02,2.518702185792349439e+02,1.464221105527638258e+02,2.080971524288106878e+02
1.462748299319727607e+02,2.522285714285714278e+02,1.452864321608040257e+02,2.077939698492462242e+02
1.469216467463479319e+02,2.523320053120849877e+02,1.436836734693877418e+02,2.075442176870748199e+02
1.475234042553191500e+02,2.526382978723404165e+02,1.420033003300329995e+02,2.072706270627062679e+02
1.483186077643908902e+02,2.529210174029450968e+02,1.402721088435374099e+02,2.071564625850340065e+02
1.491896551724137794e+02,2.530804597701149419e+02,1.390541871921182349e+02,2.070804597701149135e+02
1.497325268817204176e+02,2.532217741935483843e+02,1.379847715736040641e+02,2.068392554991539498e+02
1.501066126855600373e+02,2.530296896086369713e+02,1.357783333333333076e+02,2.065783333333333189e+02
1.508451882845188265e+02,2.528326359832636001e+02,1.328342541436464046e+02,2.062541436464088349e+02
1.517490039840637337e+02,2.526812749003983924e+02,1.317653631284916287e+02,2.061508379888268223e+02
1.524027777777777715e+02,2.524277777777777771e+02,1.294528985507246261e+02,2.057427536231884062e+02
1.528473895582329192e+02,2.523560910307898268e+02,1.279057971014492665e+02,2.055398550724637516e+02
1.532547425474254510e+02,2.522289972899728809e+02,1.257854609929077867e+02,2.053031914893616943e+02
1.544056224899598533e+02,2.516131191432396292e+02,1.242137681159420168e+02,2.048949275362318758e+02
1.546546184738955958e+02,2.518353413654618578e+02,1.231948717948718013e+02,2.045572649572649482e+02
1.546706827309236871e+02,2.518313253012048278e+02,1.215070921985815602e+02,2.041436170212765830e+02
1.557613168724279831e+02,2.513155006858710578e+02,1.200280701754385859e+02,2.040824561403508710e+02
1.560310391363022973e+02,2.511848852901484292e+02,1.176723163841807889e+02,2.034708097928436530e+02
1.566789115646258210e+02,2.508911564625850019e+02,1.163188405797101268e+02,2.029329710144927503e+02
1.567464985994397750e+02,2.508613445378151141e+02,1.150153846153846189e+02,2.024837606837606643e+02
1.562149292149292137e+02,2.511917631917631866e+02,1.130812182741116771e+02,2.019830795262267316e+02
1.562544951590594451e+02,2.503596127247579375e+02,1.119398625429553249e+02,2.015618556701030855e+02
1.562675250357653454e+02,2.500200286123032924e+02,1.099100529100529116e+02,2.007442680776013901e+02
1.560484330484330258e+02,2.498091168091168015e+02,1.080577281191806236e+02,1.999739292364990320e+02
1.559228758169934395e+02,2.497633986928104548e+02,1.070666666666666629e+02,1.995261261261260870e+02
1.558594377510040090e+02,2.495100401606425748e+02,1.056270270270270260e+02,1.989225225225225131e+02
1.557163398692810290e+02,2.490104575163398692e+02,1.039944134078212272e+02,1.983668528864059510e+02
1.557193675889328119e+02,2.490698287220026259e+02,1.025593869731800680e+02,1.975862068965517153e+02
1.551687763713080130e+02,2.475091420534458280e+02,1.010311890838206494e+02,1.967076023391812782e+02
1.548902777777777544e+02,2.470833333333333428e+02,1.002204007285974399e+02,1.962204007285974114e+02
1.549077134986225701e+02,2.474352617079889569e+02,9.925641025641024839e+01,1.958626373626373720e+02
1.546835937500000000e+02,2.471848958333333144e+02,9.769109947643978842e+01,1.947731239092495628e+02
1.542960102960102802e+02,2.466589446589446482e+02,9.649720670391062072e+01,1.930968342644320046e+02
1.541733333333333178e+02,2.460826666666666540e+02,9.558527131782943798e+01,1.901143410852712918e+02
1.540691056910569046e+02,2.464403794037940258e+02,9.461174242424240788e+01,1.876458333333333144e+02
1.533000000000000114e+02,2.449546666666666681e+02,9.355492424242423510e+01,1.850265151515151274e+02
1.530207522697794786e+02,2.449740596627756020e+02,9.256060606060606233e+01,1.823143939393939377e+02
1.524589947089947088e+02,2.443888888888888857e+02,9.190892531876137639e+01,1.805901639344262435e+02
1.520195312500000000e+02,2.440273437500000000e+02,9.095833333333332860e+01,1.779206349206349103e+02
1.519481481481481353e+02,2.440777777777777828e+02,9.059099099099098851e+01,1.768918918918919019e+02
1.516181102362204740e+02,2.439527559055118218e+02,9.019680851063829152e+01,1.758049645390070737e+02
1.506341463414634063e+02,2.429674796747967491e+02,8.946812386156648245e+01,1.735683060109289499e+02
1.506373626373626280e+02,2.430989010989011092e+02,8.899283154121862083e+01,1.721433691756272140e+02
1.497910052910052627e+02,2.422962962962962763e+02,8.847145488029465810e+01,1.704585635359115940e+02
1.491310432569974296e+02,2.417366412213740432e+02,8.813297872340424988e+01,1.695390070921985739e+02
1.481093951093950807e+02,2.408018018018017870e+02,8.784628670120898164e+01,1.687461139896373084e+02
1.472444444444444116e+02,2.402784313725490222e+02,8.715881326352530323e+01,1.669319371727748660e+02
1.471014492753623131e+02,2.403306982872200308e+02,8.668627450980390847e+01,1.657040998217468655e+02
1.461042471042470936e+02,2.394131274131274267e+02,8.614652014652014600e+01,1.640824175824175768e+02
1.454388674388674190e+02,2.389897039897039690e+02,8.579096045197739784e+01,1.624858757062146992e+02
1.441496062992125928e+02,2.379724409448818960e+02,8.532956685499057414e+01,1.614312617702448165e+02
1.432213836477987456e+02,2.371823899371069047e+02,8.488530465949820325e+01,1.599982078853046517e+02
1.421550387596899157e+02,2.365503875968992133e+02,8.414606741573034299e+01,1.580749063670411942e+02
1.410913770913770691e+02,2.357657657657657353e+02,8.398168498168497820e+01,1.565293040293040292e+02
1.404743589743589496e+02,2.353410256410256238e+02,8.349906890130353077e+01,1.550837988826815774e+02
1.398938826466916225e+02,2.348089887640449547e+02,8.270491803278687826e+01,1.527103825136612159e+02
1.385817245817245862e+02,2.337876447876447799e+02,8.210865561694291159e+01,1.510976058931859995e+02
1.382358974358974137e+02,2.336705128205128119e+02,8.175047619047617786e+01,1.488057142857142878e+02
1.368367346938775597e+02,2.325591836734693914e+02,8.117495395948434123e+01,1.466813996316758733e+02
1.364746666666666499e+02,2.322893333333333032e+02,8.030034722222221433e+01,1.449722222222222001e+02
1.357777777777777715e+02,2.315917312661498499e+02,7.961277445109779194e+01,1.424251497005988085e+02
1.347963683527885905e+02,2.311167315175097201e+02,7.923024054982818143e+01,1.405807560137456846e+02
1.342628205128204968e+02,2.305141025641025578e+02,7.857996146435452545e+01,1.380366088631984383e+02
1.323813333333333162e+02,2.288466666666666640e+02,7.790763052208835404e+01,1.355341365461847261e+02
1.323042929292928989e+02,2.289911616161616053e+02,7.777263969171482927e+01,1.339306358381502946e+02
1.311653225806451530e+02,2.278655913978494425e+02,7.762452107279693791e+01,1.320038314176244967e+02
1.303425925925925810e+02,2.271124338624338463e+02,7.762857142857143344e+01,1.304228571428571399e+02
1.299069182389936827e+02,2.267119496855345915e+02,7.677045908183632150e+01,1.282634730538922270e+02
1.284940711462450622e+02,2.254584980237154070e+02,7.671428571428570820e+01,1.273234126984126959e+02
1.276653696498054416e+02,2.247626459143968987e+02,7.620370370370369528e+01,1.259203703703703638e+02
1.269583333333333286e+02,2.240606060606060623e+02,7.583148148148147527e+01,1.246537037037036839e+02
1.258386243386243279e+02,2.228082010582010355e+02,7.542134831460674604e+01,1.233052434456928808e+02
1.249196310935441261e+02,2.217114624505928759e+02,7.452222222222222570e+01,1.217703703703703582e+02
1.239149797570850211e+02,2.207638326585694983e+02,7.394830659536540907e+01,1.206595365418894801e+02
1.231604426002766104e+02,2.198838174273858783e+02,7.336761904761904418e+01,1.190514285714285734e+02
1.227163398692810432e+02,2.194143790849673223e+02,7.298627450980391984e+01,1.175999999999999943e+02
1.218789062500000000e+02,2.184375000000000000e+02,7.275049900199600472e+01,1.164091816367265437e+02
1.210691056910569046e+02,2.176124661246612391e+02,7.257222222222222285e+01,1.158962962962962848e+02
1.203248587570621311e+02,2.167062146892655221e+02,7.240301318267418651e+01,1.148813559322033910e+02
1.195902503293807655e+02,2.157799736495388458e+02,7.211538461538461320e+01,1.137948717948717814e+02
1.190786666666666633e+02,2.152813333333333219e+02,7.211413043478260931e+01,1.134855072463767982e+02
1.185499351491569371e+02,2.144189364461738023e+02,7.169005847953216914e+01,1.119883040935672511e+02
1.179204545454545467e+02,2.139962121212121247e+02,7.138461538461538680e+01,1.107278106508875766e+02
1.164802043422732964e+02,2.121890166028096871e+02,7.100574712643678765e+01,1.096360153256704848e+02
1.161248391248391272e+02,2.118519948519948457e+02,7.122157996146434300e+01,1.094161849710982608e+02
1.150849673202614269e+02,2.107267973856208982e+02,7.125091575091575180e+01,1.088882783882783798e+02
1.144881889763779554e+02,2.098700787401574814e+02,7.145098039215685048e+01,1.086684491978609657e+02
1.135006693440428336e+02,2.088072289156626482e+02,7.132422586520947050e+01,1.078852459016393510e+02
1.125493333333333226e+02,2.077226666666666688e+02,7.103448275862068328e+01,1.068237547892720301e+02
1.119784946236559051e+02,2.070860215053763227e+02,7.137078651685392572e+01,1.067172284644194633e+02
1.114153225806451672e+02,2.062970430107526738e+02,7.124482109227871263e+01,1.061920903954802213e+02
1.112526455026454926e+02,2.059523809523809632e+02,7.135969868173258135e+01,1.060282485875706158e+02
1.100774278215223063e+02,2.046902887139107463e+02,7.154414414414414125e+01,1.059189189189189193e+02
1.091941097724230190e+02,2.036251673360106906e+02,7.130357142857143060e+01,1.048194444444444287e+02
1.085740740740740620e+02,2.031005291005290871e+02,7.150549450549451080e+01,1.047893772893772706e+02
1.078844621513944162e+02,2.022098273572377138e+02,7.138068181818181301e+01,1.044753787878787676e+02
1.069859514687100841e+02,2.013575989782886211e+02,7.179069767441860961e+01,1.044806201550387499e+02
1.059682539682539613e+02,2.001309523809523796e+02,7.185294117647059409e+01,1.045568627450980301e+02
1.046400560224089560e+02,1.987184873949579753e+02,7.166866267465069029e+01,1.037844311377245532e+02
1.042595628415300553e+02,1.983251366120218506e+02,7.164117647058823479e+01,1.037862745098039028e+02
1.031949934123847186e+02,1.972503293807641569e+02,7.173863636363635976e+01,1.036136363636363598e+02
1.024157014157014061e+02,1.964877734877734667e+02,7.162335216572503782e+01,1.035047080979284289e+02
1.016704545454545467e+02,1.955871212121212182e+02,7.162335216572503782e+01,1.035047080979284289e+02
1.005025839793281506e+02,1.941640826873384924e+02,7.157504873294345771e+01,1.027485380116959135e+02
9.971843434343433898e+01,1.934255050505050235e+02,7.146551724137931672e+01,1.024980842911877232e+02
9.911904761904760619e+01,1.928659147869674086e+02,7.146551724137931672e+01,1.024980842911877232e+02
9.801355013550134743e+01,1.918346883468834392e+02,7.164444444444444571e+01,1.020925925925925810e+02
9.727083333333332860e+01,1.911692708333333144e+02,7.165913370998116250e+01,1.021129943502824915e+02
9.665521628498726159e+01,1.904618320610686908e+02,7.187999999999999545e+01,1.025028571428571382e+02
9.590000000000000568e+01,1.896089743589743364e+02,7.190636704119849298e+01,1.020468164794007464e+02
9.529426129426128966e+01,1.890659340659340728e+02,7.194814814814814952e+01,1.021462962962962848e+02
9.420202020202019355e+01,1.880770202020201793e+02,7.195480225988700340e+01,1.019416195856873628e+02
9.361791831357048466e+01,1.875520421607378125e+02,7.188268156424581434e+01,1.014860335195530752e+02
9.301317523056653158e+01,1.867931488801054059e+02,7.202564102564102200e+01,1.015128205128204968e+02
9.218758434547908109e+01,1.862321187584345239e+02,7.186587771203154773e+01,1.013786982248520729e+02
9.159689922480620794e+01,1.856395348837209269e+02,7.186587771203154773e+01,1.013786982248520729e+02
9.055962059620594573e+01,1.844078590785907750e+02,7.203497942386830744e+01,1.013251028806584202e+02
9.021088435374149128e+01,1.840326530612244937e+02,7.203497942386830744e+01,1.013251028806584202e+02
8.945021645021644474e+01,1.826666666666666572e+02,7.193612774451096925e+01,1.009101796407185674e+02
8.924761904761903963e+01,1.824448979591836633e+02,7.180842911877394386e+01,1.009980842911877232e+02
8.883333333333332860e+01,1.814472222222221944e+02,7.192121212121212182e+01,1.011353535353535307e+02
8.869535519125682299e+01,1.810997267759562703e+02,7.207212475633527049e+01,1.013508771929824519e+02
8.844817927170866767e+01,1.806820728291316414e+02,7.207212475633527049e+01,1.013508771929824519e+02
8.795921237693389116e+01,1.797369901547116626e+02,nan,nan
8.791363022941969518e+01,1.792456140350876979e+02,nan,nan
8.758974358974359120e+01,1.780997150997150698e+02,nan,nan
8.749382716049382225e+01,1.776611796982167277e+02,7.189300411522633283e+01,1.010226337448559661e+02
8.719971870604781827e+01,1.769479606188466789e+02,7.194308943089430386e+01,1.011504065040650318e+02
8.711347517730494872e+01,1.766425531914893554e+02,7.179595959595958732e+01,1.011636363636363569e+02
8.693442622950819043e+01,1.757595628415300268e+02,7.205882352941176805e+01,1.011372549019607732e+02
8.689754098360656087e+01,1.755273224043715743e+02,7.341208791208791240e+01,1.005787545787545696e+02
8.689488243430150760e+01,1.744854771784232241e+02,7.574725274725274460e+01,1.000934065934065984e+02
8.703030303030303116e+01,1.742258953168044116e+02,7.827619047619046455e+01,9.961714285714285211e+01
8.735230352303521784e+01,1.731287262872628503e+02,8.009090909090909349e+01,9.903219696969695462e+01
8.726482213438735869e+01,1.729855072463767840e+02,8.204952380952380508e+01,9.861904761904760619e+01
8.760915032679737635e+01,1.724640522875816941e+02,8.356028368794325445e+01,9.862234042553191671e+01
8.770209973753280508e+01,1.725223097112860842e+02,8.491256830601092531e+01,9.864298724954461761e+01
8.827434842249655844e+01,1.713607681755829901e+02,8.663752276867030844e+01,9.849908925318760566e+01
8.863511659807956278e+01,1.708038408779149222e+02,8.780662983425413870e+01,9.838858195211786040e+01
8.884799999999999898e+01,1.704799999999999898e+02,8.896254681647938867e+01,9.835580524344568687e+01
8.908943089430894702e+01,1.700813008130081414e+02,9.045370370370369528e+01,9.809999999999999432e+01
8.902766798418971916e+01,1.700988142292490011e+02,9.206145251396648632e+01,9.786405959031655755e+01
8.961445783132529641e+01,1.693895582329317335e+02,9.296862745098039227e+01,9.774313725490195282e+01
8.993359893758299961e+01,1.688844621513944162e+02,9.415384615384616041e+01,9.751282051282049679e+01
9.014344262295081478e+01,1.686721311475409948e+02,9.543113772455089361e+01,9.719361277445109693e+01
9.058639455782311245e+01,1.682870748299319530e+02,9.627182539682539186e+01,9.716666666666667140e+01
9.093544137022396967e+01,1.679077733860342505e+02,9.737596899224804758e+01,9.706395348837209269e+01
9.119028871391076052e+01,1.675721784776902723e+02,9.803831417624519418e+01,9.707088122605362912e+01
9.190655509065550177e+01,1.668814504881450489e+02,9.925468164794007464e+01,9.632958801498125467e+01
9.205371900826446563e+01,1.668305785123966984e+02,1.002870905587668489e+02,9.566088631984584367e+01
9.198569384835478502e+01,1.668712446351931362e+02,1.015757575757575637e+02,9.515909090909090651e+01
9.260555555555555429e+01,1.664388888888888687e+02,1.024105263157894683e+02,9.470350877192980477e+01
9.303415300546447497e+01,1.664016393442622928e+02,1.029770723104056316e+02,9.426102292768959501e+01
9.339643347050754585e+01,1.661275720164609027e+02,1.044444444444444287e+02,9.332956685499057414e+01
9.356133333333332303e+01,1.661879999999999882e+02,1.053087121212121104e+02,9.278787878787878185e+01
9.464453665283539863e+01,1.658533886583678907e+02,1.062386156648451561e+02,9.228051001821492605e+01
9.478902953586498370e+01,1.658157524613220630e+02,1.062936096718480030e+02,9.193609671848012965e+01
9.474229691876749371e+01,1.657983193277310932e+02,1.067575757575757507e+02,9.125311942959001499e+01
9.514285714285713880e+01,1.654299719887955007e+02,1.079585798816568030e+02,9.012820512820512420e+01
9.568260292164674752e+01,1.653745019920318668e+02,1.083214285714285694e+02,8.999206349206349387e+01
9.568260292164674752e+01,1.653745019920318668e+02,1.091703296703296644e+02,8.944505494505494880e+01
9.637163120567375074e+01,1.651191489361702054e+02,1.100965391621129186e+02,8.897996357012749513e+01
9.682666666666666799e+01,1.653362962962962968e+02,1.103871527777777715e+02,8.886805555555554292e+01
9.654893617021276953e+01,1.652836879432624073e+02,1.115000000000000000e+02,8.857865168539325396e+01
9.678137651821862164e+01,1.655991902834008158e+02,1.127016574585635311e+02,8.917679558011049323e+01
9.670430107526880192e+01,1.654784946236559051e+02,1.147575757575757507e+02,8.933712121212120394e+01
9.721576763485477102e+01,1.657565698478561274e+02,1.161024208566107916e+02,8.932216014897578304e+01
9.687139107611548638e+01,1.656509186351705978e+02,1.176214689265536748e+02,8.947080979284368141e+01
9.668682795698924792e+01,1.655631720430107521e+02,1.194970760233918128e+02,9.035087719298245190e+01
9.709600000000000364e+01,1.658333333333333144e+02,1.220949612403100701e+02,9.061627906976744384e+01
9.749615384615384528e+01,1.660423076923077019e+02,1.246592592592592439e+02,9.093333333333333712e+01
9.772153635116598025e+01,1.662002743484224823e+02,1.267081081081081066e+02,9.093333333333332291e+01
9.839866666666665651e+01,1.668693333333333157e+02,1.286648044692737471e+02,9.109310986964618451e+01
9.874867724867723950e+01,1.671124338624338463e+02,1.299370370370370154e+02,9.105555555555555713e+01
9.879166666666665719e+01,1.671940104166666572e+02,1.311762452107279557e+02,9.070689655172414234e+01
9.916804407713497937e+01,1.676515151515151274e+02,1.318703703703703525e+02,9.031296296296295623e+01
1.000327868852458977e+02,1.686516393442622928e+02,1.326033519553072608e+02,8.999441340782122722e+01
9.997516339869279989e+01,1.686588235294117624e+02,1.334491017964071773e+02,8.963473053892215603e+01
1.000609597924772913e+02,1.685226977950713092e+02,1.345245901639344197e+02,8.925865209471766093e+01
1.009563994374120881e+02,1.698326300984528530e+02,1.349037037037036839e+02,8.942037037037036384e+01
1.012897327707454167e+02,1.702601969057665201e+02,1.351138716356107636e+02,8.962939958592131973e+01
1.016955266955266808e+02,1.710591630591630405e+02,1.356435452793834315e+02,8.959730250481695180e+01
1.016166666666666600e+02,1.710638888888888687e+02,1.366546184738955674e+02,8.979317269076304342e+01
1.020327380952380878e+02,1.720654761904761756e+02,1.376242774566474054e+02,8.989595375722542769e+01
1.022136752136752165e+02,1.725925925925925810e+02,1.380177514792899274e+02,9.006114398422090517e+01
1.024066666666666521e+02,1.733746666666666556e+02,1.387619047619047592e+02,9.011619047619046796e+01
1.025722460658082866e+02,1.734263233190271478e+02,1.398913857677902399e+02,9.029962546816479119e+01
1.027479338842975238e+02,1.740399449035812438e+02,1.399693486590038276e+02,9.034099616858236459e+01
1.030303030303030312e+02,1.750151515151515014e+02,1.398978805394990275e+02,9.052023121387283311e+01
1.032066115702479294e+02,1.755523415977961292e+02,1.397360308285163626e+02,9.071483622350673670e+01
1.033427041499330556e+02,1.764270414993306417e+02,1.397733333333333405e+02,9.067809523809523853e+01
1.035896358543417364e+02,1.768095238095237960e+02,1.398615984405458050e+02,9.070565302144248676e+01
1.036855072463768010e+02,1.775478260869565190e+02,1.400337301587301511e+02,9.024801587301587347e+01
1.039223744292237512e+02,1.788280060882800342e+02,1.408342857142857270e+02,8.985904761904761529e+01
1.041437308868501503e+02,1.795779816513761489e+02,1.416628352490421321e+02,8.993678160919540687e+01
1.042052401746724826e+02,1.800538573508005697e+02,1.422114695340501669e+02,8.970967741935483275e+01
1.043924050632911360e+02,1.801828410689169857e+02,1.426983240223463554e+02,8.961266294227188212e+01
1.045938864628820966e+02,1.812052401746724968e+02,1.434420289855072497e+02,8.951630434782609314e+01
1.046816143497757849e+02,1.823602391629297301e+02,1.441879432624113520e+02,8.947517730496453225e+01
1.047991452991452945e+02,1.832008547008547055e+02,1.450692883895131047e+02,8.939325842696629820e+01
1.051235632183907995e+02,1.832068965517241281e+02,1.454393063583815149e+02,8.929094412331406261e+01
1.052448377581120837e+02,1.844867256637168111e+02,1.459564393939393767e+02,8.919318181818181301e+01
1.053701996927803322e+02,1.854485407066052005e+02,1.467251461988304015e+02,8.905847953216374435e+01
1.055590433482810084e+02,1.860777279521673790e+02,1.477803921568627175e+02,8.883137254901960489e+01
1.057999999999999972e+02,1.869757575757575694e+02,1.490100401606425464e+02,8.873895582329316767e+01
1.060742496050552859e+02,1.879731437598736079e+02,nan,nan
1.059439655172413808e+02,1.879770114942528494e+02,1.501526104417670524e+02,8.860642570281123653e+01
1.061006006006006004e+02,1.888768768768768780e+02,1.506174242424242209e+02,8.856060606060606233e+01
1.062359882005899721e+02,1.891150442477876084e+02,1.516516007532956678e+02,8.851600753295667801e+01
1.063799126637554622e+02,1.903158660844250107e+02,1.529861111111110858e+02,8.847420634920634086e+01
1.065702127659574501e+02,1.907673758865248033e+02,1.538497109826589622e+02,8.835452793834295449e+01
1.067355836849507682e+02,1.916343178621659433e+02,1.545193370165745819e+02,8.810681399631674537e+01
1.067161981258366694e+02,1.920174029451137585e+02,1.558208092485549230e+02,8.803082851637763895e+01
1.069603524229074907e+02,1.934214390602055573e+02,1.569307116104868669e+02,8.790823970037452284e+01
1.071568627450980387e+02,1.938991596638655324e+02,1.580374753451676497e+02,8.758974358974359120e+01
1.073201058201058089e+02,1.945939153439153415e+02,1.594814814814814667e+02,8.754999999999999716e+01
1.074449213161659458e+02,1.957739628040056914e+02,1.611587301587301511e+02,8.745634920634920206e+01
1.074607046070460683e+02,1.962344173441734370e+02,1.620087719298245474e+02,8.742456140350876126e+01
1.077924242424242323e+02,1.973636363636363740e+02,1.640098039215686185e+02,8.739215686274509665e+01
1.079985693848354629e+02,1.980271816881258644e+02,1.647673992673992416e+02,8.709523809523808779e+01
1.080059259259259221e+02,1.989081481481481148e+02,1.656666666666666572e+02,8.696441947565543273e+01
1.080900140646975984e+02,1.990773558368494776e+02,nan,nan
1.082972582972582813e+02,2.006421356421356279e+02,1.681353535353535165e+02,8.669696969696970257e+01
1.084385964912280684e+02,2.017422402159243973e+02,1.699754601226993884e+02,8.661349693251533211e+01
1.085701058201058089e+02,2.023161375661375700e+02,1.710598802395209646e+02,8.649700598802395746e+01
1.087581967213114780e+02,2.035068306010928723e+02,1.722462121212121247e+02,8.648674242424242209e+01
1.090167364016736400e+02,2.046415620641561759e+02,1.731398467432950099e+02,8.647126436781609016e+01
1.090609756097560989e+02,2.054308943089430954e+02,1.742429378531073496e+02,8.639548022598870602e+01
1.091874163319946405e+02,2.063507362784471013e+02,1.747829457364341010e+02,8.639728682170542129e+01
1.092185792349726796e+02,2.072035519125682868e+02,1.759204545454545325e+02,8.641856060606060908e+01
1.095125000000000028e+02,2.083694444444444400e+02,1.771884920634920491e+02,8.604761904761905100e+01
1.097063829787234113e+02,2.098056737588652254e+02,1.786174242424242209e+02,8.606818181818181301e+01
1.098183060109289499e+02,2.109467213114754145e+02,1.799392156862745082e+02,8.582156862745097214e+01
1.100597609561752961e+02,2.119415670650730306e+02,1.816161048689138511e+02,8.550000000000000000e+01
1.100288065843621439e+02,2.125281207133058672e+02,1.826229508196721270e+02,8.542076502732240328e+01
1.100209973753280792e+02,2.132440944881889777e+02,1.841891891891891930e+02,8.536216216216216424e+01
1.100928961748633839e+02,2.143852459016393368e+02,1.856310160427807432e+02,8.531550802139037160e+01
1.103291492329149150e+02,2.155034867503486566e+02,1.867116104868913737e+02,8.515543071161047806e+01
1.105793991416309012e+02,2.173490701001430523e+02,1.887686274509803752e+02,8.466862745098039511e+01
1.104953519256307999e+02,2.174395750332004980e+02,1.903163841807909478e+02,8.458192090395479568e+01
1.106997126436781542e+02,2.191925287356321803e+02,1.922146892655367196e+02,8.449340866290017971e+01
1.107612994350282349e+02,2.194858757062146708e+02,1.932185792349726796e+02,8.411657559198542344e+01
1.109092140921409140e+02,2.205257452574525416e+02,1.952635658914728367e+02,8.370736434108526680e+01
1.109813218390804508e+02,2.218275862068965409e+02,1.969132947976878540e+02,8.352793834296723219e+01
1.109847856154910062e+02,2.225145228215767759e+02,1.988801498127340608e+02,8.352434456928838813e+01
1.111338797814207595e+02,2.236789617486338670e+02,2.005440613026819676e+02,8.302873563218390984e+01
1.112916666666666572e+02,2.247970430107526738e+02,2.024982078853046517e+02,8.258960573476701938e+01
1.113823129251700550e+02,2.255646258503401214e+02,2.039668508287292923e+02,8.225598526703498692e+01
1.115435684647302850e+02,2.266528354080220993e+02,2.061869918699186712e+02,8.200406504065040281e+01
1.116258790436005626e+02,2.279676511954992861e+02,2.084662698412698205e+02,8.112301587301587347e+01
1.117710144927536220e+02,2.292782608695652300e+02,2.103944773175542196e+02,8.050493096646941638e+01
1.117503607503607412e+02,2.298369408369408120e+02,2.128843930635838149e+02,7.994990366088630651e+01
1.119666666666666686e+02,2.305027777777777658e+02,2.153275193798449436e+02,7.896317829457363757e+01
1.123261183261183191e+02,2.310836940836940698e+02,2.176515151515151274e+02,7.796022727272726627e+01
1.125287817938420289e+02,2.316693440428380200e+02,2.207052023121387379e+02,7.702504816955683964e+01
1.129465020576131735e+02,2.326131687242798307e+02,2.229029304029303660e+02,7.641758241758242320e+01
1.131932773109243726e+02,2.333711484593837326e+02,2.256187845303867334e+02,7.548802946593001195e+01
1.137964480874316848e+02,2.343333333333333144e+02,2.277537037037036782e+02,7.490000000000000568e+01
1.144495159059474361e+02,2.354218533886583486e+02,2.289432624113474901e+02,7.447872340425531945e+01
1.148017241379310320e+02,2.361063218390804366e+02,2.311376811594202536e+02,7.384963768115940752e+01
1.151302521008403374e+02,2.367703081232492934e+02,2.324245810055865888e+02,7.334264432029794989e+01
1.152366946778711423e+02,2.369803921568627345e+02,2.339700374531834939e+02,7.293445692883894083e+01
1.161021505376344010e+02,2.381962365591397770e+02,2.350357815442560820e+02,7.286064030131825575e+01
1.170291120815138157e+02,2.393464337700145279e+02,2.356934865900383045e+02,7.260919540229885172e+01
1.169325236167341444e+02,2.393684210526315894e+02,2.369083820662767721e+02,7.242690058479531956e+01
1.176680790960451901e+02,2.399929378531073212e+02,2.376779026217228363e+02,7.207865168539325396e+01
1.176393442622950829e+02,2.403948087431693921e+02,2.381754385964912046e+02,7.198421052631579187e+01
1.183292682926829258e+02,2.407520325203252014e+02,2.390663082437275762e+02,7.171505376344086358e+01
1.194453900709219738e+02,2.414794326241134570e+02,2.394981684981684964e+02,7.160439560439560580e+01
1.200474137931034448e+02,2.418979885057470938e+02,2.399518518518518135e+02,7.158333333333332860e+01
1.209672364672364608e+02,2.423490028490028294e+02,2.403192982456140214e+02,7.145263157894736139e+01
1.212278481012658204e+02,2.426469760900140500e+02,2.416011560693641513e+02,7.081310211946049549e+01
1.221604938271604937e+02,2.431028806584362201e+02,2.418053949903660680e+02,7.085934489402697523e+01
1.227463768115941889e+02,2.432913043478260988e+02,2.421791907514450770e+02,7.066859344894027117e+01
1.235164520743919780e+02,2.437253218884120258e+02,2.423088512241054389e+02,7.070998116760827656e+01
1.237590361445783174e+02,2.438527443105756163e+02,2.426120218579235086e+02,7.073588342440801569e+01
1.247310924369747909e+02,2.442072829131652441e+02,2.427638095238094991e+02,7.071809523809523057e+01
1.256666666666666572e+02,2.445491923641703238e+02,2.431507936507936165e+02,7.065674603174602453e+01
1.263473389355742142e+02,2.448235294117646959e+02,2.435543071161048658e+02,7.103370786516853741e+01
1.266047819971870609e+02,2.449409282700422068e+02,2.438540540540540462e+02,7.110630630630630833e+01
1.277398030942334657e+02,2.450436005625878977e+02,2.440358422939067964e+02,7.109677419354838435e+01
1.282978723404255277e+02,2.451517730496453851e+02,2.450354609929077867e+02,7.106914893617020823e+01
1.287590361445783174e+02,2.450562248995983907e+02,2.463236434108526964e+02,7.096317829457363757e+01
1.301964285714285836e+02,2.450625000000000000e+02,2.470058479532163744e+02,7.103703703703702388e+01
1.309316239316239319e+02,2.450256410256410220e+02,2.481345029239766120e+02,7.104873294346977275e+01
1.313829201101928277e+02,2.449889807162534225e+02,2.487005988023952057e+02,7.121756487025947990e+01
1.318000000000000114e+02,2.449180555555555259e+02,2.497073643410852526e+02,7.141666666666665719e+01
1.322606310013717348e+02,2.450480109739368970e+02,2.508862275449101844e+02,7.154091816367264300e+01
1.338168044077134766e+02,2.445440771349862246e+02,2.510406504065040565e+02,7.148983739837397877e+01
1.342280701754385746e+02,2.445303643724696485e+02,2.518968253968253919e+02,7.150198412698412653e+01
1.347181688125893970e+02,2.444535050071530691e+02,2.525730994152046662e+02,7.152631578947368496e+01
1.349225449515905950e+02,2.445380359612724703e+02,2.532797619047618980e+02,7.162301587301587347e+01
1.360194444444444457e+02,2.442888888888888630e+02,2.540843621399176868e+02,7.177777777777777146e+01
1.370885200553250058e+02,2.438838174273858783e+02,2.549830508474576334e+02,7.202448210922786132e+01
1.376033755274261523e+02,2.439071729957805985e+02,2.563195266272189201e+02,7.199211045364890538e+01
1.378019943019942843e+02,2.436737891737891744e+02,2.569924242424242493e+02,7.236174242424242209e+01
1.391708683473389385e+02,2.433053221288515431e+02,2.575837937384898737e+02,7.403130755064456991e+01
1.394252400548696755e+02,2.431522633744855852e+02,2.590655430711610165e+02,7.648689138576779101e+01
1.404212765957446720e+02,2.427049645390070793e+02,2.606609848484848158e+02,7.897537878787878185e+01
1.406694560669455996e+02,2.429358437935843824e+02,2.620000000000000000e+02,8.061261261261260813e+01
1.413953823953823985e+02,2.426002886002885930e+02,2.631019607843136896e+02,8.258823529411765207e+01
1.420041493775933645e+02,2.422614107883817383e+02,2.640436507936507837e+02,8.452579365079364493e+01
1.424180555555555259e+02,2.421472222222222115e+02,2.650890151515151274e+02,8.606818181818181301e+01
1.432681159420289703e+02,2.419449275362318588e+02,2.667452107279693223e+02,8.857471264367815422e+01
1.438921568627450824e+02,2.418165266106442459e+02,2.679789272030650977e+02,9.061111111111110006e+01
1.446889818688981677e+02,2.415969316596931549e+02,2.688528864059589978e+02,9.239478584729980071e+01
1.449327731092436977e+02,2.412184873949579753e+02,2.704662813102119117e+02,9.480539499036608220e+01
1.450382513661201926e+02,2.408674863387978178e+02,2.718688524590164093e+02,9.655555555555554292e+01
1.452052341597795930e+02,2.404931129476583749e+02,2.728097928436911275e+02,9.832768361581921113e+01
1.456867816091953785e+02,2.395201149425287213e+02,2.737419962335216042e+02,1.001242937853107406e+02
1.456209677419354875e+02,2.395685483870967687e+02,2.748696461824953303e+02,1.019255121042830439e+02
1.458748299319727835e+02,2.387102040816326394e+02,2.763574074074073792e+02,1.033499999999999943e+02
1.457300944669365492e+02,2.385708502024291420e+02,2.776038095238095025e+02,1.052552380952380844e+02
1.460571827057182475e+02,2.372761506276150669e+02,2.787842003853564279e+02,1.068420038535645347e+02
1.460623306233062237e+02,2.368875338753387325e+02,2.796764132553606146e+02,1.085653021442495003e+02
1.460341530054644750e+02,2.363483606557377072e+02,2.806322463768115654e+02,1.097463768115942031e+02
1.460550964187327736e+02,2.357506887052341540e+02,2.822841530054644750e+02,1.116375227686702942e+02
1.460470430107526738e+02,2.348803763440859882e+02,2.830738738738738789e+02,1.129387387387387207e+02
1.458575380359612552e+02,2.344923928077454889e+02,2.836205673758865373e+02,1.140904255319148888e+02
1.458232931726907680e+02,2.341485943775100509e+02,2.848558052434456727e+02,1.158314606741572987e+02
1.457280000000000086e+02,2.340533333333333132e+02,2.858095238095237960e+02,1.170934744268077452e+02
1.456626984126984041e+02,2.334259259259258954e+02,2.866300366300366136e+02,1.181208791208791240e+02
1.453576923076923038e+02,2.333269230769230660e+02,2.875749063670411942e+02,1.197191011235955074e+02
1.449234972677595294e+02,2.317732240437158282e+02,2.884740740740740534e+02,1.208462962962962877e+02
1.447729658792650866e+02,2.314540682414697983e+02,2.892662835249041677e+02,1.224367816091954069e+02
1.445287356321838956e+02,2.309961685823754749e+02,2.897652329749103615e+02,1.230322580645161281e+02
1.445247395833333144e+02,2.308763020833333144e+02,2.906941391941391544e+02,1.241868131868131826e+02
1.442352941176470722e+02,2.305137254901960659e+02,2.915593220338982974e+02,1.254821092278719306e+02
1.433863945578231096e+02,2.288163265306122582e+02,2.921046511627906739e+02,1.264031007751937921e+02
1.434369189907038447e+02,2.288764940239043710e+02,2.927975460122699474e+02,1.274519427402862846e+02
1.429565217391304373e+02,2.282252964426877497e+02,2.932461240310076960e+02,1.282209302325581461e+02
1.427978580990629212e+02,2.279277108433734895e+02,2.938681318681318544e+02,1.290274725274725256e+02
1.421580345285524345e+02,2.267144754316068997e+02,2.939284369114877222e+02,1.291902071563088441e+02
1.411947712418300682e+02,2.254196078431372428e+02,2.948026819923371704e+02,1.305823754789271902e+02
1.412200263504611257e+02,2.255217391304347814e+02,2.950824175824175768e+02,1.311373626373626280e+02
1.407455470737913288e+02,2.249491094147582544e+02,2.951966292134831633e+02,1.313202247191011338e+02
1.405414965986394407e+02,2.245442176870748199e+02,2.952519379844961236e+02,1.315968992248061795e+02
1.393626666666666551e+02,2.234066666666666663e+02,2.957629629629629449e+02,1.326444444444444457e+02
1.384580052493438131e+02,2.223005249343831906e+02,2.959532163742690045e+02,1.329844054580896682e+02
1.380615384615384755e+02,2.220525641025641050e+02,2.961601489757914010e+02,1.334227188081936504e+02
1.373503649635036368e+02,2.215948905109489147e+02,2.964618249534450456e+02,1.339013035381750285e+02
1.363927648578811045e+02,2.207196382428940353e+02,2.964118673647469109e+02,1.338411867364746684e+02
1.357172503242541950e+02,2.201180285343709215e+02,2.964703891708967944e+02,1.339729272419627648e+02
1.347160963244613185e+02,2.193409378960709546e+02,2.970411985018726568e+02,1.347359550561797619e+02
1.341219195849545827e+02,2.189014267185473273e+02,2.970697674418604493e+02,1.348391472868216852e+02
1.334559386973180040e+02,2.183588761174968056e+02,2.973315315315314820e+02,1.352576576576576315e+02
1.331164215686274304e+02,2.181372549019607732e+02,2.974175824175824232e+02,1.353956043956044084e+02
1.320770252324037131e+02,2.173120849933598606e+02,2.975128205128204968e+02,1.354230769230769340e+02
1.307601115760111554e+02,2.163695955369595367e+02,2.982281746031745797e+02,1.362500000000000000e+02
1.303488045007032383e+02,2.161026722925456909e+02,2.984451219512195053e+02,1.363191056910569046e+02
1.296072351421188671e+02,2.154147286821705336e+02,2.984451219512195053e+02,1.363191056910569046e+02
1.290510855683269256e+02,2.150255427841634628e+02,2.986512524084778306e+02,1.367552986512523887e+02
1.282905317769130988e+02,2.144526588845654942e+02,2.987853107344632804e+02,1.370094161958568577e+02
1.278478835978835946e+02,2.140330687830687566e+02,2.992790697674418539e+02,1.374593023255814046e+02
1.269705488621151233e+02,2.133748326639892809e+02,2.995461393596986568e+02,1.376930320150659099e+02
1.263228346456692890e+02,2.130000000000000000e+02,2.996391941391941032e+02,1.379010989010988908e+02
1.259034391534391375e+02,2.125066137566137456e+02,2.998100775193798313e+02,1.382209302325581461e+02
1.251902937420178716e+02,2.119169859514686891e+02,3.003888888888889142e+02,1.393240740740740762e+02
1.242853107344632662e+02,2.112697740112994325e+02,3.006285714285714334e+02,1.395104761904761972e+02
1.237923497267759529e+02,2.108224043715846960e+02,3.007734806629834452e+02,1.397753222836095688e+02
1.233674540682414715e+02,2.103897637795275557e+02,3.013438596491228054e+02,1.404403508771929694e+02
1.229667994687914927e+02,2.102284196547144575e+02,3.019599999999999795e+02,1.418190476190476090e+02
1.220397805212619886e+02,2.093292181069958815e+02,3.024897579143388953e+02,1.424283054003724374e+02
1.208347107438016508e+02,2.084049586776859542e+02,3.030540037243947609e+02,1.432216014897578873e+02
1.207199999999999989e+02,2.082400000000000091e+02,3.034787234042553337e+02,1.439858156028368796e+02
1.200625000000000000e+02,2.076627604166666572e+02,3.039373848987108317e+02,1.450092081031307316e+02
1.191543450064850731e+02,2.069468223086900025e+02,3.046461824953444761e+02,1.462048417132215832e+02
1.181721311475409806e+02,2.061598360655737565e+02,3.050897435897435912e+02,1.468809523809523796e+02
1.174373333333333278e+02,2.055759999999999934e+02,3.056703096539162061e+02,1.480036429872495205e+02
1.170990990990990923e+02,2.053166023166023137e+02,3.063116370808678539e+02,1.495779092702169351e+02
1.163514211886304821e+02,2.046705426356589044e+02,3.066931818181818130e+02,1.503598484848484702e+02
1.153811420982735569e+02,2.040531208499335776e+02,3.074775280898876417e+02,1.516104868913857615e+02
1.148153846153846160e+02,2.035846153846153754e+02,3.080871212121211897e+02,1.527386363636363740e+02
1.135608011444921175e+02,2.029327610872674938e+02,3.090647058823529392e+02,1.544607843137254690e+02
1.128746556473829088e+02,2.026570247933884161e+02,3.094488636363636260e+02,1.555625000000000000e+02
1.122745098039215748e+02,2.022065359477124105e+02,3.098851224105461029e+02,1.564350282485875709e+02
1.117674129353233781e+02,2.019900497512437596e+02,3.108987108655616680e+02,1.577495395948434407e+02
1.111145833333333286e+02,2.017343750000000000e+02,3.112105263157894797e+02,1.587491228070175282e+02
1.097981029810297997e+02,2.011869918699186996e+02,3.120198198198198156e+02,1.603099099099098908e+02
1.098782051282051242e+02,2.011141025641025522e+02,3.127718360071301049e+02,1.616559714795008915e+02
1.087051792828685279e+02,2.008193891102257567e+02,3.139126559714794666e+02,1.630285204991087369e+02
1.079213333333333225e+02,2.003799999999999955e+02,3.148411867364746968e+02,1.645514834205933710e+02
1.070394557823129134e+02,2.002394557823129162e+02,3.163479052823315101e+02,1.672495446265938028e+02
1.060275590551181040e+02,2.000564304461942129e+02,3.170677966101694665e+02,1.687099811676082766e+02
1.054650856389986728e+02,1.998432147562582202e+02,3.179868173258003594e+02,1.702241054613935773e+02
1.055654520917678667e+02,1.997300944669365492e+02,3.189702048417132119e+02,1.717914338919925399e+02
1.042379084967320182e+02,1.994300653594771120e+02,3.196209523809523603e+02,1.731409523809523705e+02
1.035160875160875094e+02,1.993783783783783861e+02,3.201293260473588020e+02,1.746102003642987199e+02
1.020323886639676090e+02,1.991511470985155086e+02,3.208131868131868032e+02,1.758864468864468904e+02
1.018415977961432475e+02,1.991680440771349652e+02,3.217193973634651343e+02,1.772372881355932179e+02
1.009960474308300462e+02,1.995520421607378125e+02,3.221781305114638485e+02,1.784479717813051138e+02
1.000637450199203187e+02,1.998247011952191201e+02,3.229521276595744439e+02,1.800283687943262123e+02
9.987320261437908187e+01,1.997516339869280841e+02,3.232965116279069662e+02,1.811065891472868259e+02
9.893175853018371413e+01,2.003149606299212735e+02,3.239737827715355252e+02,1.823052434456928665e+02
9.838742138364779066e+01,2.006704402515723302e+02,3.242704761904761881e+02,1.831599999999999966e+02
9.755382619974059821e+01,2.013683527885862361e+02,3.247712765957446663e+02,1.838262411347517400e+02
9.682566248256624419e+01,2.020111576011157410e+02,3.252209737827715230e+02,1.849269662921348356e+02
9.628571428571429180e+01,2.023183673469387713e+02,3.252477718360071322e+02,1.850855614973262107e+02
9.549795918367347269e+01,2.032204081632653185e+02,3.255017730496453510e+02,1.860336879432623789e+02
9.464344262295081478e+01,2.040532786885245855e+02,3.257183600713012197e+02,1.868074866310160473e+02
9.437777777777777999e+01,2.042784313725490222e+02,3.263563218390804650e+02,1.881398467432950099e+02
9.370110192837464069e+01,2.053471074380165362e+02,3.265711805555555429e+02,1.886736111111110858e+02
9.320765027322403284e+01,2.060081967213114638e+02,3.269945054945055176e+02,1.896446886446886140e+02
9.260060060060060039e+01,2.072852852852852550e+02,3.268627450980391700e+02,1.898663101604278154e+02
9.228654970760233311e+01,2.080277777777777430e+02,3.271399631675874389e+02,1.909060773480663045e+02
9.180028129395216752e+01,2.089789029535864984e+02,3.273045045045044503e+02,1.915405405405405475e+02
9.148770491803279015e+01,2.094617486338797789e+02,3.275380434782608745e+02,1.921594202898550350e+02
9.135772357723577386e+01,2.103360433604335924e+02,3.279108734402851724e+02,1.929786096256684402e+02
9.108997050147492303e+01,2.117374631268436360e+02,3.281590038314176354e+02,1.943141762452107173e+02
9.095299145299145493e+01,2.121524216524216513e+02,3.283939393939393767e+02,1.949886363636363740e+02
9.060818713450291284e+01,2.133099415204678166e+02,3.284794007490636432e+02,1.957378277153557917e+02
9.031149927219796325e+01,2.147088791848617007e+02,3.284395604395604664e+02,1.959798534798534604e+02
9.020057720057720019e+01,2.157489177489177621e+02,3.285532286212914528e+02,1.964275741710296472e+02
9.011399711399711521e+01,2.155945165945165627e+02,3.289504761904761381e+02,1.977295238095237835e+02
8.996498599439775035e+01,2.166918767507002599e+02,3.290990476190476102e+02,1.985066666666666606e+02
8.998888888888888005e+01,2.176902777777777658e+02,3.290234234234234236e+02,1.991225225225225017e+02
8.975808720112516426e+01,2.194655414908579303e+02,3.292327746741154328e+02,2.000782122905027904e+02
8.972151898734176712e+01,2.207735583684950598e+02,3.291191709844559341e+02,2.002953367875647643e+02
8.964255319148935541e+01,2.215546099290779978e+02,3.298467432950191096e+02,2.022777777777777430e+02
8.955874316939890889e+01,2.224754098360655803e+02,3.298428030303030027e+02,2.029621212121211897e+02
8.945207439198854615e+01,2.235808297567953957e+02,3.298323586744639329e+02,2.042923976608187218e+02
8.936065573770491710e+01,2.254535519125682868e+02,3.300398550724637516e+02,2.051865942028985330e+02
8.945056497175140464e+01,2.264322033898305051e+02,3.302846441947565381e+02,2.065749063670411658e+02
8.953531073446326616e+01,2.277019774011299376e+02,3.305290697674418539e+02,2.078178294573643257e+02
8.943548387096774377e+01,2.286330645161290249e+02,3.304636871508379841e+02,2.089571694599627278e+02
8.960826210826209604e+01,2.301566951566951502e+02,3.306609848484848158e+02,2.108276515151515014e+02
8.964926372155287027e+01,2.305113788487282136e+02,3.309444444444444002e+02,2.119808429118773745e+02
8.970092226613965636e+01,2.315309617918313450e+02,3.304642857142857224e+02,2.138849206349206327e+02
9.025066666666666038e+01,2.330159999999999911e+02,3.291666666666666288e+02,2.157490636704119709e+02
9.036197916666665719e+01,2.339778645833333144e+02,3.280936329588014928e+02,2.180992509363295824e+02
9.059244264507421462e+01,2.346045883940620627e+02,3.272849462365591648e+02,2.204695340501791918e+02
9.085066666666665469e+01,2.358733333333333064e+02,3.264296296296296305e+02,2.226925925925925753e+02
9.098775510204082195e+01,2.367006802721088263e+02,3.257052023121387379e+02,2.245433526011560730e+02
9.143153526970954204e+01,2.377759336099585141e+02,3.250273224043716027e+02,2.258961748633879836e+02
9.181768707482993364e+01,2.387333333333333201e+02,3.244583333333333144e+02,2.278541666666666288e+02
9.202213541666665719e+01,2.395533854166666572e+02,3.243977900552486062e+02,2.293646408839778985e+02
9.236194563662374435e+01,2.404120171673819755e+02,3.244502923976608031e+02,2.311189083820662518e+02
9.276248313090417241e+01,2.410917678812415659e+02,3.243333333333333144e+02,2.326174242424242209e+02
9.308130081300812719e+01,2.420650406504065018e+02,3.240879120879121160e+02,2.340677655677655480e+02
9.351452282157676166e+01,2.428437067773167257e+02,3.239540229885057556e+02,2.354750957854406010e+02
9.399475065616796599e+01,2.435393700787401485e+02,3.234444444444444002e+02,2.369233716475095548e+02
9.421141374837871751e+01,2.441387808041504570e+02,nan,nan
9.466938775510203641e+01,2.448761904761904589e+02,3.228116760828625047e+02,2.390357815442560820e+02
9.506878306878306262e+01,2.457685185185185048e+02,3.221130604288498489e+02,2.404580896686159690e+02
9.551291989664082394e+01,2.462002583979327994e+02,3.218870056497175369e+02,2.409435028248587685e+02
9.596325459317584716e+01,2.471102362204724443e+02,3.211618497109826649e+02,2.423718689788053666e+02
9.661942257217847896e+01,2.478595800524934134e+02,3.210655430711610165e+02,2.427453183520599111e+02
9.730894308943089754e+01,2.485609756097560989e+02,3.207956989247311981e+02,2.439283154121863788e+02
9.852298850574712219e+01,2.493448275862068897e+02,nan,nan
9.919559228650136617e+01,2.500440771349862246e+02,3.199766081871345023e+02,2.452358674463937405e+02
9.977049180327868783e+01,2.505942622950819612e+02,3.193872832369942216e+02,2.460520231213872933e+02
1.003238482384823698e+02,2.510718157181571826e+02,3.193586744639375752e+02,2.464697855750487179e+02
1.008924731182795682e+02,2.515672043010752645e+02,3.187392923649906606e+02,2.472960893854748576e+02
1.016341807909604427e+02,2.519802259887005391e+02,3.184568627450980216e+02,2.481568627450980387e+02
1.025843621399177010e+02,2.524759945130315373e+02,3.183079710144927503e+02,2.486014492753623131e+02
1.027853107344632662e+02,2.527259887005649546e+02,3.177466666666666697e+02,2.494628571428571320e+02
1.038166666666666629e+02,2.533319444444444457e+02,3.174521276595744439e+02,2.498439716312056476e+02
1.046212765957446749e+02,2.537347517730496236e+02,3.170163043478260647e+02,2.508405797101449082e+02
1.049777777777777743e+02,2.539791666666666572e+02,3.167962962962962479e+02,2.514370370370370154e+02
1.057283950617283921e+02,2.542853223593964174e+02,3.165874769797421209e+02,2.520202578268876437e+02
1.063875000000000028e+02,2.546388888888888573e+02,3.162449355432780749e+02,2.528692449355432643e+02
1.067843137254901933e+02,2.548575163398692780e+02,3.159092495636998024e+02,2.537172774869110015e+02
1.082295988934993005e+02,2.553997233748270901e+02,3.157343750000000000e+02,2.541805555555555429e+02
1.088874643874643766e+02,2.555512820512820440e+02,3.154199623352165531e+02,2.550922787193973420e+02
1.100881057268722429e+02,2.557547723935389001e+02,3.152350674373795414e+02,2.558169556840076666e+02
1.112319444444444372e+02,2.560874999999999773e+02,3.150526315789473415e+02,2.563508771929824661e+02
1.116780141843971563e+02,2.564950354609928809e+02,3.145502645502645578e+02,2.575573192239858713e+02
1.129581529581529509e+02,2.567099567099567139e+02,3.143180076628352140e+02,2.581992337164750779e+02
1.125986111111110972e+02,2.567805555555555088e+02,3.140210727969348454e+02,2.590785440613026935e+02
1.142289855072463638e+02,2.569985507246376528e+02,3.139406130268199036e+02,2.601877394636015310e+02
1.148965517241379359e+02,2.572097701149425006e+02,3.138703703703703809e+02,2.607259259259259352e+02
1.156331938633193772e+02,2.576555090655509161e+02,3.135580110497237456e+02,2.610718232044198999e+02
1.160787401574803113e+02,2.577375328083989530e+02,3.130851851851851393e+02,2.626537037037036839e+02
1.171611111111110972e+02,2.579569444444444457e+02,3.130416666666666288e+02,2.629692028985506909e+02
1.182713498622589441e+02,2.580771349862258717e+02,3.130338983050847332e+02,2.637740112994350170e+02
1.194652173913043498e+02,2.583855072463767897e+02,3.129982078853046232e+02,2.643799283154122008e+02
1.202655367231638337e+02,2.585720338983051079e+02,3.125183150183149792e+02,2.654267399267399128e+02
1.211101813110181240e+02,2.587615062761506124e+02,3.123199999999999932e+02,2.659942857142856951e+02
1.223718459495351851e+02,2.586786188579017107e+02,3.119409722222222285e+02,2.671423611111110858e+02
1.237074829931972744e+02,2.587619047619047592e+02,3.119027777777777715e+02,2.677413194444444002e+02
1.246376811594202820e+02,2.587312252964426875e+02,3.118134057971014386e+02,2.686503623188405641e+02
1.261330589849108321e+02,2.586488340192044006e+02,3.111147540983606632e+02,2.700127504553734070e+02
1.267341430499325128e+02,2.586545209176787807e+02,3.110968342644320046e+02,2.700912476722532460e+02
1.275236167341430473e+02,2.585168690958164461e+02,3.109384057971014386e+02,2.708297101449275033e+02
1.283605442176870781e+02,2.585741496598639628e+02,3.107713178294573595e+02,2.719108527131782580e+02
1.293292847503373650e+02,2.584979757085019969e+02,3.107713178294573595e+02,2.719108527131782580e+02
1.301311475409836191e+02,2.583456284153005527e+02,3.103942857142857292e+02,2.734361904761904611e+02
1.310593220338982974e+02,2.583827683615818955e+02,3.103891891891892101e+02,2.737567567567567721e+02
1.323792592592592428e+02,2.580755555555555816e+02,3.102523020257826829e+02,2.742430939226519513e+02
1.334948604992657692e+02,2.578414096916299627e+02,3.100561594202898164e+02,2.747318840579710013e+02
1.335534105534105436e+02,2.579755469755469335e+02,3.100519713261648462e+02,2.751845878136200554e+02
1.344132791327913310e+02,2.578834688346883013e+02,3.100742857142857360e+02,2.755942857142857179e+02
1.350669398907103584e+02,2.577008196721311606e+02,3.098589743589743080e+02,2.763058608058607888e+02
1.363590785907858844e+02,2.574796747967479860e+02,3.096628352490421321e+02,2.766475095785440317e+02
1.369136786188578867e+02,2.573346613545816695e+02,3.095852713178294380e+02,2.775387596899224718e+02
1.373504611330698140e+02,2.573662714097496860e+02,3.095852713178294380e+02,2.775387596899224718e+02
1.385809523809523682e+02,2.570816326530612059e+02,3.092540540540540519e+02,2.781243243243243342e+02
1.397069444444444457e+02,2.567638888888888573e+02,3.091933701657458755e+02,2.784696132596685061e+02
1.410585774058577329e+02,2.563026499302649768e+02,3.090949612403100559e+02,2.795019379844961236e+02
1.415829959514169900e+02,2.561956815114709798e+02,3.090734126984126533e+02,2.795376984126983757e+02
1.430763052208835404e+02,2.555863453815261153e+02,3.089055555555555657e+02,2.798092592592592496e+02
1.440163265306122469e+02,2.553061224489795791e+02,3.088126126126126110e+02,2.799729729729729684e+02
1.445617529880478003e+02,2.552589641434262830e+02,3.086243093922652179e+02,2.806685082872928092e+02
1.460577956989247070e+02,2.546102150537634259e+02,3.084394785847299545e+02,2.807504655493481778e+02
1.469865047233468260e+02,2.541727395411605812e+02,3.080498084291187411e+02,2.821417624521072867e+02
1.484822134387351866e+02,2.533913043478260931e+02,3.078990476190475647e+02,2.817733333333333121e+02
1.492786458333333144e+02,2.531289062500000000e+02,3.070699815837937194e+02,2.829226519337016725e+02
1.508777777777777658e+02,2.521597222222222001e+02,3.068481481481481410e+02,2.833240740740740193e+02
1.518866396761133615e+02,2.515654520917678667e+02,3.065380434782608745e+02,2.837971014492753739e+02
1.528773333333333255e+02,2.511080000000000041e+02,3.062558139534883708e+02,2.844496124031007298e+02
1.537565104166666572e+02,2.505911458333333144e+02,3.059540229885057556e+02,2.849003831417624610e+02
1.546344916344916101e+02,2.502985842985842737e+02,3.056934046345810998e+02,2.854117647058823763e+02
1.555265151515151558e+02,2.498295454545454675e+02,3.052838095238095093e+02,2.863238095238095298e+02
1.572483912483912434e+02,2.487631917631917418e+02,3.049023941068139720e+02,2.868895027624309364e+02
1.577666666666666515e+02,2.485666666666666345e+02,3.048119180633146925e+02,2.872886405959031322e+02
1.585681511470984901e+02,2.480809716599190153e+02,3.043505747126436631e+02,2.873735632183908137e+02
1.593862433862433647e+02,2.477896825396825307e+02,3.032605363984674227e+02,2.874463601532567054e+02
1.601775223499361118e+02,2.471621966794380398e+02,3.020528233151183599e+02,2.876703096539162061e+02
1.619670619235836568e+02,2.461185770750988127e+02,3.012746212121211897e+02,2.877803030303030027e+02
1.626811023622047117e+02,2.456850393700787265e+02,3.006804733727810799e+02,2.880295857988165835e+02
1.634086845466155751e+02,2.452464878671775068e+02,3.003641618497109675e+02,2.881618497109826649e+02
1.642621870882740325e+02,2.447167325428194715e+02,3.000904255319148888e+02,2.879432624113475185e+02
1.653497474747474598e+02,2.441527777777777715e+02,3.000530303030302548e+02,2.880965909090909349e+02
1.663025210084033745e+02,2.432380952380952408e+02,2.994624277456647405e+02,2.886416184971098460e+02
1.670820105820105823e+02,2.427089947089947088e+02,2.992490196078430813e+02,2.889980392156862763e+02
1.678346666666666636e+02,2.423319999999999936e+02,2.992868217054263482e+02,2.889980620155038764e+02
1.681673151750972863e+02,2.422088197146562720e+02,2.993582375478927133e+02,2.889406130268199036e+02
1.687265306122448862e+02,2.416231292517006750e+02,2.987928436911487324e+02,2.895216572504708097e+02
1.689591836734693970e+02,2.407931972789115491e+02,2.982790262172284770e+02,2.901797752808988662e+02
1.693089430894308975e+02,2.393590785907858844e+02,2.982011173184357631e+02,2.900856610800744875e+02
1.692784471218205908e+02,2.383012048192771033e+02,2.979862745098039341e+02,2.901411764705882206e+02
1.695288713910761089e+02,2.377257217847768800e+02,2.981111111111110858e+02,2.899655172413793025e+02
1.694926372155287595e+02,2.372248995983935629e+02,2.977490196078430813e+02,2.895745098039215577e+02
1.693347280334727998e+02,2.360990237099023545e+02,2.970962962962962592e+02,2.896092592592592609e+02
1.691330749354004865e+02,2.358772609819121158e+02,2.972485875706214529e+02,2.890395480225988649e+02
1.692890625000000000e+02,2.357747395833333144e+02,2.972485875706214529e+02,2.890395480225988649e+02
1.686307311028500635e+02,2.345824039653035982e+02,2.972485875706214529e+02,2.890395480225988649e+02
1.687982456140350678e+02,2.348095238095237960e+02,2.975128205128204968e+02,2.887889546351084391e+02
1.681908496732025924e+02,2.337019607843137123e+02,2.976333333333333258e+02,2.881907407407406936e+02
1.675162601626016396e+02,2.326653116531165324e+02,2.971358024691357969e+02,2.886225749559082487e+02
1.674326797385620864e+02,2.327568627450980330e+02,2.969538152610441557e+02,2.887389558232931677e+02
1.671288723667905742e+02,2.323308550185873571e+02,2.965008912655971471e+02,2.889376114081996434e+02
1.669255189255189293e+02,2.321721611721611680e+02,2.963497267759562988e+02,2.890783242258651740e+02
1.660230769230769283e+02,2.309384615384615245e+02,2.955266272189348911e+02,2.892386587771202926e+02
1.656007751937984551e+02,2.302118863049095410e+02,2.955257936507936165e+02,2.892658730158730123e+02
1.652464878671775068e+02,2.298901660280970418e+02,2.954950690335305694e+02,2.892189349112426271e+02
1.646105006105005941e+02,2.291379731379731197e+02,2.942635658914728651e+02,2.895503875968992133e+02
1.642666666666666515e+02,2.286678571428571445e+02,2.942400793650793389e+02,2.896765873015872899e+02
1.629864698646986199e+02,2.269643296432964235e+02,2.932654320987654160e+02,2.892736625514402817e+02
1.627333333333333201e+02,2.265345029239765893e+02,2.932954091816366713e+02,2.887485029940119716e+02
1.619639303482586854e+02,2.257997512437810883e+02,2.931349693251533495e+02,2.886809815950920211e+02
1.610804597701149419e+02,2.248646232439335790e+02,2.930598802395209646e+02,2.886407185628742695e+02
1.597800000000000011e+02,2.234146666666666476e+02,2.924406779661017026e+02,2.888493408662899924e+02
1.588152309612983686e+02,2.225680399500623992e+02,2.913534136546184641e+02,2.885722891566264821e+02
1.584182272159800107e+02,2.221360799001248267e+02,2.909689922480620226e+02,2.888488372093023031e+02
1.575913580246913455e+02,2.214481481481481353e+02,2.910114285714285529e+02,2.888647619047618491e+02
1.562618135376755788e+02,2.206232439335887534e+02,2.902978303747534028e+02,2.889921104536488770e+02
1.553756218905472508e+02,2.199552238805970035e+02,2.901021194605009441e+02,2.890847784200385036e+02
1.538367071524966150e+02,2.190337381916329207e+02,2.892080808080807515e+02,2.893515151515151729e+02
1.533294270833333144e+02,2.188294270833333144e+02,2.886460905349794075e+02,2.894279835390946118e+02
1.521830808080808026e+02,2.183434343434343248e+02,2.878114285714285643e+02,2.899923809523809268e+02
1.513967661691542048e+02,2.180024875621890317e+02,2.871206896551724412e+02,2.902432950191570740e+02
1.504785353535353352e+02,2.175328282828282624e+02,2.867234432234432120e+02,2.904468864468864240e+02
1.490823529411764810e+02,2.169084967320261228e+02,nan,nan
1.478467741935483843e+02,2.163588709677419217e+02,2.844700374531835223e+02,2.911779026217228079e+02
1.470986666666666451e+02,2.160440000000000111e+02,2.842504604051565025e+02,2.911252302025782797e+02
1.459501312335957834e+02,2.156220472440944889e+02,2.834028520499108481e+02,2.916060606060605664e+02
1.450377358490566166e+02,2.154025157232704260e+02,2.822905027932960706e+02,2.920633147113593964e+02
1.435504840940525355e+02,2.148395573997233612e+02,2.812814371257484822e+02,2.922854291417165769e+02
1.424986876640419950e+02,2.145669291338582809e+02,2.808857142857143003e+02,2.922152380952380781e+02
1.412879377431906676e+02,2.139597924773021873e+02,2.805447619047618559e+02,2.923428571428571558e+02
1.403346508563899704e+02,2.137536231884057827e+02,2.800612612612612224e+02,2.925351351351351354e+02
1.388149659863945544e+02,2.131374149659863804e+02,2.792404371584699447e+02,2.925555555555555429e+02
1.381848852901484292e+02,2.131174089068825879e+02,2.786994535519125407e+02,2.927030965391621180e+02
1.372257636122177757e+02,2.127543160690570971e+02,2.786743295019156790e+02,2.924942528735631981e+02
1.365353535353535221e+02,2.126186868686868365e+02,2.787348484848484418e+02,2.924943181818181870e+02
1.341142473118279383e+02,2.127352150537634259e+02,2.781050724637680673e+02,2.927336956521739353e+02
1.337902187902187734e+02,2.125431145431145410e+02,2.779447513812154966e+02,2.927992633517495165e+02
1.324551282051281760e+02,2.125525641025641050e+02,2.768695652173913118e+02,2.931884057971014386e+02
1.313754940711462496e+02,2.127496706192358147e+02,2.772313296903460582e+02,2.929362477231329649e+02
1.298533333333333246e+02,2.131773333333333085e+02,2.772313296903460582e+02,2.929362477231329649e+02
1.294000000000000057e+02,2.131735849056603911e+02,2.772313296903460582e+02,2.929362477231329649e+02
1.286654501216544872e+02,2.131982968369829621e+02,2.769179755671901830e+02,2.930855148342059238e+02
1.264813333333333247e+02,2.138333333333333144e+02,2.763561904761904202e+02,2.931161904761904680e+02
1.257764857881136891e+02,2.140801033591731084e+02,2.762933333333332939e+02,2.930761904761904475e+02
1.248262548262548250e+02,2.142985842985842737e+02,2.762933333333332939e+02,2.930761904761904475e+02
1.243762254901960631e+02,2.145367647058823479e+02,2.761847619047618991e+02,2.928323809523809587e+02
1.225171957671957585e+02,2.151891534391534435e+02,2.758210922787193908e+02,2.928512241054613696e+02
1.209045643153527010e+02,2.156652835408021929e+02,2.756509803921568391e+02,2.928431372549019329e+02
1.203884408602150557e+02,2.158857526881720332e+02,2.758305084745762770e+02,2.926026365348399167e+02
1.196481481481481381e+02,2.160185185185185048e+02,2.758305084745762770e+02,2.926026365348399167e+02
1.187981029810297997e+02,2.164336043360433450e+02,2.757713178294573595e+02,2.926298449612402806e+02
1.179661458333333286e+02,2.166757812500000000e+02,2.755020080321284581e+02,2.925421686746988144e+02
1.159689265536723042e+02,2.176285310734463110e+02,2.749428007889546279e+02,2.925838264299802631e+02
1.151666666666666572e+02,2.179836065573770441e+02,2.748627450980392268e+02,2.924823529411764866e+02
1.149455252918287869e+02,2.181024643320363054e+02,2.748627450980392268e+02,2.924823529411764866e+02
1.145992217898832735e+02,2.181919584954604261e+02,2.746064257028112365e+02,2.924277108433735179e+02
1.124541832669322758e+02,2.191673306772908347e+02,2.744502923976608031e+02,2.921832358674463421e+02
1.117975206611570229e+02,2.195991735537189982e+02,2.743254437869822482e+02,2.921203155818540154e+02
1.109166666666666572e+02,2.200729166666666572e+02,2.740719696969696884e+02,2.921022727272727479e+02
1.097028112449799266e+02,2.206921017402945040e+02,2.740515653775321994e+02,2.921675874769796906e+02
1.084475065616797735e+02,2.212900262467191510e+02,2.738805394990365585e+02,2.921290944123313693e+02
1.074241245136186791e+02,2.216744487678339510e+02,2.736480446927374146e+02,2.922253258845437358e+02
1.058663967611336005e+02,2.227179487179487012e+02,nan,nan
1.053147410358565708e+02,2.229641434262948110e+02,2.734728682170542129e+02,2.919573643410852810e+02
1.045294117647058840e+02,2.233228758169934451e+02,2.733201506591336738e+02,2.919623352165724555e+02
1.030577956989247213e+02,2.239784946236559051e+02,2.731596806387225342e+02,2.920259481037923592e+02
1.022071713147410321e+02,2.244116865869853825e+02,2.726666666666666288e+02,2.919764705882353155e+02
1.004704301075268660e+02,2.253575268817204176e+02,2.725254901960784082e+02,2.919764705882353155e+02
9.959043927648578176e+01,2.258229974160206552e+02,2.724899598393574252e+02,2.919277108433735179e+02
9.881733333333332325e+01,2.262973333333333130e+02,2.720620155038759549e+02,2.918604651162790447e+02
9.751101928374654904e+01,2.268677685950413263e+02,2.720620155038759549e+02,2.918604651162790447e+02
9.640051679586562727e+01,2.273863049095607209e+02,2.722945736434108426e+02,2.918275193798449436e+02
9.511924119241191988e+01,2.280392953929539317e+02,2.718111753371868531e+02,2.918381502890173351e+02
9.420185922974766868e+01,2.285976095617529893e+02,2.715823293172690569e+02,2.920140562248995479e+02
9.361261261261260813e+01,2.289150579150579290e+02,2.713564547206165685e+02,2.919537572254335487e+02
9.197089947089946804e+01,2.298730158730158735e+02,2.713564547206165685e+02,2.919537572254335487e+02
9.119544846050868614e+01,2.302449799196787126e+02,2.713564547206165685e+02,2.919537572254335487e+02
8.979265091863516091e+01,2.308320209973753094e+02,2.708333333333333144e+02,2.920508130081300351e+02
8.932291666666665719e+01,2.310820312500000000e+02,2.712042389210018882e+02,2.917398843930635621e+02
8.851272264631042219e+01,2.315063613231552040e+02,2.710921568627450711e+02,2.917764705882352700e+02
8.733598937583001032e+01,2.321925630810092684e+02,2.711051587301587347e+02,2.917321428571428328e+02
8.637254901960784537e+01,2.328104575163398522e+02,2.710794573643410672e+02,2.918895348837209553e+02
8.540000000000000568e+01,2.333760000000000048e+02,2.711490196078431154e+02,2.920352941176470836e+02
8.458133333333333326e+01,2.341773333333333085e+02,2.714039215686274247e+02,2.918215686274509721e+02
8.380408163265306598e+01,2.347537414965986216e+02,2.715670498084290898e+02,2.917452107279693223e+02
8.290682414698162006e+01,2.357519685039370074e+02,2.715670498084290898e+02,2.917452107279693223e+02
8.240573770491803884e+01,2.363756830601092815e+02,2.720724637681159379e+02,2.918278985507246261e+02
8.130068027210883486e+01,2.378680272108843496e+02,2.719474747474747005e+02,2.920929292929292842e+02
8.082804232804231503e+01,2.383068783068782750e+02,2.720588235294117680e+02,2.919588235294117453e+02
8.050440251572325678e+01,2.387685534591194880e+02,2.720000000000000000e+02,2.919642857142857224e+02
8.026098191214470035e+01,2.391989664082687170e+02,2.720000000000000000e+02,2.919642857142857224e+02
7.915708812260535865e+01,2.409885057471264247e+02,2.721233140655105558e+02,2.920423892100192234e+02
7.888582677165354085e+01,2.410931758530183515e+02,2.718275862068965694e+02,2.922011494252873831e+02
7.840608465608464428e+01,2.420304232804232640e+02,2.720753295668549754e+02,2.921676082862523458e+02
7.794529262086513199e+01,2.430292620865139952e+02,2.722107279693486248e+02,2.920747126436781400e+02
7.766666666666665719e+01,2.436019283746556425e+02,2.719512670565301846e+02,2.922904483430799019e+02
7.727371273712736865e+01,2.444132791327913310e+02,2.720019379844961236e+02,2.922693798449612359e+02
7.674929971988794364e+01,2.455560224089635710e+02,2.719623352165724555e+02,2.919868173258003594e+02
7.648898071625343675e+01,2.462203856749311228e+02,2.721657250470809686e+02,2.918851224105461029e+02
7.613249651324963452e+01,2.465620641562063895e+02,2.722624521072796711e+02,2.918045977011494188e+02
7.594270833333332860e+01,2.474010416666666572e+02,2.722708333333333144e+02,2.918352272727272521e+02
7.549180327868852203e+01,2.483592896174863256e+02,2.722771317829457303e+02,2.918313953488371908e+02
7.545864661654135830e+01,2.487869674185463396e+02,2.721055555555555543e+02,2.916092592592592609e+02
7.493965517241379359e+01,2.498951149425287213e+02,2.718707070707070557e+02,2.916424242424242266e+02
7.461179698216734835e+01,2.508436213991769534e+02,2.717884231536925768e+02,2.917005988023952341e+02
7.429292929292928704e+01,2.515974025974026063e+02,2.718707070707070557e+02,2.916424242424242266e+02
7.416464237516868252e+01,2.518286099865047163e+02,2.717884231536925768e+02,2.917005988023952341e+02
7.401874163319945410e+01,2.527684069611780160e+02,nan,nan
7.382384823848236977e+01,2.537018970189701861e+02,2.712111801242235742e+02,2.917204968944099619e+02
7.360382513661201642e+01,2.543032786885245855e+02,2.712111801242235742e+02,2.917204968944099619e+02
7.351709401709402414e+01,2.558888888888888857e+02,2.710900383141762404e+02,2.915996168582375390e+02
7.341666666666665719e+01,2.559754098360655803e+02,2.709376218323586727e+02,2.916666666666666856e+02
7.341666666666665719e+01,2.573385416666666288e+02,2.703788819875776426e+02,2.917577639751552852e+02
7.353227931488800095e+01,2.584914361001317502e+02,2.704615384615384528e+02,2.914595660749506578e+02
7.336964980544746595e+01,2.591997405966277483e+02,2.705497076023391969e+02,2.914015594541910446e+02
7.341944444444443718e+01,2.600152777777777828e+02,2.702057142857142935e+02,2.914666666666666401e+02
7.351347517730495440e+01,2.611631205673758700e+02,2.702285714285714562e+02,2.914666666666666401e+02
7.373640167364017373e+01,2.625285913528591095e+02,2.694508670520231135e+02,2.917360308285163342e+02
7.362962962962963331e+01,2.625898491083676163e+02,2.694419047619047092e+02,2.916590476190476124e+02
7.365897435897434775e+01,2.632333333333332916e+02,2.692935606060605664e+02,2.917329545454545610e+02
7.356194125159640862e+01,2.640166028097062281e+02,2.694078431372548721e+02,2.916941176470588175e+02
7.360231660231660555e+01,2.646074646074645784e+02,2.689927536231883778e+02,2.921576086956521863e+02
7.381707317073170316e+01,2.656720867208671848e+02,2.687148594377509880e+02,2.922891566265060419e+02
7.408333333333332860e+01,2.670913978494623393e+02,2.688057142857142594e+02,2.923504761904761722e+02
7.410655737704918522e+01,2.671133879781420433e+02,2.688057142857142594e+02,2.923504761904761722e+02
7.438841807909604142e+01,2.682782485875706016e+02,2.688057142857142594e+02,2.923504761904761722e+02
7.419163292847503044e+01,2.684817813765181995e+02,2.688057142857142594e+02,2.923504761904761722e+02
7.425482093663910632e+01,2.690785123966942365e+02,2.688441814595660730e+02,2.925719921104536070e+02
7.438286479250334082e+01,2.696305220883534162e+02,2.691638733705772779e+02,2.925214152700186219e+02
7.450476190476189231e+01,2.700653061224489875e+02,2.695279383429672180e+02,2.926396917148362036e+02
7.481439393939393767e+01,2.713207070707070443e+02,2.694380952380952294e+02,2.926666666666666288e+02
7.512287581699345651e+01,2.719228758169934395e+02,2.692592592592592382e+02,2.929337231968810897e+02
7.522969187675069236e+01,2.732703081232492650e+02,2.692887596899224718e+02,2.930426356589147190e+02
7.532388663967611819e+01,2.737004048582995779e+02,2.694003831417624610e+02,2.930689655172413950e+02
7.553100775193797745e+01,2.741072351421188387e+02,2.698264299802761457e+02,2.930335305719921166e+02
7.598360655737704406e+01,2.753346994535518775e+02,2.697460317460316901e+02,2.931150793650793389e+02
7.627638888888888857e+01,2.757305555555555543e+02,2.698869395711500943e+02,2.930389863547758296e+02
7.655006858710561346e+01,2.761947873799725244e+02,2.699844054580896682e+02,2.930448343079921756e+02
7.751004016064257485e+01,2.772168674698795030e+02,2.703980952380952090e+02,2.932342857142857042e+02
7.819376693766936626e+01,2.781734417344172812e+02,2.703980952380952090e+02,2.932342857142857042e+02
7.876462585034012420e+01,2.786761904761904134e+02,2.703980952380952090e+02,2.932342857142857042e+02
7.875866666666665594e+01,2.788186666666666156e+02,2.703980952380952090e+02,2.932342857142857042e+02
7.903373819163292069e+01,2.792982456140350678e+02,2.701076604554864957e+02,2.933209109730848922e+02
7.954116059379215642e+01,2.799379217273953486e+02,2.701005917159763499e+02,2.934220907297830081e+02
8.026958831341300993e+01,2.804568393094289149e+02,2.700396825396825307e+02,2.934642857142857224e+02
8.105058365758755201e+01,2.811063553826199382e+02,2.700396825396825307e+02,2.934642857142857224e+02
8.224631860776437975e+01,2.819183400267737056e+02,2.700396825396825307e+02,2.934642857142857224e+02
8.221621621621621046e+01,2.819562419562419109e+02,2.697443181818181870e+02,2.934772727272727479e+02
8.300911458333332860e+01,2.825611979166666288e+02,2.699120879120878840e+02,2.934945054945055176e+02
8.384383202099736820e+01,2.830616797900262327e+02,2.698943533697631665e+02,2.935282331511839402e+02
8.477606177606178051e+01,2.836293436293436230e+02,2.694878957169459568e+02,2.938472998137802392e+02
8.513333333333333997e+01,2.839346405228757817e+02,2.695377532228360451e+02,2.937882136279926044e+02
8.644356955380575869e+01,2.847139107611548638e+02,2.688166666666666629e+02,2.942240740740740534e+02
8.718732782369146150e+01,2.850936639118456810e+02,2.686396396396395971e+02,2.942180180180179718e+02
8.786640211640211362e+01,2.854907407407407050e+02,2.687427536231883778e+02,2.942318840579710013e+02
8.882133333333332814e+01,2.859879999999999995e+02,2.679927140255009022e+02,2.943861566484517311e+02
8.968880208333332860e+01,2.863085937500000000e+02,2.677727272727272521e+02,2.944564393939393767e+02
9.032093663911844317e+01,2.868168044077134482e+02,2.673050847457627128e+02,2.944048964218455353e+02
9.147523427041498678e+01,2.872570281124498024e+02,2.667599206349206042e+02,2.947182539682539755e+02
9.222222222222221433e+01,2.875433604336042777e+02,2.666245210727969379e+02,2.947720306513409696e+02
9.296179183135704704e+01,2.877364953886692547e+02,2.661537037037036839e+02,2.943222222222221944e+02
9.379716312056737593e+01,2.879219858156027954e+02,2.661950354609928695e+02,2.935921985815602397e+02
9.534305555555555145e+01,2.881430555555555202e+02,2.652599206349206042e+02,2.933988095238095184e+02
9.613636363636364024e+01,2.882947658402203501e+02,2.650622710622710088e+02,2.927472527472527304e+02
9.719971870604781827e+01,2.884275668073136103e+02,2.650814814814814895e+02,2.922166666666666401e+02
9.824649859943976082e+01,2.885252100840336311e+02,2.651801801801801730e+02,2.915279279279279194e+02
9.920641562064155039e+01,2.884435146443514668e+02,2.650695187165775337e+02,2.910802139037432994e+02
9.963319386331937721e+01,2.884449093444908954e+02,2.639717171717171595e+02,2.906626262626262474e+02
1.004985754985754909e+02,2.884059829059829099e+02,2.634980158730158450e+02,2.901269841269840981e+02
1.013757062146892594e+02,2.883361581920903518e+02,2.631129943502824631e+02,2.897137476459510026e+02
1.020636856368563627e+02,2.883997289972899694e+02,2.627172284644194633e+02,2.889531835205992252e+02
1.032581063553826084e+02,2.881517509727626702e+02,2.623245614035087669e+02,2.886491228070175339e+02
1.033719999999999999e+02,2.881186666666666270e+02,2.616315789473684390e+02,2.877504873294346908e+02
1.050041666666666629e+02,2.878541666666666856e+02,2.618049242424242493e+02,2.876212121212120678e+02
1.056404958677685926e+02,2.877024793388429771e+02,2.614991087344028529e+02,2.871194295900177735e+02
1.060433070866141776e+02,2.877716535433070817e+02,2.614340659340659272e+02,2.865641025641025408e+02
1.074156706507304051e+02,2.874528552456839066e+02,2.611593406593406712e+02,2.861245421245421312e+02
1.086450742240215845e+02,2.871497975708501826e+02,2.607176470588235020e+02,2.853176470588235247e+02
1.091416666666666657e+02,2.868930555555555202e+02,2.608380414312617290e+02,2.852617702448210366e+02
1.100536723163841657e+02,2.868107344632767877e+02,2.606304761904761449e+02,2.848419047619047433e+02
1.111520223152022311e+02,2.864044630404462737e+02,2.605214152700186219e+02,2.846610800744878702e+02
1.113726287262872461e+02,2.865081300813008056e+02,2.604990583804142830e+02,2.846497175141242906e+02
1.119946452476572887e+02,2.860642570281124222e+02,2.600000000000000000e+02,2.835095785440612985e+02
1.125852713178294522e+02,2.856731266149870407e+02,2.600138067061143943e+02,2.833668639053254310e+02
1.138188976377952741e+02,2.848464566929133639e+02,2.600588235294117680e+02,2.834431372549019557e+02
1.146199740596627663e+02,2.843553826199740229e+02,2.602049808429118798e+02,2.828850574712643606e+02
1.151286764705882320e+02,2.838946078431372371e+02,2.600409683426443053e+02,2.827337057728119021e+02
1.165590969455511186e+02,2.828579017264275990e+02,2.596152380952380554e+02,2.823028571428571354e+02
1.170989583333333286e+02,2.822708333333333144e+02,2.598305400372439067e+02,2.819515828677839409e+02
1.173726235741444839e+02,2.822547528517110322e+02,2.598512241054613696e+02,2.820131826741995837e+02
1.180247395833333286e+02,2.815833333333333144e+02,2.597440147329650131e+02,2.818029465930018205e+02
1.178528645833333286e+02,2.820729166666666288e+02,2.597018518518518135e+02,2.816481481481481524e+02
1.193063427800269807e+02,2.802780026990552642e+02,2.592202729044834086e+02,2.811169590643274887e+02
1.194929214929214822e+02,2.801222651222651052e+02,2.591352380952380940e+02,2.809676190476189959e+02
1.199666666666666686e+02,2.796753086419752776e+02,2.591352380952380940e+02,2.809676190476189959e+02
1.206281094527363109e+02,2.789577114427860351e+02,2.591500974658869154e+02,2.809902534113060142e+02
1.207478474784747817e+02,2.787109471094710784e+02,2.591500974658869154e+02,2.809902534113060142e+02
1.217562582345190947e+02,2.774361001317523119e+02,2.588522954091816359e+02,2.805029940119760568e+02
1.221800766283524950e+02,2.770625798212004725e+02,2.587439024390243958e+02,2.804308943089430954e+02
1.222388250319284708e+02,2.769220945083013703e+02,2.587439024390243958e+02,2.804308943089430954e+02
1.227811704834605564e+02,2.762938931297709928e+02,2.587439024390243958e+02,2.804308943089430954e+02
1.233255813953488342e+02,2.755697674418604493e+02,2.585886939571149696e+02,2.803216374269005655e+02
1.240770252324037131e+02,2.746786188579017107e+02,2.584878048780487916e+02,2.801138211382113923e+02
1.242633587786259568e+02,2.744033078880406720e+02,2.585259259259258897e+02,2.802666666666666515e+02
1.247960618846694700e+02,2.735147679324894625e+02,2.585880149812733748e+02,2.803408239700374338e+02
1.249656652360515068e+02,2.726609442060085939e+02,2.586290018832391411e+02,2.803559322033898411e+02
1.252953586497890228e+02,2.717623066104078475e+02,2.586290018832391411e+02,2.803559322033898411e+02
1.253432203389830448e+02,2.704745762711864359e+02,2.577896613190730477e+02,2.796524064171122745e+02
1.254426229508196684e+02,2.699316939890709932e+02,2.574496124031007298e+02,2.797228682170542129e+02
1.255395590142671693e+02,2.692399481193255042e+02,2.576339113680153901e+02,2.798150289017340810e+02
1.256181353767560438e+02,2.679808429118774029e+02,2.576339113680153901e+02,2.798150289017340810e+02
1.255939153439153273e+02,2.672791005291005035e+02,2.571970534069981227e+02,2.796482504604051087e+02
1.256990920881971334e+02,2.671271076523994452e+02,2.565735567970204443e+02,2.792234636871508542e+02
1.256297709923664172e+02,2.661755725190839712e+02,2.565735567970204443e+02,2.792234636871508542e+02
1.254889753566796315e+02,2.647691309987029626e+02,2.563224637681159379e+02,2.790670289855071928e+02
1.252540322580645125e+02,2.634731182795698601e+02,2.561666666666666288e+02,2.790530303030302548e+02
1.251436100131752198e+02,2.627417654808958787e+02,2.561180952380952363e+02,2.790114285714285529e+02
1.250893997445721482e+02,2.622132822477649938e+02,2.552273603082851423e+02,2.783892100192678072e+02
1.250270602706026892e+02,2.613985239852398763e+02,2.551583793738489874e+02,2.785414364640884060e+02
1.245259259259259323e+02,2.598419753086419632e+02,2.552048417132215832e+02,2.786089385474860478e+02
1.241957671957671892e+02,2.589457671957671892e+02,2.548039215686274304e+02,2.785721925133689751e+02
1.239894179894179871e+02,2.581322751322751401e+02,2.543992248062015449e+02,2.783779069767442138e+02
1.234048582995951477e+02,2.568488529014844630e+02,2.538075396825396695e+02,2.781904761904762040e+02
1.230820512820512818e+02,2.561371794871794236e+02,2.538333333333333428e+02,2.783697318007662602e+02
1.228932291666666572e+02,2.553593750000000000e+02,2.537261261261261041e+02,2.783909909909909857e+02
1.224716981132075517e+02,2.546968553459118993e+02,2.531580952380952283e+02,2.780590476190475897e+02
1.219710144927536248e+02,2.539818840579710013e+02,2.532061657032755022e+02,2.780539499036608504e+02
1.215583941605839442e+02,2.532700729927007330e+02,2.519146341463414558e+02,2.776402439024390105e+02
1.213543209876543187e+02,2.526518518518518590e+02,2.518819047619047353e+02,2.777085714285714175e+02
1.208799999999999955e+02,2.517866666666666617e+02,2.514058823529411768e+02,2.776686274509803525e+02
1.202142857142857082e+02,2.508464285714285609e+02,2.511511839708560956e+02,2.777814207650273488e+02
1.199796893667861184e+02,2.504862604540023483e+02,2.510570902394106554e+02,2.777513812154696211e+02
1.190805031446540880e+02,2.493358490566037631e+02,2.505714285714285836e+02,2.774679089026914767e+02
1.186941323345817665e+02,2.488489388264668776e+02,2.503450980392156850e+02,2.774627450980391927e+02
1.182619926199262039e+02,2.481414514145141368e+02,2.504257028112449746e+02,2.775100401606425748e+02
1.175923172242874841e+02,2.472267657992564978e+02,2.495952380952381020e+02,2.773730158730158450e+02
1.172125603864734273e+02,2.468272946859903243e+02,2.493637992831541226e+02,2.775430107526881898e+02
1.163451443569553732e+02,2.457664041994750619e+02,2.486475095785440601e+02,2.776111111111110858e+02
1.160980392156862706e+02,2.454732026143790620e+02,2.483696969696969745e+02,2.775898989898989839e+02
1.152049180327868783e+02,2.449836065573770441e+02,2.479593495934959151e+02,2.780284552845528196e+02
1.147207547169811335e+02,2.447572327044024973e+02,2.482702169625246427e+02,2.780611439842209052e+02
1.139530864197530775e+02,2.443777777777777658e+02,nan,nan
1.128433583959899664e+02,2.442042606516290562e+02,2.464039215686274247e+02,2.788176470588235247e+02
1.118236057068741758e+02,2.440376134889753530e+02,2.461461988304093609e+02,2.787855750487329374e+02
1.107335907335907308e+02,2.440090090090089916e+02,nan,nan
1.102005208333333286e+02,2.438645833333333144e+02,2.446835205992509259e+02,2.789456928838951058e+02
1.093043478260869534e+02,2.437773386034255623e+02,nan,nan
1.075305555555555515e+02,2.438472222222222001e+02,nan,nan
1.066652949245541748e+02,2.438271604938271651e+02,2.429794238683127503e+02,2.794012345679012128e+02
1.059075520833333286e+02,2.439414062500000000e+02,2.422601626016260070e+02,2.794329268292682968e+02
1.052030651340996172e+02,2.440740740740740478e+02,2.411656441717791495e+02,2.794805725971369839e+02
1.039821882951653862e+02,2.442659033078880384e+02,2.401966873706003867e+02,2.795507246376811281e+02
1.031145038167938992e+02,2.443231552162849880e+02,2.388293650793650613e+02,2.792777777777777715e+02
1.013577235772357739e+02,2.446842818428184216e+02,2.379157088122605046e+02,2.791091954022988375e+02
1.006640726329442259e+02,2.448119325551232066e+02,2.370193798449612075e+02,2.790465116279069662e+02
9.897733333333333405e+01,2.453386666666666542e+02,2.359746588693957108e+02,2.790136452241715119e+02
9.814829396325458788e+01,2.453608923884514468e+02,2.351301775147929050e+02,2.786942800788954173e+02
9.665389527458492580e+01,2.455862068965517153e+02,nan,nan
9.650123456790123555e+01,2.456135802469135569e+02,2.328211382113821060e+02,2.786321138211382049e+02
9.547946859903380812e+01,2.458804347826086882e+02,2.324496124031007582e+02,2.785678294573643257e+02
9.439012345679012128e+01,2.461975308641975175e+02,2.317243947858472950e+02,2.785270018621973804e+02
9.294379084967319216e+01,2.465372549019607789e+02,2.308994082840236786e+02,2.785088757396449637e+02
9.164072632944227337e+01,2.468923476005187752e+02,2.305905349794238646e+02,2.784876543209876445e+02
9.086351706036744247e+01,2.471811023622047117e+02,2.302583826429980149e+02,2.785463510848126134e+02
8.997328244274808640e+01,2.474262086513994916e+02,2.303213572854291158e+02,2.785109780439121323e+02
8.930721393034825439e+01,2.475497512437810883e+02,2.303213572854291158e+02,2.785109780439121323e+02
8.885158150851580672e+01,2.477506082725060423e+02,2.302646464646464608e+02,2.784868686868686609e+02
8.676210235131395621e+01,2.485034578146611182e+02,2.297192982456140271e+02,2.784853801169590497e+02
8.600384615384615472e+01,2.491448717948717899e+02,2.295028571428571524e+02,2.786761904761904702e+02
8.548638132295720027e+01,2.496511024643320127e+02,2.295028571428571524e+02,2.786761904761904702e+02
8.479340937896070329e+01,2.502408111533586634e+02,2.296627450980392098e+02,2.788686274509803980e+02
8.387782204515271189e+01,2.514515272244355799e+02,2.294007936507936165e+02,2.793194444444444571e+02
8.313143631436314251e+01,2.524485094850948315e+02,2.287005649717514189e+02,2.792222222222221717e+02
8.295348837209301962e+01,2.526201550387596910e+02,2.287878787878787818e+02,2.794525252525252199e+02
8.255686274509804434e+01,2.532810457516339682e+02,2.287878787878787818e+02,2.794525252525252199e+02
8.212483399734395562e+01,2.539296148738379486e+02,2.288419047619047433e+02,2.795847619047618764e+02
8.153281853281853842e+01,2.552175032175032072e+02,2.287457627118644155e+02,2.795894538606402762e+02
8.117175572519083460e+01,2.560368956743002400e+02,2.284873294346978412e+02,2.798070175438596721e+02
8.087634408602150415e+01,2.570940860215053476e+02,2.282296296296296134e+02,2.799314814814814554e+02
8.075962815405046058e+01,2.577370517928287086e+02,2.282161172161171976e+02,2.799597069597069208e+02
8.034281842818427322e+01,2.585921409214092250e+02,2.280925925925925810e+02,2.799703703703703468e+02
8.000128205128204684e+01,2.593769230769230489e+02,2.279836065573770441e+02,2.799344262295081762e+02
7.985752688172041758e+01,2.604556451612903061e+02,2.274918032786885362e+02,2.800473588342440507e+02
7.974557823129251233e+01,2.608217687074829882e+02,2.275621301775148027e+02,2.803333333333333144e+02
7.963304093567251130e+01,2.619605263157894797e+02,2.275209580838323404e+02,2.803073852295408983e+02
7.958196721311475130e+01,2.624631147540983420e+02,2.275621301775148027e+02,2.803333333333333144e+02
7.926366120218578715e+01,2.634221311475409948e+02,2.273065134099616671e+02,2.804865900383141479e+02
7.922849462365590512e+01,2.643655913978494141e+02,2.266114285714285757e+02,2.804857142857142662e+02
7.902380952380951840e+01,2.649859943977591001e+02,2.268590476190476011e+02,2.804704761904761767e+02
7.929986613119142191e+01,2.656157965194109352e+02,2.264451097804390827e+02,2.804930139720558486e+02
7.937878787878787534e+01,2.663292011019283905e+02,2.260901960784313474e+02,2.805588235294117680e+02
7.942105263157894512e+01,2.668785425101214628e+02,2.260317460317459961e+02,2.805357142857142776e+02
7.938515406162464672e+01,2.673599439775910014e+02,2.254265873015872899e+02,2.806309523809524080e+02
7.965980795610424536e+01,2.680370370370370097e+02,2.254904214559386730e+02,2.806934865900382761e+02
7.986944444444444002e+01,2.692208333333333599e+02,2.254263565891472467e+02,2.807189922480620226e+02
7.996370967741935942e+01,2.697002688172042895e+02,2.253795761078997941e+02,2.807360308285163342e+02
8.034417344173441222e+01,2.707222222222221717e+02,2.254913294797687797e+02,2.807109826589595514e+02
8.014731585518102008e+01,2.705905118601747290e+02,2.245438596491227941e+02,2.811364522417153466e+02
8.035955056179774658e+01,2.713008739076154825e+02,2.244960317460317185e+02,2.813531746031745797e+02
8.062551440329218622e+01,2.720877914951988714e+02,2.244836223506743522e+02,2.814373795761079009e+02
8.111024643320362770e+01,2.729610894941634456e+02,2.242043650793650613e+02,2.814305555555555429e+02
8.099865047233467408e+01,2.731484480431848283e+02,2.242843137254901649e+02,2.814431372549019557e+02
8.124313725490196703e+01,2.736039215686274702e+02,2.232518518518518249e+02,2.816425925925925640e+02
8.178024691358024256e+01,2.744345679012345727e+02,2.236053639846743124e+02,2.818199233716475192e+02
8.185518102372034832e+01,2.746704119850187453e+02,2.234189944134078303e+02,2.818007448789571185e+02
8.249407114624506221e+01,2.754598155467720630e+02,2.230749063670411658e+02,2.818239700374531935e+02
8.306535947712417567e+01,2.757973856209150085e+02,2.230749063670411658e+02,2.818239700374531935e+02
8.358748403575989983e+01,2.761902937420178432e+02,2.223019607843137067e+02,2.821882352941176464e+02
8.430800000000000693e+01,2.767613333333333117e+02,2.214263565891472467e+02,2.824612403100774713e+02
8.528853754940710985e+01,2.775230566534914374e+02,2.212984496124030613e+02,2.824728682170542129e+02
8.525452196382427417e+01,2.774328165374676587e+02,2.213984674329501559e+02,2.824501915708812021e+02
8.603763440860214473e+01,2.778669354838709751e+02,2.206150793650793389e+02,2.824742063492063266e+02
8.681142098273571150e+01,2.782257636122177473e+02,2.204393063583815149e+02,2.824046242774566622e+02
8.782020997375327909e+01,2.786522309711285743e+02,2.199549019607842979e+02,2.824803921568627061e+02
8.820341207349081003e+01,2.788202099737532649e+02,2.195873983739837172e+02,2.825162601626016112e+02
8.891731266149869839e+01,2.791757105943152055e+02,2.188960784313725298e+02,2.825274509803921319e+02
8.988755020080321856e+01,2.793493975903614341e+02,2.186098484848484702e+02,2.825776515151515014e+02
9.029355281207132577e+01,2.795816186556926937e+02,2.182130177514792990e+02,2.824753451676528471e+02
9.194350282485874004e+01,2.800663841807909193e+02,2.179920634920634654e+02,2.824464285714285552e+02
9.242819499341237588e+01,2.802437417654808769e+02,2.178245614035087669e+02,2.825224171539960594e+02
9.377316735822959970e+01,2.804785615491009594e+02,2.175803212851405419e+02,2.824779116465863353e+02
9.424407252440724392e+01,2.805230125523012816e+02,2.174742063492063266e+02,2.824722222222221717e+02
9.454943502824858115e+01,2.806172316384180476e+02,nan,nan
9.583736559139784106e+01,2.807526881720429515e+02,2.163175542406311536e+02,2.826765285996054899e+02
9.619163292847503044e+01,2.808313090418353113e+02,2.160949494949494749e+02,2.826565656565656468e+02
9.777284946236558483e+01,2.808037634408602230e+02,2.160949494949494749e+02,2.826565656565656468e+02
9.916601307189542069e+01,2.805751633986927800e+02,2.158861283643892079e+02,2.826356107660455450e+02
1.006095238095238074e+02,2.804380952380952294e+02,2.153489278752436462e+02,2.826608187134502828e+02
1.013728590250329376e+02,2.804387351778656239e+02,2.144924242424242209e+02,2.826988636363636260e+02
1.025816993464052302e+02,2.801777777777777487e+02,2.146142322097377928e+02,2.827022471910112245e+02
1.028021248339973397e+02,2.801261620185922538e+02,2.145679702048416857e+02,2.826890130353817199e+02
1.039389312977099280e+02,2.798664122137404320e+02,2.145679702048416857e+02,2.826890130353817199e+02
1.049381720430107379e+02,2.796532258064515872e+02,2.132807017543859729e+02,2.827407407407407050e+02
1.057443105756358790e+02,2.794872824631860340e+02,2.135314285714285631e+02,2.827466666666666697e+02
1.067500000000000000e+02,2.792110215053763227e+02,2.134802259887005675e+02,2.827777777777777715e+02
1.075751366120218506e+02,2.789754098360655803e+02,2.133527131782945503e+02,2.826918604651162923e+02
1.083346303501945584e+02,2.787756160830090835e+02,2.132911877394635951e+02,2.827241379310344769e+02
1.099598893499308332e+02,2.782226832641770216e+02,2.116914285714285597e+02,2.827047619047618809e+02
1.109064102564102541e+02,2.779910256410256011e+02,2.117714285714285722e+02,2.826952380952380963e+02
1.120335917312661422e+02,2.775749354005167788e+02,2.119209039548022702e+02,2.827043314500941733e+02
1.132528735632183867e+02,2.770957854406130423e+02,2.117916666666666288e+02,2.827386363636363740e+02
1.149800796812749013e+02,2.766334661354581499e+02,2.118389513108614040e+02,2.827153558052434050e+02
1.163251366120218506e+02,2.762513661202185631e+02,2.102128514056224731e+02,2.827650602409638623e+02
1.169391534391534293e+02,2.759814814814814667e+02,2.098982035928143830e+02,2.827325349301397068e+02
1.183783783783783718e+02,2.755418275418275016e+02,2.098982035928143830e+02,2.827325349301397068e+02
1.194693333333333243e+02,2.752080000000000268e+02,2.098713450292397624e+02,2.825477582846003770e+02
1.205780423280423150e+02,2.748187830687830342e+02,2.098713450292397624e+02,2.825477582846003770e+02
1.219816384180790863e+02,2.742302259887005675e+02,2.090414201183431828e+02,2.825897435897435912e+02
1.231888888888888829e+02,2.739847222222222172e+02,2.088431372549019329e+02,2.826078431372548607e+02
1.239213333333333225e+02,2.736999999999999886e+02,2.088914728682170221e+02,2.825833333333333144e+02
1.250501355013550153e+02,2.732981029810297855e+02,2.086104417670682381e+02,2.826224899598393563e+02
1.257137254901960830e+02,2.731934640522875384e+02,nan,nan
1.273452380952381020e+02,2.723214285714285552e+02,2.075147928994082918e+02,2.824911242603550363e+02
1.281146245059288447e+02,2.720764163372858775e+02,2.075808383233533050e+02,2.825269461077844539e+02
1.288634538152610389e+02,2.718152610441766797e+02,2.072629629629629449e+02,2.822555555555555316e+02
1.301509186351705978e+02,2.713385826771653342e+02,2.073371212121211897e+02,2.822045454545454390e+02
1.313858921161825606e+02,2.708907330567081431e+02,2.066077348066298214e+02,2.822909760589318466e+02
1.319663978494623677e+02,2.706639784946236205e+02,2.061501831501831248e+02,2.822380952380951840e+02
1.329502688172042895e+02,2.702029569892472978e+02,2.062074074074073735e+02,2.823018518518518363e+02
1.333402203856749395e+02,2.702024793388429771e+02,2.057568627450980330e+02,2.818647058823529505e+02
1.342231182795698601e+02,2.696129032258064626e+02,2.057568627450980330e+02,2.818647058823529505e+02
1.351706349206349103e+02,2.692804232804232356e+02,2.057568627450980330e+02,2.818647058823529505e+02
1.359826666666666597e+02,2.687866666666666333e+02,2.053066666666666436e+02,2.821371428571428623e+02
1.369862825788751479e+02,2.683813443072702398e+02,2.052467043314500756e+02,2.820979284369114453e+02
1.371518817204301115e+02,2.680053763440860166e+02,2.053333333333333144e+02,2.821247672253258543e+02
1.372467191601049876e+02,2.677926509186351609e+02,2.051617933723196643e+02,2.820838206627680051e+02
1.374153439153438967e+02,2.668677248677248031e+02,2.052292870905587563e+02,2.821098265895954000e+02
1.376018518518518476e+02,2.660648148148147811e+02,2.047813620071684397e+02,2.820931899641576592e+02
1.376059431524547563e+02,2.654121447028423404e+02,2.046485507246376585e+02,2.820778985507246261e+02
1.374163473818646253e+02,2.650344827586206975e+02,2.046485507246376585e+02,2.820778985507246261e+02
1.374377358490565939e+02,2.643383647798741549e+02,2.046485507246376585e+02,2.820778985507246261e+02
1.373130544993662738e+02,2.636007604562737470e+02,2.044444444444444287e+02,2.823492063492063266e+02
1.371463104325699476e+02,2.629096692111959328e+02,2.047936507936507553e+02,2.824563492063492163e+02
1.370262172284644180e+02,2.618489388264669060e+02,2.044196787148594296e+02,2.825220883534136647e+02
1.369195849546044030e+02,2.616342412451361952e+02,2.046064257028112365e+02,2.825040160642570299e+02
1.367861885790172494e+02,2.609641434262948110e+02,2.046230158730158450e+02,2.824841269841269309e+02
1.363606770833333144e+02,2.596809895833333144e+02,nan,nan
1.360961538461538396e+02,2.590217948717948389e+02,2.042845528455284523e+02,2.827601626016260070e+02
1.358611111111110858e+02,2.585580808080807742e+02,2.040346820809248527e+02,2.825356454720616171e+02
1.357125154894671653e+02,2.580223048327137576e+02,2.039881656804733723e+02,2.822899408284023934e+02
1.351972534332084876e+02,2.572059925093632842e+02,2.037396449704141901e+02,2.819664694280078834e+02
1.350203562340966812e+02,2.566195928753180624e+02,2.036666666666666572e+02,2.819050505050504967e+02
1.345045751633986697e+02,2.554901960784313815e+02,2.036121212121212238e+02,2.817898989898989726e+02
1.344166666666666572e+02,2.552756410256409936e+02,2.031290944123313693e+02,2.816473988439306595e+02
1.342565055762081840e+02,2.548624535315985042e+02,2.031290944123313693e+02,2.816473988439306595e+02
1.336600529100528831e+02,2.539034391534391375e+02,2.030604288499025074e+02,2.816491228070175339e+02
1.330510855683269256e+02,2.527522349936142803e+02,2.031290944123313693e+02,2.816473988439306595e+02
1.321167979002624691e+02,2.515669291338582809e+02,2.025277777777777715e+02,2.816646825396825307e+02
1.320586080586080584e+02,2.516190476190476204e+02,2.024837398373983319e+02,2.815650406504065018e+02
1.320083632019115782e+02,2.515400238948625713e+02,2.024837398373983319e+02,2.815650406504065018e+02
1.309330808080808026e+02,2.504419191919191690e+02,2.017936507936507553e+02,2.813392857142857224e+02
1.299480676328502398e+02,2.494577294685990125e+02,2.018196078431372200e+02,2.813764705882352928e+02
1.290444444444444514e+02,2.486999999999999886e+02,2.017028571428571411e+02,2.815942857142857179e+02
1.287937649880095705e+02,2.483129496402877692e+02,2.011387283236994108e+02,2.813660886319845531e+02
1.282270011947431101e+02,2.478614097968936392e+02,2.009700598802395177e+02,2.812055888223552529e+02
1.269300873907615284e+02,2.469575530586766092e+02,1.999161676646706667e+02,2.806067864271456642e+02
1.263296568627450824e+02,2.465551470588235361e+02,1.998534136546184641e+02,2.805823293172690569e+02
1.247918215613382955e+02,2.452899628252788204e+02,1.994082840236686422e+02,2.803609467455621029e+02
1.240490196078431211e+02,2.447990196078431211e+02,1.988908730158730123e+02,2.801765873015872899e+02
1.236359163591635735e+02,2.444083640836408051e+02,1.988662900188323590e+02,2.799717514124293984e+02
1.223536121673003834e+02,2.436831432192648776e+02,1.984838709677419217e+02,2.796648745519713088e+02
1.215323193916349851e+02,2.431178707224334516e+02,1.982076190476190334e+02,2.793561904761904202e+02
1.204102564102563946e+02,2.422589743589743421e+02,1.971117764471057683e+02,2.787684630738522742e+02
1.198032581453634009e+02,2.418796992481202892e+02,1.970537037037036896e+02,2.786259259259259125e+02
1.189860583016476454e+02,2.413789607097591841e+02,1.970210727969348454e+02,2.784578544061302523e+02
1.183976833976833944e+02,2.410334620334620297e+02,1.969780439121756217e+02,2.783712574850299575e+02
1.170817120622568126e+02,2.403151750972762670e+02,1.965517890772127885e+02,2.781544256120527052e+02
1.157831978319783133e+02,2.397086720867208385e+02,1.956379310344827616e+02,2.776551724137930819e+02
1.156293436293436230e+02,2.393925353925353932e+02,1.950459081836327186e+02,2.774570858283432813e+02
1.146926070038910552e+02,2.389053177691309884e+02,1.952528735632184009e+02,2.775440613026819960e+02
1.135458167330677242e+02,2.385763612217795355e+02,1.950459081836327186e+02,2.774570858283432813e+02
1.126150943396226438e+02,2.383522012578616227e+02,1.946978021978021900e+02,2.768937728937729048e+02
1.114737532808398868e+02,2.382257217847768800e+02,1.942730696798493000e+02,2.764595103578154180e+02
1.098005050505050519e+02,2.384280303030303116e+02,1.939680638722554704e+02,2.763353293413173901e+02
1.090337224383916919e+02,2.384280155642023260e+02,1.940276134122287885e+02,2.763372781065088475e+02
1.080927318295739212e+02,2.384285714285714164e+02,1.940276134122287885e+02,2.763372781065088475e+02
1.071741293532338233e+02,2.385223880597014841e+02,1.935314285714285631e+02,2.757619047619047592e+02
1.059601593625498026e+02,2.388207171314741117e+02,1.933199233716474907e+02,2.756647509578543804e+02
1.055057034220532302e+02,2.388757921419518198e+02,1.929397363465159856e+02,2.752504708097928301e+02
1.041511470985155086e+02,2.393063427800269949e+02,1.926607142857142776e+02,2.746646825396825307e+02
1.033687664041994623e+02,2.394160104986876547e+02,nan,nan
1.025158428390367504e+02,2.397439797211660277e+02,1.927509578544061242e+02,2.722988505747126169e+02
1.014752604166666572e+02,2.401861979166666572e+02,1.928995983935742800e+02,2.716967871485943533e+02
1.006100386100386146e+02,2.406293436293436230e+02,1.925939393939393938e+02,2.707474747474747119e+02
1.000711610486891345e+02,2.406828963795255731e+02,1.927567049808428976e+02,2.703831417624521123e+02
9.938931297709923740e+01,2.409274809160305324e+02,1.927344632768361521e+02,2.699453860640301173e+02
9.825373134328357594e+01,2.415286069651741343e+02,1.923885480572596975e+02,2.685112474437627270e+02
9.715453384418901805e+01,2.421851851851851620e+02,1.923551587301587062e+02,2.680138888888888573e+02
9.671673254281949994e+01,2.422977602108036592e+02,1.921847389558232919e+02,2.671606425702810839e+02
9.639694656488549640e+01,2.424198473282442876e+02,1.919593023255814046e+02,2.667519379844961236e+02
9.540174129353232502e+01,2.428631840796019787e+02,1.919771428571428658e+02,2.663885714285714243e+02
9.487773487773486636e+01,2.431595881595881394e+02,1.918152173913043441e+02,2.660253623188405641e+02
9.361718750000000000e+01,2.439414062500000000e+02,1.909275362318840621e+02,2.642815734989647467e+02
9.327260981912144189e+01,2.440439276485788014e+02,1.910164609053497884e+02,2.643724279835390689e+02
9.235087719298245190e+01,2.445714285714285836e+02,1.909756097560975547e+02,2.635345528455284239e+02
9.159398496240601162e+01,2.449360902255639019e+02,1.911666666666666572e+02,2.636356589147286513e+02
9.072703412073489915e+01,2.455406824146981535e+02,1.911955307262569761e+02,2.631843575418994305e+02
8.979581795817956902e+01,2.460061500615005912e+02,1.911607142857142776e+02,2.622003968253968083e+02
8.952978453738909081e+01,2.462420785804816035e+02,1.912415169660678487e+02,2.615229540918163593e+02
8.879457364341085679e+01,2.468837209302325562e+02,1.912616279069767415e+02,2.612422480620155056e+02
8.840547263681591517e+01,2.472263681592039575e+02,1.916817325800376466e+02,2.605141242937853008e+02
8.764409030544487678e+01,2.479880478087649465e+02,1.918294573643410672e+02,2.603527131782945503e+02
8.686900129701685103e+01,2.490389105058365828e+02,1.921124744376278102e+02,2.595051124744376239e+02
8.637051282051281476e+01,2.493346153846153754e+02,1.921706349206349103e+02,2.592936507936507837e+02
8.591542288557214135e+01,2.500087064676616819e+02,1.921706349206349103e+02,2.592936507936507837e+02
8.571949685534590913e+01,2.504528301886792576e+02,1.921213872832369987e+02,2.588497109826589622e+02
8.511243386243386055e+01,2.514669312169312150e+02,nan,nan
8.474448767833980867e+01,2.519961089494163389e+02,1.921820040899795288e+02,2.575766871165644147e+02
8.420865139949108880e+01,2.529529262086513484e+02,1.923373983739837456e+02,2.577235772357723249e+02
8.391666666666667140e+01,2.533280423280423292e+02,1.923373983739837456e+02,2.577235772357723249e+02
8.375000000000000000e+01,2.538448717948717501e+02,1.923878787878787762e+02,2.567414141414141113e+02
8.326474622770918188e+01,2.550987654320987588e+02,1.924126016260162544e+02,2.566504065040650175e+02
8.312208504801095899e+01,2.552359396433470238e+02,1.927601626016260070e+02,2.563577235772357312e+02
8.274176548089590710e+01,2.562134387351778742e+02,1.929885057471264247e+02,2.564272030651340515e+02
8.261369509043926485e+01,2.567157622739017597e+02,1.929885057471264247e+02,2.564272030651340515e+02
8.233620689655172953e+01,2.576795977011494188e+02,1.930019841269841265e+02,2.559007936507936165e+02
8.218300653594769756e+01,2.580562091503267652e+02,1.931966873706003867e+02,2.556086956521739069e+02
8.190138888888888857e+01,2.591958333333333258e+02,1.934662813102119401e+02,2.556030828516377369e+02
8.191207349081363986e+01,2.594606299212598515e+02,1.934536489151873582e+02,2.554990138067060741e+02
8.171314741035855889e+01,2.595617529880478287e+02,1.935009980039920094e+02,2.555528942115768132e+02
8.146772068511198484e+01,2.603451910408431900e+02,nan,nan
8.118611111111110290e+01,2.620375000000000227e+02,1.940727272727272634e+02,2.542686868686868422e+02
8.108906882591092824e+01,2.621902834008097329e+02,1.938762475049900047e+02,2.551237524950099669e+02
8.117408906882590713e+01,2.624831309041834970e+02,1.938674463937621510e+02,2.549356725146198812e+02
8.117852161785215515e+01,2.636499302649930314e+02,1.938253968253968083e+02,2.547539682539682531e+02
8.129166666666667140e+01,2.637458333333333371e+02,1.939590643274853790e+02,2.549005847953216346e+02
8.138888888888888573e+01,2.644689922480620226e+02,1.938716475095785370e+02,2.552164750957854267e+02
8.103835978835978437e+01,2.645132275132274913e+02,1.939156626506023997e+02,2.559116465863453413e+02
8.113695090439276214e+01,2.648979328165374341e+02,1.937858472998137529e+02,2.560446927374301822e+02
8.150793650793650613e+01,2.663478835978835377e+02,1.937325800376647749e+02,2.560000000000000000e+02
8.149466666666666015e+01,2.669706666666666024e+02,1.937980952380952147e+02,2.562361904761904725e+02
8.161307189542483798e+01,2.673620915032679477e+02,1.937727272727272805e+02,2.561969696969696884e+02
8.193866666666666276e+01,2.685266666666666424e+02,1.937495069033530513e+02,2.567179487179486728e+02
8.197154471544715193e+01,2.689349593495934982e+02,1.938265107212475300e+02,2.566042884990253015e+02
8.202543507362784680e+01,2.694658634538152455e+02,1.938265107212475300e+02,2.566042884990253015e+02
8.224661246612464538e+01,2.701693766937668784e+02,1.938574181117533328e+02,2.565973025048169234e+02
8.245688545688545901e+01,2.705637065637065461e+02,1.942165725047080684e+02,2.565197740112994325e+02
8.267838541666665719e+01,2.714908854166666288e+02,1.945932539682539471e+02,2.563809523809524080e+02
8.311594202898550066e+01,2.721212121212120678e+02,1.948614457831325240e+02,2.559558232931726707e+02
8.298515519568150012e+01,2.724412955465587061e+02,1.952916666666666572e+02,2.563611111111110858e+02
8.306720430107526454e+01,2.728602150537633975e+02,1.952530120481927725e+02,2.563293172690762844e+02
8.349136786188579151e+01,2.737051792828685279e+02,1.953220973782771352e+02,2.565823970037453137e+02
8.373800259403371626e+01,2.742996108949416225e+02,1.954794238683127503e+02,2.555390946502057261e+02
8.432692307692308020e+01,2.752192307692307622e+02,1.954918699186991660e+02,2.554593495934959151e+02
8.447490347490347062e+01,2.754414414414414409e+02,1.954666666666666686e+02,2.554161616161615882e+02
8.492141951837768943e+01,2.760139416983523120e+02,1.959068901303537871e+02,2.535474860335195615e+02
8.583138780804149803e+01,2.767535667963683181e+02,1.961310861423220615e+02,2.533895131086142101e+02
8.613154533844188165e+01,2.771098339719029013e+02,1.965588822355289267e+02,2.530059880239520851e+02
8.713580246913579685e+01,2.779561042524005074e+02,1.968432539682539471e+02,2.529126984126983757e+02
8.730326797385620807e+01,2.781241830065359295e+02,1.968549019607842752e+02,2.529784313725489824e+02
8.816535433070866645e+01,2.786338582677165618e+02,1.971638095238095048e+02,2.534457142857142742e+02
8.864363143631436515e+01,2.790555555555555429e+02,1.972073170731707421e+02,2.535813008130081130e+02
8.906639566395664076e+01,2.794986449864498468e+02,1.974968944099378803e+02,2.537204968944099335e+02
8.941365461847389895e+01,2.797188755020080180e+02,1.974773175542406136e+02,2.541893491124260436e+02
8.928835978835978437e+01,2.797089947089946804e+02,1.974773175542406136e+02,2.541893491124260436e+02
9.020592020592020788e+01,2.801866151866151426e+02,1.966857142857142833e+02,2.549085714285714346e+02
9.065860215053763227e+01,2.804274193548387188e+02,1.950600775193798029e+02,2.557383720930232585e+02
9.142011019283745554e+01,2.808856749311294720e+02,1.934764595103577847e+02,2.563465160075329550e+02
9.208641975308641747e+01,2.813264746227708883e+02,1.923352059925093442e+02,2.569475655430711640e+02
9.229317269076305763e+01,2.812878179384202895e+02,1.904244186046511516e+02,2.567189922480620226e+02
9.297343957503319700e+01,2.813598937583001316e+02,1.895365418894830327e+02,2.571247771836007132e+02
9.347883597883597417e+01,2.818756613756613092e+02,1.883594040968342256e+02,2.571359404096833714e+02
9.499857549857549088e+01,2.824814814814814667e+02,1.868400770712909491e+02,2.570770712909441045e+02
9.520110192837464069e+01,2.826460055096418387e+02,1.862452107279693223e+02,2.571915708812260277e+02
9.581673306772908916e+01,2.829322709163346872e+02,1.853568627450980273e+02,2.573843137254901876e+02
9.660776439089691792e+01,2.831057563587683603e+02,1.846458333333333144e+02,2.575511363636363740e+02
9.726478494623654569e+01,2.834032258064515872e+02,1.835535714285714164e+02,2.575218253968253634e+02
9.809442060085837056e+01,2.836251788268955352e+02,1.824252873563218316e+02,2.574406130268199036e+02
9.901418439716312037e+01,2.841546099290779921e+02,1.819979919678714850e+02,2.577228915662650479e+02
9.939043824701195717e+01,2.843320053120849593e+02,1.806803921568627231e+02,2.576274509803921546e+02
1.002176308539944785e+02,2.845358126721762915e+02,1.807078189300411282e+02,2.577386831275720169e+02
1.001177248677248599e+02,2.844841269841269877e+02,1.792590476190476068e+02,2.574476190476190141e+02
1.018231884057970973e+02,2.851289855072463411e+02,1.786900584795321549e+02,2.574288499025340684e+02
1.019813218390804508e+02,2.852341954022988375e+02,1.779610136452241704e+02,2.574639376218323150e+02
1.023175287356321803e+02,2.853448275862069181e+02,1.776055226824457520e+02,2.574280078895463362e+02
1.028041666666666600e+02,2.854291666666666742e+02,1.768454376163873292e+02,2.574264432029794989e+02
1.033652777777777629e+02,2.856083333333333485e+02,1.765442561205273080e+02,2.574990583804142830e+02
1.046622613803230450e+02,2.859471365638766542e+02,1.758775100401606153e+02,2.573473895582329192e+02
1.046844993141289422e+02,2.860164609053497884e+02,1.753529411764705799e+02,2.573274509803921433e+02
1.048897849462365457e+02,2.861330645161290249e+02,1.754117647058823479e+02,2.573627450980392268e+02
1.053175287356321803e+02,2.862744252873562800e+02,1.745165692007797134e+02,2.573216374269005655e+02
1.062018970189701861e+02,2.865216802168021673e+02,1.743274509803921433e+02,2.573490196078431040e+02
1.064486638537271403e+02,2.866047819971870467e+02,1.736569200779726998e+02,2.572046783625730768e+02
1.077128851540616097e+02,2.869257703081232194e+02,1.734568627450980216e+02,2.571294117647058783e+02
1.078712446351931362e+02,2.868311874105864945e+02,1.729678714859437605e+02,2.571004016064256916e+02
1.079341397849462254e+02,2.870376344086021163e+02,1.727865168539325964e+02,2.572116104868913453e+02
1.088549511854951106e+02,2.872022315202231084e+02,1.722896825396825307e+02,2.570238095238095184e+02
1.095355648535564796e+02,2.869665271966526916e+02,1.711015325670497873e+02,2.567356321839080238e+02
1.104813278008298738e+02,2.869460580912863179e+02,1.706227544910179574e+02,2.567205588822354798e+02
1.108408163265306143e+02,2.869591836734693970e+02,1.702112403100774998e+02,2.568255813953488200e+02
1.113523035230352178e+02,2.870772357723577102e+02,1.691286549707602376e+02,2.567231968810916101e+02
1.117250324254215315e+02,2.870311284046692890e+02,1.691602209944751394e+02,2.568931860036832404e+02
1.130677731673582258e+02,2.868409405255877687e+02,1.678714859437750988e+02,2.564939759036144551e+02
1.134551539491298513e+02,2.868045515394912854e+02,1.675146198830409219e+02,2.564444444444444571e+02
1.145790172642762172e+02,2.866826029216467191e+02,1.671117318435754271e+02,2.564432029795157746e+02
1.142283464566929183e+02,2.868136482939632401e+02,1.661920903954802213e+02,2.563879472693031971e+02
1.155600539811066056e+02,2.866518218623481857e+02,1.661459459459459538e+02,2.563549549549549624e+02
1.165301027900146806e+02,2.862408223201174451e+02,1.647465069860279243e+02,2.560179640718562837e+02
1.160645994832041197e+02,2.864160206718345876e+02,1.641734104046242635e+02,2.559364161849711081e+02
1.160051282051282016e+02,2.864025641025640425e+02,1.636302367941712248e+02,2.557996357012750082e+02
1.168187830687830626e+02,2.859272486772486559e+02,1.636794171220400642e+02,2.557996357012750082e+02
1.172264631043256884e+02,2.856564885496183024e+02,1.625036231884057827e+02,2.557934782608695627e+02
1.175293383270911249e+02,2.856416978776529163e+02,1.619494382022471939e+02,2.556779026217228363e+02
1.176654320987654216e+02,2.856530864197530946e+02,1.611693989071038118e+02,2.555045537340619148e+02
1.180139949109414630e+02,2.852417302798982064e+02,1.608134057971014386e+02,2.554836956521739069e+02
1.190402515723270369e+02,2.845735849056603683e+02,1.599576427255985323e+02,2.555211786372007055e+02
1.195416666666666572e+02,2.841822916666666288e+02,1.590148148148147982e+02,2.553222222222222229e+02
1.199196787148594439e+02,2.838862115127175230e+02,1.582814371257485107e+02,2.551037924151696359e+02
1.201822721598002346e+02,2.837116104868914022e+02,1.573648148148147925e+02,2.546888888888888971e+02
1.202713754646840130e+02,2.836579925650557357e+02,1.570666666666666629e+02,2.546504504504504212e+02
1.206817042606516281e+02,2.833721804511278037e+02,1.558241758241758248e+02,2.544487179487179276e+02
1.209774236387782196e+02,2.831208499335988904e+02,1.555593220338982974e+02,2.544651600753295497e+02
1.215890227576974496e+02,2.824096385542168832e+02,1.543294797687861148e+02,2.537957610789980549e+02
1.219651162790697612e+02,2.822364341085271349e+02,1.534604051565377461e+02,2.535930018416206053e+02
1.219317889317889296e+02,2.822097812097811698e+02,1.530180180180180116e+02,2.533423423423423060e+02
1.221733870967741922e+02,2.820309139784945955e+02,1.526037037037037010e+02,2.533314814814814611e+02
1.225410256410256267e+02,2.815692307692307850e+02,1.520198412698412653e+02,2.531111111111110858e+02
1.232361673414304875e+02,2.807503373819163244e+02,1.503620689655172384e+02,2.525383141762451942e+02
1.232319444444444372e+02,2.808652777777777487e+02,1.502210144927535964e+02,2.524166666666666572e+02
1.231727891156462533e+02,2.810299319727890861e+02,1.499810606060605949e+02,2.522196969696969688e+02
1.235480000000000018e+02,2.804479999999999791e+02,1.486040515653775174e+02,2.516703499079189328e+02
1.235630810092961411e+02,2.804037184594953374e+02,1.482157996146435437e+02,2.515973025048169234e+02
1.241322314049586737e+02,2.795853994490357763e+02,1.473631284916201025e+02,2.513445065176908599e+02
1.241988795518207240e+02,2.798613445378151141e+02,1.463408662900188233e+02,2.509585687382297294e+02
1.241612903225806406e+02,2.800712365591397202e+02,1.459836065573770441e+02,2.507140255009107364e+02
1.241016260162601696e+02,2.803482384823847724e+02,1.455695970695970516e+02,2.505164835164835040e+02
1.246628205128205025e+02,2.796589743589743193e+02,1.451701388888888857e+02,2.503142361111110858e+02
1.252886178861788551e+02,2.786734417344172812e+02,1.441814814814814554e+02,2.499685185185184935e+02
1.252146666666666590e+02,2.786346666666666465e+02,1.434826958105646497e+02,2.496411657559198147e+02
1.252146666666666590e+02,2.786346666666666465e+02,1.432641165755919701e+02,2.494007285974498700e+02
1.251280000000000001e+02,2.788999999999999773e+02,1.426541218637992756e+02,2.491720430107527022e+02
1.253765903307888010e+02,2.786743002544528736e+02,1.427476979742173171e+02,2.489742173112338719e+02
1.257900262467191510e+02,2.782270341207348565e+02,1.416331471135940205e+02,2.482942271880819192e+02
1.257884615384615330e+02,2.781871794871794350e+02,1.416612612612612452e+02,2.481333333333333258e+02
1.258204134366924904e+02,2.781498708010335577e+02,1.414283154121863788e+02,2.478924731182795824e+02
1.260956175298804851e+02,2.779282868525896220e+02,1.409780219780219852e+02,2.471446886446886140e+02
1.260862745098039284e+02,2.779372549019607845e+02,1.407437275985662950e+02,2.469157706093189688e+02
1.268298465829846577e+02,2.769581589958158929e+02,1.401576086956521863e+02,2.462807971014492523e+02
1.269861111111111001e+02,2.767763888888888459e+02,1.399551971326164619e+02,2.459605734767025069e+02
1.269296148738379770e+02,2.768778220451526977e+02,1.395864527629233294e+02,2.453315508021390485e+02
1.269200000000000017e+02,2.768746666666666556e+02,1.391891385767790155e+02,2.449044943820224773e+02
1.270040322580645125e+02,2.764287634408602230e+02,1.390750915750915624e+02,2.446465201465201460e+02
1.268402777777777715e+02,2.762319444444444230e+02,1.381620626151012914e+02,2.438029465930018205e+02
1.269006535947712280e+02,2.763882352941176350e+02,1.382558558558558559e+02,2.437153153153152800e+02
1.269407979407979354e+02,2.766988416988417043e+02,1.379016393442622928e+02,2.434408014571948797e+02
1.269140625000000000e+02,2.767044270833333144e+02,1.377452006980802821e+02,2.428813263525305217e+02
1.268326848249027279e+02,2.753605706874188854e+02,1.377452006980802821e+02,2.428813263525305217e+02
1.268247694334650788e+02,2.750118577075098756e+02,1.361264367816091863e+02,2.417279693486590020e+02
1.268091503267973792e+02,2.750261437908496305e+02,1.363843351548269425e+02,2.415701275045537102e+02
1.266761133603238818e+02,2.745411605937921422e+02,1.362777777777777715e+02,2.414784946236559051e+02
1.266824146981627308e+02,2.745328083989501238e+02,1.358937728937728764e+02,2.409212454212454020e+02
1.267210884353741420e+02,2.744163265306122526e+02,1.357836257309941459e+02,2.407621832358674112e+02
1.265603674540682420e+02,2.742454068241469827e+02,1.349683426443203018e+02,2.400689013035381549e+02
1.265775193798449578e+02,2.742958656330749250e+02,1.346537753222835931e+02,2.398913443830570600e+02
1.264128205128204883e+02,2.740217948717948389e+02,1.348526703499079247e+02,2.399797421731122995e+02
1.262539682539682531e+02,2.731203703703703241e+02,1.343420138888888857e+02,2.392552083333333428e+02
1.261120107962213126e+02,2.729595141700405065e+02,1.337815442561205259e+02,2.388323917137476258e+02
1.259056847545219568e+02,2.725258397932815910e+02,1.333499079189686825e+02,2.385303867403314939e+02
1.258032786885245855e+02,2.726188524590164093e+02,1.325483870967742064e+02,2.379014336917562673e+02
1.259401360544217567e+02,2.729360544217686879e+02,1.324835164835164960e+02,2.377399267399267160e+02
1.254987080103359034e+02,2.724780361757105993e+02,1.322748226950354535e+02,2.373599290780141757e+02
1.252217997465145629e+02,2.724474017743979175e+02,1.321053540587219288e+02,2.370898100172711338e+02
1.245117719950433610e+02,2.716852540272614647e+02,1.310280898876404478e+02,2.359250936329587773e+02
1.243204134366924904e+02,2.716550387596899441e+02,1.309283154121863788e+02,2.355107526881720332e+02
1.239675745784695096e+02,2.713488975356679020e+02,1.308072072072071990e+02,2.352828828828828591e+02
1.237820025348542430e+02,2.711989860583016139e+02,1.303220973782771352e+02,2.344644194756554043e+02
1.230492866407263222e+02,2.707405966277561333e+02,1.302180180180180002e+02,2.340324324324324436e+02
1.227820512820512704e+02,2.705269230769230830e+02,1.295781544256120412e+02,2.333521657250470582e+02
1.220522875816993462e+02,2.700823529411764525e+02,1.294688057040998217e+02,2.329572192513369089e+02
1.221428571428571388e+02,2.700740740740740193e+02,1.293315315315315388e+02,2.327153153153152800e+02
1.215898491083676163e+02,2.698203017832647106e+02,1.282528735632184009e+02,2.316647509578543804e+02
1.204333333333333371e+02,2.691250000000000000e+02,1.284612612612612565e+02,2.313855855855855452e+02
1.200416666666666572e+02,2.689505208333333144e+02,1.275606060606060481e+02,2.305549242424242209e+02
1.193013333333333321e+02,2.686293333333333067e+02,1.275081081081081038e+02,2.302414414414414239e+02
1.193632653061224431e+02,2.686027210884353167e+02,1.274543761638733628e+02,2.299627560521414864e+02
1.180489795918367406e+02,2.680272108843536785e+02,1.268592592592592467e+02,2.294000000000000057e+02
1.180786666666666633e+02,2.680240000000000009e+02,1.267472527472527446e+02,2.289652014652014600e+02
1.161442577030812231e+02,2.671232492997198733e+02,1.263258845437616316e+02,2.285698324022346242e+02
1.159949109414758226e+02,2.672480916030534104e+02,1.255425531914893611e+02,2.278652482269503423e+02
1.154302788844621546e+02,2.670889774236387666e+02,1.251378708551483356e+02,2.275148342059336528e+02
1.141653005464480799e+02,2.667390710382513248e+02,1.249005524861878484e+02,2.268526703499078963e+02
1.136543715846994473e+02,2.666885245901639223e+02,1.244982078853046517e+02,2.264946236559139834e+02
1.129190283400809705e+02,2.666221322537111860e+02,1.240765027322404421e+02,2.259908925318761135e+02
1.125942028985507193e+02,2.665401844532278801e+02,1.235985267034990756e+02,2.255709023941067812e+02
1.124343832020997382e+02,2.665433070866141634e+02,1.234570858283433097e+02,2.253133732534929834e+02
1.110745257452574464e+02,2.661355013550135027e+02,1.232074074074074019e+02,2.249499999999999886e+02
1.109841269841269877e+02,2.661759259259259238e+02,1.230538194444444429e+02,2.247187500000000000e+02
1.100193637621023441e+02,2.660401106500691526e+02,1.223204419889502788e+02,2.239208103130754921e+02
1.097670682730923630e+02,2.660107095046853942e+02,1.219025341130604261e+02,2.235224171539960594e+02
1.089945578231292416e+02,2.658993197278911111e+02,1.214655797101449082e+02,2.233586956521739069e+02
1.085644090305444820e+02,2.658618857901726074e+02,1.209209039548022560e+02,2.228154425612052592e+02
1.079612724757952833e+02,2.656970954356846732e+02,1.206257668711656379e+02,2.224437627811860523e+02
1.067253218884120116e+02,2.655050071530758373e+02,1.194865900383141621e+02,2.216130268199233626e+02
1.068545953360768124e+02,2.655390946502057545e+02,1.193040935672514564e+02,2.214230019493177224e+02
1.070663956639566408e+02,2.655460704607045841e+02,1.193040935672514564e+02,2.214230019493177224e+02
1.063682795698924650e+02,2.654422043010752077e+02,1.184742857142857133e+02,2.209752380952380690e+02
1.058611111111111001e+02,2.654191919191918601e+02,1.182765567765567738e+02,2.206978021978021900e+02
1.049606299212598373e+02,2.652808398950131163e+02,1.172476190476190396e+02,2.197904761904761699e+02
1.040537634408602088e+02,2.651639784946236205e+02,1.171010101010100897e+02,2.196363636363636260e+02
1.032975206611570229e+02,2.650606060606060623e+02,1.166127167630057784e+02,2.191946050096339036e+02
1.026376210235131339e+02,2.651092669432918001e+02,1.163279857397504458e+02,2.190819964349375937e+02
1.026814516129032313e+02,2.650577956989247355e+02,1.156170212765957501e+02,2.183776595744680833e+02
1.017893333333333317e+02,2.650533333333333417e+02,1.148425925925925810e+02,2.178333333333333428e+02
1.017086720867208669e+02,2.650271002710027233e+02,1.147130124777183511e+02,2.176595365418894517e+02
1.008463648834019040e+02,2.648861454046639210e+02,1.143595505617977466e+02,2.174756554307115834e+02
9.994601889338730416e+01,2.647759784075573180e+02,1.135322283609576317e+02,2.169023941068139720e+02
9.951336146272853966e+01,2.647341772151898454e+02,1.127887596899224718e+02,2.164748062015503649e+02
9.900280112044816860e+01,2.645588235294117680e+02,1.120153256704980720e+02,2.158199233716474907e+02
9.840365682137833403e+01,2.644725738396624592e+02,1.118685714285714283e+02,2.157028571428571411e+02
9.805531914893616374e+01,2.644822695035460924e+02,1.112981481481481296e+02,2.153759259259259125e+02
9.779166666666667140e+01,2.642083333333333144e+02,1.110879120879120876e+02,2.153223443223443212e+02
9.697823129251699470e+01,2.642829931972788700e+02,1.103666666666666600e+02,2.146925925925925753e+02
9.634146341463414842e+01,2.641666666666666856e+02,1.097500000000000000e+02,2.140944444444444343e+02
9.555096418732782126e+01,2.641157024793388359e+02,1.096336805555555429e+02,2.138072916666666572e+02
9.547967479674797175e+01,2.640704607046070009e+02,1.094720812182741128e+02,2.136531302876480538e+02
9.497333333333332916e+01,2.640533333333333417e+02,1.094720812182741128e+02,2.136531302876480538e+02
9.451728907330566187e+01,2.638658367911480127e+02,1.079410681399631642e+02,2.126095764272559450e+02
9.390833333333333144e+01,2.636569444444444343e+02,1.077304189435336781e+02,2.123296903460837655e+02
9.311243386243386055e+01,2.633981481481481524e+02,1.072608695652173907e+02,2.119057971014492523e+02
9.287044534412954988e+01,2.634507422402159023e+02,1.068786231884057827e+02,2.115706521739130324e+02
9.351764705882352757e+01,2.636496732026143377e+02,1.065531135531135334e+02,2.113260073260073000e+02
9.351764705882352757e+01,2.636496732026143377e+02,1.061489361702127638e+02,2.112216312056737593e+02
9.213668061366804807e+01,2.630055788005578847e+02,1.055543278084714416e+02,2.106685082872928092e+02
9.198367346938775313e+01,2.629251700680272279e+02,1.049574468085106389e+02,2.101489361702127781e+02
9.175518672199170567e+01,2.629156293222683303e+02,1.047870855148342031e+02,2.100279232111692522e+02
9.169958847736624818e+01,2.628477366255144148e+02,1.044756554307115977e+02,2.097509363295880007e+02
9.087301587301587347e+01,2.624867724867724519e+02,1.034212454212454020e+02,2.090824175824175768e+02
8.975795297372059167e+01,2.616293222683264048e+02,1.025305719921104384e+02,2.085266272189349195e+02
8.980279898218829260e+01,2.618256997455470696e+02,1.022756052141526908e+02,2.082756052141526766e+02
8.925277777777776578e+01,2.613027777777777487e+02,1.018770053475935811e+02,2.080677361853832394e+02
8.943641231593038299e+01,2.614524765729585170e+02,1.011165755919854234e+02,2.074990892531875772e+02
8.944581618655692523e+01,2.614128943758573200e+02,1.012253787878787676e+02,2.075662878787878753e+02
8.919654714475430524e+01,2.610810092961486930e+02,9.935632183908046500e+01,2.065613026819923164e+02
8.917187500000000000e+01,2.608385416666666288e+02,9.911706349206347966e+01,2.063194444444444287e+02
8.913953488372092693e+01,2.610025839793281079e+02,9.911568627450978397e+01,2.062862745098039170e+02
8.865963431786215665e+01,2.604444444444444002e+02,9.833141762452105183e+01,2.056130268199233626e+02
8.883137254901960489e+01,2.602705882352940989e+02,9.787592592592591245e+01,2.051833333333333371e+02
8.876054421768706959e+01,2.600204081632653015e+02,9.685515873015872046e+01,2.046884920634920491e+02
8.862566137566136604e+01,2.597169312169311866e+02,9.671186440677966800e+01,2.046704331450094116e+02
8.862566137566136604e+01,2.597169312169311866e+02,9.639184397163118945e+01,2.044521276595744723e+02
8.831679389312976980e+01,2.591730279898218896e+02,9.569613259668508931e+01,2.039208103130754921e+02
8.803262411347516547e+01,2.584539007092198517e+02,9.569613259668508931e+01,2.039208103130754921e+02
8.805622489959839072e+01,2.583293172690762844e+02,9.476459510357814509e+01,2.034745762711864359e+02
8.818395573997233328e+01,2.589917012448132709e+02,9.356363636363636260e+01,2.031474747474747176e+02
8.805922865013774015e+01,2.579338842975206489e+02,9.365925925925924389e+01,2.029648148148148152e+02
8.807588075880757117e+01,2.579593495934959151e+02,9.333518518518518192e+01,2.028592592592592325e+02
8.795584045584044475e+01,2.573589743589743648e+02,9.288431372549018761e+01,2.027333333333333201e+02
8.812753623188405072e+01,2.567057971014492637e+02,9.200199600798401889e+01,2.026067864271456926e+02
8.820161290322580783e+01,2.570819892473118102e+02,9.180196078431372086e+01,2.025274509803921319e+02
8.824625850340135003e+01,2.567020408163265301e+02,9.180196078431372086e+01,2.025274509803921319e+02
8.850396825396825307e+01,2.562367724867724519e+02,9.127745664739885001e+01,2.020828516377649180e+02
8.862655601659750459e+01,2.557302904564315327e+02,9.108474576271186152e+01,2.019284369114877222e+02
8.866529492455417483e+01,2.556131687242798307e+02,9.095075757575756370e+01,2.017821969696969688e+02
8.893600000000000705e+01,2.554426666666666677e+02,9.044571428571428839e+01,2.017942857142857065e+02
8.893600000000000705e+01,2.554426666666666677e+02,9.040038314176244683e+01,2.017088122605363765e+02
8.931084656084655649e+01,2.548915343915343783e+02,9.014285714285713880e+01,2.016878306878306830e+02
8.969140625000000000e+01,2.544205729166666572e+02,8.958285714285713652e+01,2.013504761904761722e+02
8.975256410256409367e+01,2.541217948717948332e+02,8.883026584867074860e+01,2.009815950920245484e+02
8.996456692913385211e+01,2.540026246719160099e+02,8.894650205761315931e+01,2.011604938271605079e+02
8.959774436090225436e+01,2.545401002506265229e+02,8.890772128060262958e+01,2.015668549905837779e+02
8.995112781954887282e+01,2.540626566416039793e+02,8.884231536926147044e+01,2.015349301397205295e+02
9.051515151515151558e+01,2.533675889328063136e+02,8.845614035087719174e+01,2.015419103313840026e+02
9.136585365853657947e+01,2.518929539295392885e+02,nan,nan
9.114543114543113234e+01,2.527631917631917418e+02,8.829218106995884341e+01,2.016131687242798307e+02
9.146772068511198484e+01,2.524743083003952506e+02,8.776687116564417579e+01,2.019672801635991561e+02
9.179738562091502274e+01,2.524575163398692723e+02,8.767068273092368713e+01,2.021726907630522021e+02
9.196831432192648492e+01,2.524968314321926073e+02,8.722485207100591253e+01,2.022268244575936649e+02
9.324753867791841344e+01,2.517876230661040609e+02,nan,nan
9.350280112044816860e+01,2.519173669467786851e+02,8.629065040650405649e+01,2.022418699186991660e+02
9.369294605809128029e+01,2.520691562932226759e+02,8.609248554913294527e+01,2.023988439306358487e+02
9.366266666666665230e+01,2.520413333333333128e+02,8.590562248995983907e+01,2.023935742971887350e+02
9.362551440329218622e+01,2.521632373113854442e+02,8.585317460317459393e+01,2.024960317460317185e+02
9.472316384180790294e+01,2.519632768361581725e+02,8.561044176706826647e+01,2.025803212851405419e+02
9.539207650273223749e+01,2.517636612021857729e+02,8.563453815261043189e+01,2.026405622489959626e+02
9.564207650273223749e+01,2.518196721311475414e+02,8.563453815261043189e+01,2.026405622489959626e+02
9.650700280112043572e+01,2.515210084033613498e+02,8.535928143712574467e+01,2.029201596806387045e+02
9.657338820301782789e+01,2.515459533607681522e+02,8.539053254437870066e+01,2.028796844181459562e+02
9.641735537190082539e+01,2.516942148760330440e+02,8.517142857142857792e+01,2.031942857142857122e+02
9.729539295392953591e+01,2.514227642276422898e+02,8.518823529411764639e+01,2.032549019607842808e+02
9.815762273901808044e+01,2.515103359173126591e+02,8.500968992248061795e+01,2.034418604651162923e+02
9.936694677871147974e+01,2.513557422969187485e+02,8.514643545279382408e+01,2.033892100192678072e+02
9.935762483130903888e+01,2.514278002699055321e+02,8.510727969348658917e+01,2.034137931034482847e+02
1.001044176706827358e+02,2.511311914323962355e+02,8.455684007707128558e+01,2.033314065510597004e+02
1.009213333333333225e+02,2.510399999999999920e+02,8.477401129943503122e+01,2.034086629001882898e+02
1.009399999999999977e+02,2.512079999999999984e+02,8.477401129943503122e+01,2.034086629001882898e+02
1.011485788113695037e+02,2.511705426356589044e+02,8.431135531135531380e+01,2.035366300366300152e+02
1.026708507670850707e+02,2.509721059972105763e+02,8.431135531135531380e+01,2.035366300366300152e+02
1.034375857338820310e+02,2.509163237311385330e+02,8.405303030303029743e+01,2.034810606060605949e+02
1.044649859943977503e+02,2.508291316526610331e+02,8.361538461538461320e+01,2.037534516765285844e+02
1.050312056737588620e+02,2.507489361702127724e+02,8.359880239520957446e+01,2.037924151696606430e+02
1.059316239316239319e+02,2.507535612535612302e+02,8.357254901960783400e+01,2.037764705882352985e+02
1.064193121693121640e+02,2.504907407407407334e+02,8.365125240847784482e+01,2.037822736030828139e+02
1.079866666666666646e+02,2.503051851851851666e+02,8.256287425149700709e+01,2.041177644710578818e+02
1.077065073041168546e+02,2.505896414342629441e+02,8.211602209944751962e+01,2.044493554327808340e+02
1.084601307189542467e+02,2.504549019607843263e+02,8.212849162011173121e+01,2.044152700186219533e+02
1.095115646258503403e+02,2.503333333333333144e+02,8.212849162011173121e+01,2.044152700186219533e+02
1.094925925925925867e+02,2.504271604938271309e+02,8.135531135531135760e+01,2.045677655677655480e+02
1.107746288798920347e+02,2.502564102564102484e+02,8.067479674796747702e+01,2.048536585365853568e+02
1.121801418439716258e+02,2.501191489361702054e+02,8.028627450980391700e+01,2.050235294117647129e+02
1.125516739446870389e+02,2.500029112081513745e+02,8.010982658959537162e+01,2.050269749518304252e+02
1.136666666666666572e+02,2.500027894002789424e+02,7.985207100591715346e+01,2.050927021696252268e+02
1.142605820105819987e+02,2.499047619047618980e+02,7.946743295019156506e+01,2.051609195402298838e+02
1.157065073041168546e+02,2.497636122177954690e+02,7.887310606060606233e+01,2.053011363636363740e+02
1.157569721115537789e+02,2.497622841965471139e+02,7.818857142857142151e+01,2.056361904761904498e+02
1.165075445816186459e+02,2.496543209876543301e+02,7.818857142857142151e+01,2.056361904761904498e+02
1.170869001297016752e+02,2.497431906614785930e+02,7.809523809523808779e+01,2.058552380952380929e+02
1.180000000000000000e+02,2.494554597701149419e+02,7.800000000000000000e+01,2.058568738229755013e+02
1.188346994535519059e+02,2.493251366120218506e+02,7.687134502923976243e+01,2.061734892787524132e+02
1.196562091503267879e+02,2.492915032679738374e+02,7.665674603174602453e+01,2.063115079365078941e+02
1.201581699346405117e+02,2.492392156862745196e+02,7.661538461538461320e+01,2.063076923076923208e+02
1.213049645390070879e+02,2.488822695035460697e+02,7.667254901960784252e+01,2.062901960784313360e+02
1.220615164520743861e+02,2.487024320457796875e+02,7.623106060606060908e+01,2.067973484848484702e+02
1.225423497267759529e+02,2.487855191256830381e+02,7.542011834319526997e+01,2.070394477317554163e+02
1.239380764163372817e+02,2.484505928853754995e+02,7.542063492063491026e+01,2.070376984126983757e+02
1.245319727891156418e+02,2.485238095238094900e+02,7.549799196787148503e+01,2.069839357429718518e+02
1.254120734908136399e+02,2.483398950131233391e+02,7.565317919075144459e+01,2.070038535645471995e+02
1.261922043010752645e+02,2.481357526881720332e+02,7.515828677839850513e+01,2.073500931098696185e+02
1.268866396761133615e+02,2.478879892037786590e+02,7.529693486590038276e+01,2.073812260536398071e+02
1.280066137566137456e+02,2.477552910052909851e+02,7.490040650406503175e+01,2.074126016260162544e+02
1.286562091503267879e+02,2.476078431372548891e+02,7.490040650406503175e+01,2.074126016260162544e+02
1.291385620915032462e+02,2.474183006535947698e+02,nan,nan
1.298852005532503426e+02,2.472060857538035918e+02,7.465708812260535865e+01,2.078678160919540119e+02
1.312043010752688019e+02,2.468830645161290249e+02,7.414643545279382408e+01,2.079865125240847590e+02
1.321798063623789687e+02,2.466417704011064984e+02,7.421568627450980671e+01,2.080960784313725185e+02
1.324427083333333144e+02,2.466093750000000000e+02,7.420039682539682246e+01,2.080912698412698205e+02
1.330096818810511650e+02,2.464149377593361123e+02,7.425641025641024839e+01,2.080690335305719714e+02
1.335249343832020941e+02,2.461312335958004951e+02,7.394915254237288593e+01,2.081563088512240824e+02
1.333492063492063551e+02,2.459074074074073906e+02,7.383236994219653582e+01,2.083410404624277419e+02
1.337886178861788551e+02,2.453252032520325088e+02,7.393992248062015449e+01,2.082306201550387357e+02
1.340601092896174862e+02,2.447431693989070709e+02,7.393992248062015449e+01,2.082306201550387357e+02
1.344125683060109111e+02,2.438032786885245855e+02,7.393992248062015449e+01,2.082306201550387357e+02
1.346013071895424673e+02,2.429477124183006538e+02,nan,nan
1.347804232804232640e+02,2.421256613756613660e+02,7.319348659003830448e+01,2.087720306513409696e+02
1.345955204216073753e+02,2.418735177865612513e+02,7.315984405458088702e+01,2.088460038986354732e+02
1.346076923076923038e+02,2.413564102564102427e+02,7.302339181286549774e+01,2.088518518518518476e+02
1.347702523240371590e+02,2.403067729083665256e+02,7.302339181286549774e+01,2.088518518518518476e+02
1.346985951468709857e+02,2.400498084291187695e+02,7.263888888888888573e+01,2.089246031746031349e+02
1.347813765182186216e+02,2.387597840755735490e+02,7.220037453183520881e+01,2.090749063670411658e+02
1.347438867438867476e+02,2.382857142857142776e+02,7.240262172284643327e+01,2.090524344569288075e+02
1.346141732283464592e+02,2.383910761154855322e+02,7.219739292364990035e+01,2.092234636871508258e+02
1.347791005291005035e+02,2.372949735449735158e+02,7.204190476190476033e+01,2.092857142857142776e+02
1.346600790513834056e+02,2.364743083003952506e+02,7.151282051282051100e+01,2.092899408284023650e+02
1.346761133603238818e+02,2.358245614035087669e+02,7.125478927203064927e+01,2.091934865900383045e+02
1.344926958831341324e+02,2.349349269588313405e+02,7.102285714285714846e+01,2.093657142857142901e+02
1.343718459495351851e+02,2.344687915006639969e+02,7.095428571428571729e+01,2.094323809523809246e+02
1.340897959183673436e+02,2.338435374149659651e+02,7.089147286821705052e+01,2.094844961240309829e+02
1.340118110236220446e+02,2.332847769028871312e+02,7.061452513966480637e+01,2.094804469273742882e+02
1.335863945578231267e+02,2.320489795918367406e+02,6.988888888888888573e+01,2.093293650793650613e+02
1.335806878306878218e+02,2.319179894179893893e+02,6.934682080924855541e+01,2.094624277456647405e+02
1.335109395109394939e+02,2.314749034749034706e+02,6.921485943775100225e+01,2.095562248995983623e+02
1.334031007751937921e+02,2.311382428940568445e+02,6.854857142857143515e+01,2.096114285714285757e+02
1.329843750000000000e+02,2.300520833333333144e+02,6.871535580524343345e+01,2.095973782771535241e+02
1.325080000000000098e+02,2.289453333333333092e+02,6.793406593406592719e+01,2.096758241758241752e+02
1.320501355013550153e+02,2.276883468834688244e+02,6.756936936936936888e+01,2.099531531531531243e+02
1.316558704453441351e+02,2.267489878542509985e+02,6.639814814814813815e+01,2.096796296296296021e+02
1.314901185770750942e+02,2.265889328063241237e+02,6.592456140350877547e+01,2.085736842105263236e+02
1.313733850129198686e+02,2.261718346253229868e+02,6.558918918918918450e+01,2.070324324324324436e+02
1.306302294197030847e+02,2.244399460188933801e+02,6.505426356589146053e+01,2.059069767441860392e+02
1.304379084967320068e+02,2.240352941176470551e+02,6.436015325670497589e+01,2.039904214559386730e+02
1.300187416331994541e+02,2.230240963855421796e+02,6.433333333333332860e+01,2.031657458563535954e+02
1.297056451612903345e+02,2.222405913978494425e+02,6.412637362637362060e+01,2.019487179487179276e+02
1.294888888888888800e+02,2.215934640522875725e+02,6.405319148936170848e+01,2.010939716312056476e+02
1.287347517730496236e+02,2.197985815602836794e+02,6.369114877589453272e+01,1.991242937853107264e+02
1.286320512820512647e+02,2.193487179487179333e+02,6.368798449612402379e+01,1.981879844961240167e+02
1.280013280212483266e+02,2.180597609561752961e+02,6.369033530571991975e+01,1.973254437869822482e+02
1.278906250000000000e+02,2.173971354166666572e+02,6.370809792843690644e+01,1.965762711864406640e+02
1.270639455782312837e+02,2.151088435374149697e+02,6.385185185185184764e+01,1.960799220272904222e+02
1.267587168758716842e+02,2.143165969316596886e+02,6.359962756052140520e+01,1.947746741154562358e+02
1.265401844532279227e+02,2.133359683794466264e+02,6.372727272727272663e+01,1.943276515151515014e+02
1.261698113207547181e+02,2.124490566037735846e+02,6.369565217391304657e+01,1.938623188405796895e+02
1.256238651102464274e+02,2.108560311284046804e+02,6.369625246548323361e+01,1.931775147928994159e+02
1.251417322834645631e+02,2.096036745406823911e+02,6.352840909090909349e+01,1.923257575757575353e+02
1.243536231884057912e+02,2.077115942028985387e+02,6.331171171171170897e+01,1.916540540540540576e+02
1.240353107344632662e+02,2.067132768361581725e+02,6.314999999999999858e+01,1.913296296296296077e+02
1.239576719576719483e+02,2.062711640211639974e+02,6.297959183673469141e+01,1.911003401360543990e+02
1.234965706447187870e+02,2.047997256515774893e+02,6.247727272727272663e+01,1.895208333333333144e+02
1.231862348178137694e+02,2.040715249662617907e+02,6.215730337078651502e+01,1.885430711610486867e+02
1.228821954484604930e+02,2.030348058902275739e+02,6.212359550561797761e+01,1.875655430711610450e+02
1.226229508196721270e+02,2.021857923497267677e+02,6.223540489642184070e+01,1.875028248587570658e+02
1.221992187500000000e+02,2.008945312500000000e+02,6.171341463414633921e+01,1.859227642276422614e+02
1.218661311914323875e+02,1.998835341365461886e+02,6.176685934489402285e+01,1.852485549132948108e+02
1.216568265682656858e+02,1.993542435424354267e+02,6.182095238095237733e+01,1.848628571428571377e+02
1.208107344632768303e+02,1.970395480225988365e+02,6.180459770114942586e+01,1.836245210727969095e+02
1.210677083333333286e+02,1.972317708333333144e+02,6.194785847299813497e+01,1.836592178770949602e+02
1.209868247694334542e+02,1.965770750988142197e+02,6.188888888888888573e+01,1.827370370370370267e+02
1.207773631840796043e+02,1.959054726368159152e+02,6.175874769797420782e+01,1.822836095764272386e+02
1.201633466135458121e+02,1.942430278884462211e+02,6.182445759368835780e+01,1.819013806706114451e+02
1.197722646310432566e+02,1.930483460559796356e+02,6.170998116760828367e+01,1.807118644067796538e+02
1.196496062992125928e+02,1.925892388451443367e+02,6.170810810810810665e+01,1.805207207207207034e+02
1.194614379084967197e+02,1.918549019607843036e+02,6.165185185185184480e+01,1.800592592592592496e+02
1.191447028423772565e+02,1.907454780361756832e+02,6.106936416184971250e+01,1.785664739884392986e+02
1.188936446173800192e+02,1.898638132295719743e+02,6.106936416184971250e+01,1.785664739884392986e+02
1.184914361001317502e+02,1.887312252964426875e+02,6.104288499025340542e+01,1.772046783625731052e+02
1.180133333333333354e+02,1.875066666666666606e+02,6.091085271317829353e+01,1.762422480620154772e+02
1.179716599190283404e+02,1.870971659919028411e+02,6.075000000000000000e+01,1.758814814814814724e+02
1.177773333333333312e+02,1.863493333333333055e+02,6.061904761904761330e+01,1.749828571428571422e+02
1.174304461942257234e+02,1.853556430446193986e+02,6.059469696969696884e+01,1.743484848484848442e+02
1.167613333333333259e+02,1.843173333333333233e+02,6.062301587301586636e+01,1.733174603174603021e+02
1.166234817813765119e+02,1.835249662618083448e+02,6.048214285714285410e+01,1.721686507936507837e+02
1.162985274431057547e+02,1.825809906291833897e+02,6.044779116465862501e+01,1.710522088353413608e+02
1.161531531531531414e+02,1.819137709137709180e+02,6.049710982658959324e+01,1.703757225433525946e+02
1.158115384615384613e+02,1.813256410256410049e+02,6.053021442495126081e+01,1.692105263157894797e+02
1.146540084388185647e+02,1.791054852320675082e+02,6.092339544513457383e+01,1.680600414078674874e+02
1.142374821173104351e+02,1.785507868383404571e+02,6.100193798449611648e+01,1.671589147286821628e+02
1.137986394557823076e+02,1.779197278911564410e+02,6.105952380952381020e+01,1.657956349206349103e+02
1.136055776892430345e+02,1.775511288180610734e+02,6.121247563352825694e+01,1.646140350877192873e+02
1.128392156862745139e+02,1.766509803921568675e+02,6.137426900584795675e+01,1.641617933723196643e+02
1.119075520833333286e+02,1.757343750000000000e+02,6.141117764471057683e+01,1.631177644710578818e+02
1.114687500000000000e+02,1.751953125000000000e+02,6.154789272030650693e+01,1.625593869731800680e+02
1.110674603174603163e+02,1.748015873015872899e+02,6.154789272030650693e+01,1.625593869731800680e+02
1.105862068965517295e+02,1.742988505747126453e+02,6.145833333333332860e+01,1.607355072463768124e+02
1.099346405228758101e+02,1.739006535947712280e+02,6.150980392156862564e+01,1.598039215686274304e+02
1.092891566265060277e+02,1.731392235609102954e+02,6.181007751937983841e+01,1.592713178294573595e+02
1.087110266159695868e+02,1.728403041825094988e+02,6.184571428571428697e+01,1.585238095238095184e+02
1.076640522875816970e+02,1.722143790849673053e+02,6.176795580110497497e+01,1.574953959484346058e+02
1.077878787878787818e+02,1.721594202898550634e+02,6.175418994413407603e+01,1.574301675977653758e+02
1.071076523994811822e+02,1.715680933852140129e+02,6.158674463937621368e+01,1.563606237816763951e+02
1.062949735449735442e+02,1.710978835978835946e+02,6.156130268199233058e+01,1.554559386973180040e+02
1.056317204301075208e+02,1.707943548387096655e+02,6.160980392156862706e+01,1.544196078431372428e+02
1.049022757697456427e+02,1.704605087014725484e+02,6.157364341085271064e+01,1.543682170542635674e+02
1.044807162534435179e+02,1.704449035812671980e+02,6.151992753623188293e+01,1.538514492753623131e+02
1.040066666666666606e+02,1.705306666666666615e+02,6.134857142857142520e+01,1.525999999999999943e+02
1.029505208333333286e+02,1.706419270833333144e+02,6.128571428571428470e+01,1.521552795031055894e+02
1.016610644257703058e+02,1.708571428571428612e+02,6.139922480620154488e+01,1.510891472868216852e+02
1.013700564971751419e+02,1.708700564971751135e+02,6.134082397003744802e+01,1.507209737827715230e+02
1.005503875968992276e+02,1.711589147286821628e+02,6.135852713178294238e+01,1.504321705426356459e+02
1.006317204301075208e+02,1.712271505376344010e+02,6.106862745098038658e+01,1.495960784313725469e+02
9.857002801120447089e+01,1.720910364145658207e+02,6.163670411985017950e+01,1.483689138576778817e+02
9.894628099173553437e+01,1.718539944903581045e+02,6.395238095238094900e+01,1.464838095238094979e+02
9.866260162601625439e+01,1.720487804878048905e+02,6.547058823529411598e+01,1.453636363636363740e+02
9.771066666666665412e+01,1.726946666666666488e+02,6.687862318840579690e+01,1.445054347826086882e+02
9.764381720430107237e+01,1.725672043010752645e+02,6.864990689013035308e+01,1.434990689013035308e+02
9.648382559774964307e+01,1.734233473980309270e+02,6.984210526315789025e+01,1.426549707602339083e+02
9.645295698924731198e+01,1.734529569892472978e+02,7.063128491620111049e+01,1.422607076350093109e+02
9.599728997289972199e+01,1.737859078590785771e+02,7.129909909909909516e+01,1.416864864864864728e+02
9.649929676511953858e+01,1.733600562587904221e+02,7.187910189982729037e+01,1.410794473229706227e+02
9.627777777777777146e+01,1.737277777777777601e+02,7.261403508771930149e+01,1.405912280701754185e+02
9.540200286123031503e+01,1.752403433476394810e+02,7.335955056179774658e+01,1.396928838951310752e+02
9.555737704918033160e+01,1.751844262295082046e+02,7.363768115942028203e+01,1.392608695652174049e+02
9.538515406162464672e+01,1.755042016806722813e+02,7.390451388888888573e+01,1.390017361111111143e+02
9.510975609756097526e+01,1.764905149051490412e+02,7.446527777777777146e+01,1.382812500000000000e+02
9.502091503267973849e+01,1.772352941176470722e+02,7.487326388888888573e+01,1.376475694444444287e+02
9.460644257703080484e+01,1.785644257703081053e+02,7.553977272727273373e+01,1.368371212121212182e+02
9.448563218390803797e+01,1.789942528735631981e+02,7.588706739526411127e+01,1.360910746812386094e+02
9.415271659324521636e+01,1.799441997063142082e+02,7.646702317290551321e+01,1.354866310160427929e+02
9.419373219373218831e+01,1.806481481481481239e+02,7.636648250460405052e+01,1.355801104972375697e+02
9.417158931082980189e+01,1.809085794655414645e+02,7.700546448087432339e+01,1.348251366120218506e+02
9.400858369098712330e+01,1.821559370529327282e+02,7.780711610486891061e+01,1.338164794007490457e+02
9.391101055806937836e+01,1.826651583710407181e+02,7.804419889502761976e+01,1.333922651933701786e+02
9.385407725321888961e+01,1.831559370529327282e+02,7.800000000000000000e+01,1.334692737430167710e+02
9.367988252569749363e+01,1.844684287812040964e+02,7.850092081031307600e+01,1.325303867403314939e+02
9.368085106382979177e+01,1.853929078014184313e+02,7.865803108808290744e+01,1.324110535405872042e+02
9.365673758865247578e+01,1.854397163120567029e+02,7.901426024955436844e+01,1.318484848484848442e+02
9.349930843706776784e+01,1.867275242047026040e+02,7.944265232974909452e+01,1.314749103942652368e+02
9.339240506329113600e+01,1.876933895921237365e+02,7.965567765567764980e+01,1.313040293040292852e+02
9.336708860759493689e+01,1.887187060478199498e+02,7.984420289855071928e+01,1.311630434782608745e+02
9.325000000000000000e+01,1.893079096045197502e+02,7.987567567567568005e+01,1.311261261261261097e+02
9.324666666666665549e+01,1.890186666666666611e+02,8.075903614457831736e+01,1.298353413654618294e+02
9.332658569500674162e+01,1.901430499325236099e+02,8.074297188755019761e+01,1.298273092369477979e+02
9.309681881051174912e+01,1.911673582295988751e+02,8.112716763005779796e+01,1.294084778420038333e+02
9.317918313570487499e+01,1.915388669301712525e+02,8.112716763005779796e+01,1.294084778420038333e+02
9.291101694915253972e+01,1.927443502824858683e+02,8.165310077519379206e+01,1.287170542635658705e+02
9.295798319327731463e+01,1.933809523809523796e+02,8.218435754189944475e+01,1.281378026070763383e+02
9.287134502923976243e+01,1.935511695906432692e+02,8.204238921001926599e+01,1.283699421965317811e+02
9.285589519650655177e+01,1.945997088791848455e+02,8.237179487179486159e+01,1.281776556776556788e+02
9.277914951989025383e+01,1.958244170096021719e+02,8.277450980392156055e+01,1.277745098039215605e+02
9.280376344086020879e+01,1.966599462365591364e+02,8.304896421845573684e+01,1.276666666666666714e+02
9.261285500747382571e+01,1.970104633781763539e+02,8.349196787148594012e+01,1.272991967871485741e+02
9.269079939668174006e+01,1.983770739064856627e+02,8.379545454545454675e+01,1.269829545454545467e+02
9.271052631578947967e+01,1.990116959064327489e+02,8.377904761904761699e+01,1.269733333333333292e+02
9.269774011299433880e+01,2.003983050847457719e+02,8.387078651685392572e+01,1.269363295880149707e+02
9.276210235131395621e+01,2.015947441217150526e+02,8.460674157303370180e+01,1.263108614232209703e+02
9.263455657492353623e+01,2.029816513761468002e+02,8.488333333333333997e+01,1.259648148148148010e+02
9.269431643625190986e+01,2.036697388632872219e+02,8.492278719397363318e+01,1.259623352165724981e+02
9.274678111587982698e+01,2.050572246065808031e+02,8.492278719397363318e+01,1.259623352165724981e+02
9.282327586206896797e+01,2.063261494252873547e+02,8.528520499108734043e+01,1.256417112299465231e+02
9.294329183955738927e+01,2.071258644536652582e+02,8.530107526881720048e+01,1.255770609318996378e+02
9.311341632088519304e+01,2.085325034578146415e+02,8.600368324125230401e+01,1.250405156537753157e+02
9.325925925925925242e+01,2.095515873015872899e+02,8.598295454545454675e+01,1.250833333333333144e+02
9.357081545064377792e+01,2.106881258941344583e+02,8.611363636363635976e+01,1.250321969696969546e+02
9.378875171467763039e+01,2.116625514403292243e+02,8.627592592592591814e+01,1.249759259259259068e+02
9.387321937321937071e+01,2.124430199430199195e+02,8.659677419354838435e+01,1.246648745519713088e+02
9.412853107344632519e+01,2.139039548022598751e+02,8.697951582867783316e+01,1.243016759776536304e+02
9.435116598079559935e+01,2.146790123456790127e+02,8.680036630036629219e+01,1.245457875457875332e+02
9.443939393939393767e+01,2.152878787878787818e+02,8.680036630036629219e+01,1.245457875457875332e+02
9.499721059972105763e+01,2.169888423988842305e+02,8.683333333333332860e+01,1.242892720306513326e+02
9.529096045197739784e+01,2.182570621468926504e+02,8.706457242582897038e+01,1.241064572425828914e+02
9.560109289617484762e+01,2.192568306010928723e+02,8.741233140655104705e+01,1.237244701348747498e+02
9.595850622406638308e+01,2.201964038727523985e+02,8.779775280898876133e+01,1.236104868913857473e+02
9.600518806744487676e+01,2.209805447470817228e+02,8.774444444444444002e+01,1.236759259259259096e+02
9.633333333333332860e+01,2.218862433862433647e+02,8.789788053949902746e+01,1.234277456647398878e+02
9.673525377229080391e+01,2.230672153635116501e+02,8.799255121042830297e+01,1.232346368715083855e+02
9.713642213642212653e+01,2.239021879021879045e+02,nan,nan
9.780510752688171294e+01,2.252110215053763227e+02,8.841716566866267613e+01,1.227564870259480898e+02
9.800267737617134856e+01,2.256599732262382645e+02,8.872061657032755022e+01,1.226820809248554980e+02
9.872222222222222854e+01,2.268917378917378755e+02,8.836309523809524080e+01,1.230694444444444287e+02
9.879314888010539164e+01,2.272305665349143453e+02,8.921956087824351300e+01,1.227305389221556879e+02
9.916133333333333155e+01,2.279346666666666579e+02,8.959887005649717651e+01,1.231054613935969684e+02
9.963967611336032348e+01,2.286882591093117298e+02,9.053598484848484418e+01,1.239109848484848442e+02
1.004616402116402014e+02,2.298306878306878218e+02,9.100411522633744710e+01,1.244362139917695345e+02
1.008209366391184432e+02,2.305468319559228405e+02,9.133716475095785370e+01,1.245019157088122483e+02
1.008871989860582943e+02,2.308770595690747598e+02,9.228360957642725282e+01,1.247016574585635311e+02
1.015870445344129536e+02,2.318798920377867603e+02,9.370987654320987303e+01,1.250164609053497742e+02
1.018966408268733801e+02,2.324250645994831928e+02,9.410978043912174940e+01,1.251936127744510969e+02
1.027127371273712697e+02,2.330108401084010836e+02,9.463313609467455478e+01,1.256489151873767156e+02
1.033847222222222229e+02,2.337638888888888573e+02,9.494573643410852526e+01,1.257868217054263482e+02
1.037875166002655902e+02,2.340597609561752961e+02,9.500187265917602986e+01,1.259794007490636574e+02
1.053953168044076989e+02,2.348333333333333144e+02,nan,nan
1.054389574759944992e+02,2.351495198902606205e+02,9.608284023668639406e+01,1.265917159763313578e+02
1.062202898550724512e+02,2.356347826086956445e+02,9.609248554913294527e+01,1.265895953757225385e+02
1.068172043010752645e+02,2.358736559139784958e+02,9.596441947565541852e+01,1.265131086142322090e+02
1.073960948396094750e+02,2.362747559274755815e+02,9.689210019267821394e+01,1.274489402697494995e+02
1.080712250712250579e+02,2.365982905982905891e+02,9.717871485943774701e+01,1.275281124497991811e+02
1.083097222222222200e+02,2.368027777777777771e+02,9.738857142857142435e+01,1.278038095238095053e+02
1.088712737127371213e+02,2.371300813008130035e+02,9.738728323699422162e+01,1.277341040462427770e+02
1.099043715846994473e+02,2.373579234972677341e+02,9.778174603174602453e+01,1.281428571428571388e+02
1.108486111111110972e+02,2.376680555555555259e+02,9.770325203252031088e+01,1.282560975609756042e+02
1.112992907801418454e+02,2.378000000000000114e+02,9.777519379844960667e+01,1.284031007751937921e+02
1.124499314128943723e+02,2.381358024691357969e+02,9.766666666666665719e+01,1.283959484346224542e+02
1.127720797720797634e+02,2.382008547008547055e+02,9.792485549132948108e+01,1.284951830443159793e+02
1.142292545710267149e+02,2.384866385372714319e+02,9.811676082862521753e+01,1.285178907721280552e+02
1.149661016949152526e+02,2.385635593220339103e+02,9.821146953405016689e+01,1.287365591397849585e+02
1.152140921409213945e+02,2.385704607046070294e+02,9.803867403314917794e+01,1.288305709023941006e+02
1.163598326359832669e+02,2.387252440725243900e+02,9.855360623781675145e+01,1.290857699805067966e+02
1.173420289855072411e+02,2.388507246376811395e+02,9.855360623781675145e+01,1.290857699805067966e+02
1.181761280931586526e+02,2.385735080058223900e+02,9.908074534161490021e+01,1.293002070393374652e+02
1.183320158102766868e+02,2.387035573122529684e+02,9.925968992248060374e+01,1.294496124031007582e+02
1.193833992094861713e+02,2.383794466403162176e+02,nan,nan
1.201495198902606205e+02,2.383772290809327785e+02,9.964313725490195850e+01,1.296352941176470495e+02
1.205939643347050634e+02,2.382331961591220875e+02,9.964313725490195850e+01,1.296352941176470495e+02
1.212626666666666608e+02,2.379986666666666508e+02,9.959959349593495403e+01,1.296585365853658516e+02
1.226583679114799281e+02,2.375795297372060872e+02,9.953100775193797745e+01,1.295930232558139608e+02
1.232803347280334663e+02,2.372036262203626222e+02,9.984848484848484418e+01,1.298750000000000000e+02
1.240386266094420620e+02,2.369484978540772602e+02,1.002320441988950250e+02,1.299244935543277961e+02
1.243359788359788212e+02,2.370304232804232640e+02,1.002320441988950250e+02,1.299244935543277961e+02
1.247135207496653209e+02,2.369223560910307924e+02,1.004820788530465876e+02,1.299301075268817272e+02
1.250718157181571684e+02,2.367899728997289799e+02,1.013682170542635532e+02,1.303624031007751967e+02
1.260901287553648018e+02,2.360987124463519251e+02,1.016165703275529779e+02,1.303641618497109960e+02
1.269730496453900628e+02,2.355687943262411181e+02,1.019565217391304373e+02,1.305693581780538182e+02
1.272066115702479294e+02,2.356074380165289313e+02,1.019565217391304373e+02,1.305693581780538182e+02
1.275893108298171512e+02,2.354725738396624592e+02,1.022969696969696969e+02,1.305858585858585741e+02
1.280184397163120593e+02,2.352865248226950143e+02,1.022760736196319016e+02,1.306114519427402740e+02
1.290528634361233458e+02,2.347063142437591523e+02,1.024844961240309971e+02,1.306124031007751967e+02
1.286680107526881613e+02,2.348750000000000000e+02,1.028424242424242436e+02,1.306585858585858375e+02
1.288915032679738317e+02,2.347555555555555600e+02,1.028875502008032043e+02,1.306405622489959626e+02
1.290785070785070729e+02,2.346499356499356281e+02,1.030994152046783654e+02,1.306647173489278657e+02
1.291717557251908488e+02,2.345877862595419856e+02,1.031377245508981986e+02,1.306087824351297400e+02
1.305767634854771870e+02,2.335919778699861524e+02,1.040772357723577102e+02,1.307764227642276467e+02
1.309958677685950477e+02,2.333140495867768607e+02,1.038373015873015675e+02,1.306845238095237960e+02
1.308893442622950829e+02,2.333975409836065467e+02,1.038373015873015675e+02,1.306845238095237960e+02
1.312133333333333098e+02,2.329853333333333012e+02,1.038373015873015675e+02,1.306845238095237960e+02
1.312642762284196465e+02,2.330810092961487214e+02,1.041988304093567308e+02,1.306705653021442401e+02
1.321988795518207098e+02,2.322633053221288435e+02,1.045823293172690569e+02,1.306867469879518069e+02
1.322575757575757507e+02,2.320468319559228405e+02,1.048031189083820607e+02,1.307056530214424868e+02
1.322390710382513532e+02,2.319426229508196684e+02,1.048031189083820607e+02,1.307056530214424868e+02
1.323504273504273385e+02,2.315626780626780601e+02,1.052862318840579547e+02,1.307989130434782510e+02
1.325555555555555429e+02,2.312628726287262850e+02,1.056379928315412116e+02,1.309802867383512535e+02
1.326111111111111143e+02,2.309105691056910530e+02,1.062519379844961236e+02,1.310251937984496067e+02
1.330202429149797467e+02,2.304804318488529020e+02,1.065205992509363142e+02,1.310468164794007464e+02
1.331551956815114579e+02,2.298542510121457383e+02,1.067394636015325489e+02,1.311743295019157074e+02
1.330481770833333144e+02,2.300872395833333144e+02,1.071124497991967672e+02,1.315200803212851213e+02
1.332891566265060135e+02,2.295100401606425748e+02,1.072444444444444400e+02,1.315656565656565533e+02
1.335373563218390700e+02,2.283548850574712503e+02,1.080277777777777573e+02,1.315416666666666572e+02
1.336246498599439576e+02,2.281330532212884918e+02,1.086256983240223519e+02,1.320204841713221526e+02
1.335167336010709391e+02,2.278460508701472520e+02,1.086775362318840479e+02,1.320489130434782510e+02
1.335367454068241386e+02,2.275721784776902723e+02,1.093507751937984409e+02,1.320174418604651123e+02
1.335006242197253243e+02,2.276129837702871441e+02,1.095321969696969546e+02,1.320795454545454675e+02
1.334578146611341651e+02,2.265988934993084172e+02,1.104709302325581461e+02,1.323352713178294380e+02
1.334209150326797158e+02,2.262065359477124105e+02,1.108612836438923210e+02,1.323809523809523796e+02
1.335124183006535930e+02,2.259895424836601023e+02,1.108769841269841265e+02,1.324444444444444287e+02
1.332983138780803927e+02,2.246212710765239819e+02,1.112228682170542555e+02,1.324282945736433987e+02
1.331570141570141459e+02,2.240141570141570071e+02,1.113431372549019471e+02,1.324490196078431268e+02
1.330910307898259646e+02,2.236305220883534162e+02,1.121472392638036837e+02,1.324887525562372161e+02
1.330907911802853221e+02,2.233450064850842978e+02,1.120284552845528339e+02,1.323719512195121979e+02
1.329262187088273777e+02,2.230830039525691575e+02,1.120284552845528339e+02,1.323719512195121979e+02
1.325232403718459295e+02,2.214143426294820642e+02,1.126300578034682047e+02,1.324643545279383261e+02
1.326783398184176122e+02,2.218054474708171142e+02,1.128782771535580451e+02,1.324700374531834939e+02
1.322081686429512501e+02,2.206482213438735300e+02,1.132145593869731783e+02,1.326475095785440601e+02
1.319852150537634259e+02,2.201706989247311697e+02,1.134767676767676647e+02,1.326202020202020151e+02
1.317278645833333144e+02,2.197044270833333144e+02,1.136089385474860336e+02,1.326890130353817483e+02
1.312120051085568093e+02,2.188607918263090539e+02,1.136514285714285677e+02,1.327219047619047672e+02
1.309513108614232237e+02,2.184706616729088466e+02,1.142228571428571371e+02,1.328190476190476090e+02
1.305742821473158415e+02,2.178239700374531935e+02,1.141706349206349103e+02,1.329246031746031633e+02
1.303320707070706987e+02,2.175113636363636260e+02,1.152301587301587205e+02,1.331964285714285836e+02
1.294858974358974137e+02,2.164179487179487182e+02,nan,nan
1.291115288220551349e+02,2.160200501253132757e+02,1.157188755020080180e+02,1.331526104417670524e+02
1.291792929292928989e+02,2.159444444444444287e+02,1.157372549019607817e+02,1.335352941176470551e+02
1.288599752168525185e+02,2.153048327137546494e+02,1.159789272030651262e+02,1.337030651340996030e+02
1.280776942355889503e+02,2.147781954887217921e+02,1.160134099616858236e+02,1.339310344827586334e+02
1.276957575757575540e+02,2.144969696969696997e+02,1.162375478927203005e+02,1.340517241379310462e+02
1.271749680715197854e+02,2.138620689655172384e+02,1.169561904761904714e+02,1.345923809523809496e+02
1.266020278833966870e+02,2.132458808618504236e+02,1.168382066276803073e+02,1.353274853801169684e+02
1.260052700922266098e+02,2.129183135704874701e+02,1.170119047619047592e+02,1.368035714285714164e+02
1.252380952380952266e+02,2.120553410553410458e+02,1.171176470588235361e+02,1.377666666666666515e+02
1.247765151515151558e+02,2.116136363636363740e+02,1.171832358674463848e+02,1.386491228070175339e+02
1.239898989898989896e+02,2.109128787878787818e+02,1.171910331384015507e+02,1.390623781676412989e+02
1.237038461538461576e+02,2.106423076923076962e+02,1.171954022988505812e+02,1.403180076628352424e+02
1.226936572199730051e+02,2.097597840755735490e+02,1.173042635658914605e+02,1.411472868217054213e+02
1.224607464607464493e+02,2.095225225225225074e+02,1.173055555555555429e+02,1.423234126984126817e+02
1.221389961389961343e+02,2.093320463320463318e+02,1.170282828282828120e+02,1.426848484848484873e+02
1.213963254593175805e+02,2.086574803149606225e+02,1.170364298724954324e+02,1.427322404371584810e+02
1.210063371356146860e+02,2.083307984790874627e+02,1.169981167608286086e+02,1.439774011299435017e+02
1.199244791666666572e+02,2.075091145833333144e+02,nan,nan
1.192791327913279105e+02,2.072357723577235902e+02,1.172962962962962905e+02,1.466810699588477291e+02
1.185697211155378454e+02,2.068260292164674468e+02,1.171417165668662506e+02,1.464431137724550922e+02
1.179135802469135825e+02,2.066872427983539069e+02,1.172495126705652950e+02,1.471228070175438631e+02
1.169119241192411920e+02,2.063089430894308975e+02,1.173572854291416974e+02,1.478742514970059858e+02
1.159072580645161281e+02,2.062137096774193594e+02,1.175117647058823565e+02,1.488686274509803695e+02
1.152630906768837775e+02,2.060664112388250260e+02,1.175879917184264798e+02,1.495652173913043441e+02
1.144335937500000000e+02,2.059791666666666572e+02,1.176071428571428612e+02,1.498174603174603021e+02
1.138742138364779777e+02,2.059685534591194767e+02,1.177093495934959293e+02,1.505995934959349540e+02
1.135625000000000000e+02,2.058476562500000000e+02,1.180019960079840189e+02,1.508682634730539007e+02
1.122677376171351966e+02,2.058313253012048278e+02,nan,nan
1.114131812420785650e+02,2.058136882129277581e+02,1.181676891615541791e+02,1.522351738241308681e+02
1.098259705488621023e+02,2.057844712182061357e+02,1.181397205588822317e+02,1.527904191616766525e+02
1.088048780487804947e+02,2.059728997289972767e+02,1.181918604651162781e+02,1.530135658914728651e+02
1.086386768447837170e+02,2.060076335877862732e+02,1.182500000000000000e+02,1.533939393939393767e+02
1.075087719298245474e+02,2.059919028340081013e+02,nan,nan
1.064033722438391578e+02,2.061478599221789807e+02,1.186910569105691025e+02,1.552967479674796607e+02
1.057012820512820497e+02,2.062166666666666401e+02,1.187348927875243589e+02,1.556315789473684106e+02
1.050720390720390611e+02,2.061526251526251485e+02,1.186506024096385516e+02,1.560281124497991811e+02
1.036093333333333248e+02,2.064693333333333101e+02,1.187360308285163768e+02,1.562485549132948108e+02
1.018852901484480356e+02,2.067368421052631504e+02,1.187001972386587738e+02,1.569467455621301895e+02
1.011485788113695037e+02,2.068953488372092977e+02,1.187471910112359552e+02,1.575374531835205971e+02
9.986827956989246502e+01,2.071491935483871032e+02,1.188125000000000000e+02,1.577537878787878753e+02
9.877911646586345285e+01,2.074484605087014586e+02,1.186279069767441854e+02,1.583934108527131741e+02
9.896924969249691628e+01,2.072595325953259362e+02,1.186896551724137936e+02,1.588429118773946129e+02
9.652933333333332655e+01,2.078266666666666538e+02,1.188271604938271651e+02,1.600267489711933990e+02
9.590813648293962501e+01,2.083254593175852847e+02,1.188798449612403090e+02,1.604728682170542697e+02
9.536482939632544742e+01,2.086036745406823911e+02,1.188228571428571456e+02,1.606057142857142992e+02
9.388281250000000000e+01,2.095117187500000000e+02,1.187726396917148293e+02,1.614219653179190743e+02
9.241935483870967971e+01,2.103521505376344010e+02,1.187384898710865428e+02,1.616685082872928092e+02
9.145179063360880889e+01,2.110344352617079551e+02,1.187827715355805225e+02,1.622434456928838813e+02
9.093103448275861922e+01,2.115734355044699839e+02,1.187873563218390842e+02,1.628812260536398355e+02
9.042118863049094557e+01,2.118811369509043629e+02,1.187321772639691631e+02,1.632427745664739973e+02
8.897286821705426973e+01,2.134108527131782864e+02,1.187784200385356286e+02,1.640905587668593171e+02
8.863768115942028203e+01,2.135625823451910321e+02,1.187524366471734680e+02,1.647251461988304015e+02
8.764102564102563520e+01,2.145856950067476419e+02,1.188552380952380787e+02,1.651695238095238096e+02
8.695041322314050092e+01,2.153636363636363740e+02,1.188670520231213885e+02,1.656994219653179243e+02
8.638626609442060555e+01,2.161072961373390626e+02,1.189103313840155778e+02,1.666315789473684106e+02
8.565006915629321327e+01,2.169557399723374544e+02,1.188796844181459420e+02,1.668362919132149784e+02
8.533606557377049739e+01,2.174316939890710216e+02,1.188895238095237943e+02,1.674000000000000057e+02
8.468151147098515708e+01,2.181309041835357334e+02,1.189007936507936449e+02,1.680099206349206327e+02
8.407017543859649322e+01,2.189365721997300795e+02,1.189416195856873628e+02,1.684293785310734393e+02
8.382849239280773190e+01,2.193388658367911432e+02,1.188607843137254889e+02,1.685333333333333314e+02
8.369125683060107690e+01,2.198661202185792263e+02,1.188255813953488342e+02,1.694224806201550280e+02
8.329216467463479034e+01,2.205219123505976029e+02,1.187643678160919478e+02,1.702777777777777715e+02
8.288135593220339103e+01,2.220579096045197502e+02,1.187241379310344769e+02,1.710249042145593705e+02
8.250884955752212591e+01,2.228746312684365591e+02,1.187257142857142895e+02,1.715447619047618844e+02
8.246902654867255933e+01,2.235693215339233006e+02,1.187021276595744723e+02,1.721524822695035368e+02
8.213960113960112608e+01,2.245712250712250579e+02,1.187057728119180524e+02,1.734022346368714977e+02
8.199483204134365621e+01,2.251033591731265915e+02,1.185910852713178087e+02,1.741686046511627808e+02
8.191009681881050142e+01,2.257012448132780094e+02,1.186088631984585646e+02,1.748631984585741748e+02
8.168376068376068133e+01,2.264772079772079678e+02,1.186015325670498015e+02,1.757969348659003685e+02
8.156366237482116333e+01,2.275107296137339006e+02,1.185871212121212039e+02,1.763428030303030312e+02
8.153749999999999432e+01,2.276486111111111086e+02,1.185580110497237598e+02,1.763941068139963022e+02
8.147441217150760906e+01,2.295408022130013705e+02,1.186086142322097317e+02,1.774419475655430460e+02
8.140000000000000568e+01,2.306609929078013863e+02,1.186961325966850893e+02,1.782025782688766071e+02
8.115266106442577154e+01,2.308095238095237960e+02,1.187984934086628925e+02,1.785725047080979095e+02
8.128861788617885509e+01,2.316747967479674912e+02,1.188476190476190339e+02,1.794000000000000057e+02
8.125956284153005527e+01,2.324289617486338670e+02,1.188810916179337056e+02,1.795107212475633389e+02
8.115049226441630026e+01,2.331054852320675082e+02,1.188704761904761824e+02,1.802285714285714278e+02
8.109523809523810201e+01,2.338023088023087723e+02,1.187930402930402920e+02,1.808388278388278252e+02
8.104454022988505812e+01,2.347500000000000000e+02,1.187954545454545467e+02,1.810321969696969688e+02
8.105602240896358524e+01,2.356806722689075571e+02,1.187643678160919478e+02,1.810325670498084207e+02
8.107473841554558192e+01,2.371360239162929417e+02,1.184015151515151416e+02,1.818541666666666572e+02
8.112535612535612017e+01,2.375797720797720558e+02,1.183908730158729981e+02,1.822043650793650613e+02
8.097481481481480614e+01,2.378281481481481308e+02,1.177514124293785329e+02,1.828399246704331347e+02
8.099858757062145287e+01,2.385536723163841657e+02,1.163025048169556754e+02,1.840308285163776532e+02
8.092877492877492784e+01,2.391282051282051384e+02,1.145193798449612359e+02,1.844302325581395223e+02
8.088596491228069851e+01,2.391491228070175339e+02,1.130648648648648589e+02,1.847945945945945994e+02
8.089692101740294561e+01,2.402824631860776208e+02,1.118600368324125043e+02,1.850073664825045796e+02
8.097979797979797922e+01,2.412005772005771860e+02,1.100108108108108098e+02,1.859963963963963636e+02
8.092866941015088855e+01,2.416268861454046544e+02,1.084655172413793167e+02,1.866417624521072582e+02
8.099858156028368228e+01,2.419333333333333087e+02,1.070512820512820440e+02,1.871959706959706864e+02
8.101084010840106941e+01,2.427303523035230342e+02,1.057005347593582911e+02,1.880160427807486769e+02
8.097018970189701292e+01,2.433279132791327868e+02,1.046755793226381428e+02,1.884616755793226162e+02
8.145295698924731198e+01,2.446075268817204176e+02,1.036544502617800987e+02,1.890436300174519886e+02
8.156000000000000227e+01,2.451253333333333160e+02,1.030628571428571405e+02,1.895371428571428680e+02
8.174564926372154616e+01,2.456198125836679935e+02,1.023351648351648322e+02,1.902069597069596796e+02
8.227224435590969165e+01,2.466759628154050290e+02,1.020296684118673483e+02,1.904677137870855006e+02
8.250730411686586763e+01,2.474980079681274958e+02,1.008918439716311894e+02,1.916276595744680833e+02
8.287250996015936266e+01,2.482204515272244123e+02,1.003664825046040505e+02,1.918987108655616680e+02
8.335170603674539791e+01,2.491246719160104988e+02,9.975089605734765996e+01,1.925752688172042895e+02
8.361133603238866385e+01,2.496356275303643599e+02,9.920744680851063890e+01,1.930957446808510554e+02
8.405859375000000000e+01,2.505104166666666572e+02,9.898646362098138241e+01,1.933587140439932170e+02
8.449596774193548754e+01,2.510846774193548470e+02,9.859487179487179276e+01,1.939709401709401391e+02
8.446963562753036570e+01,2.512995951417003937e+02,9.729239766081870755e+01,1.952007797270954939e+02
8.504625850340136139e+01,2.521374149659863804e+02,9.744067796610168841e+01,1.951826741996233352e+02
8.535376756066411019e+01,2.529450830140484925e+02,9.697752808988764173e+01,1.959438202247191043e+02
8.574809160305343880e+01,2.534770992366412088e+02,9.660256410256408799e+01,1.967747252747252844e+02
8.597222222222221433e+01,2.539065656565656468e+02,9.648816029143897310e+01,1.970983606557377072e+02
8.680075187969924855e+01,2.547180451127819651e+02,9.564673913043478137e+01,1.981757246376811281e+02
8.735807291666665719e+01,2.554700520833333144e+02,9.490476190476189799e+01,1.994285714285714164e+02
8.770098039215685048e+01,2.561433823529411598e+02,9.473118279569892763e+01,2.001738351254479937e+02
8.811318407960197874e+01,2.566268656716417809e+02,9.426111111111110574e+01,2.012629629629629449e+02
8.843820224719101475e+01,2.570911360799000818e+02,9.367346938775510523e+01,2.020578231292516875e+02
8.927716727716726552e+01,2.578461538461538680e+02,9.303183520599249334e+01,2.034513108614231953e+02
9.029249011857707785e+01,2.588972332015810025e+02,9.257826887661140347e+01,2.043259668508287348e+02
9.099341238471673421e+01,2.593623188405796895e+02,9.232252252252250457e+01,2.049027027027026975e+02
9.107333333333332348e+01,2.595733333333333235e+02,9.173025048169556328e+01,2.061541425818882374e+02
9.174103585657370274e+01,2.601168658698538820e+02,9.135483870967742348e+01,2.067921146953404730e+02
9.299305555555555713e+01,2.607458333333333371e+02,9.101104972375691204e+01,2.074143646408839743e+02
9.385732814526588186e+01,2.611841763942931038e+02,9.070018621973927964e+01,2.081880819366852791e+02
9.433736559139784106e+01,2.613682795698924792e+02,9.041493055555554292e+01,2.084565972222222001e+02
9.452303523035229205e+01,2.617411924119240894e+02,9.006261510128912562e+01,2.094235727440147059e+02
9.497820512820511851e+01,2.619666666666666401e+02,9.006261510128912562e+01,2.094235727440147059e+02
9.611845730027546608e+01,2.623016528925620037e+02,8.932258064516129537e+01,2.106003584229390526e+02
9.725694444444442865e+01,2.627736111111111086e+02,8.925846702317289783e+01,2.110142602495543542e+02
9.725435073627843963e+01,2.628982597054886128e+02,8.856648451730418969e+01,2.122058287795992442e+02
9.779166666666665719e+01,2.629075520833333144e+02,8.860670194003526490e+01,2.124532627865960990e+02
9.878678678678677727e+01,2.634909909909910084e+02,8.807677902621722410e+01,2.133707865168539399e+02
1.000404858299595077e+02,2.637908232118758178e+02,8.764835164835164960e+01,2.138260073260073000e+02
1.003410852713178230e+02,2.638669250645994566e+02,8.750531914893616658e+01,2.142996453900709071e+02
1.007630522088353473e+02,2.640856760374832675e+02,8.745789473684210691e+01,2.143754385964911933e+02
1.019092140921409140e+02,2.642682926829268126e+02,8.712724014336917833e+01,2.154426523297490803e+02
1.029001406469760838e+02,2.642995780590717345e+02,8.696545768566492995e+01,2.158013816925733863e+02
1.037881355932203320e+02,2.643516949152542566e+02,8.635614035087718321e+01,2.165491228070175111e+02
1.043649538866930158e+02,2.648458498023715606e+02,8.615706806282722141e+01,2.171029668411867135e+02
1.047245762711864359e+02,2.649053672316384223e+02,8.591666666666665719e+01,2.176340579710144709e+02
1.058750000000000000e+02,2.649291666666666742e+02,8.582456140350876694e+01,2.178807017543859388e+02
1.065772357723577244e+02,2.649674796747967207e+02,8.579679144385026746e+01,2.181158645276292134e+02
1.074909344490934444e+02,2.651115760111575810e+02,8.525354609929077299e+01,2.190177304964538791e+02
1.079744623655913927e+02,2.651760752688171578e+02,8.517636684303350592e+01,2.195590828924161997e+02
1.084549180327868783e+02,2.651584699453551934e+02,8.508333333333332860e+01,2.196510416666666572e+02
1.095391766268260199e+02,2.651009296148737917e+02,8.457326007326007300e+01,2.204432234432234168e+02
1.106392318244170099e+02,2.649026063100137094e+02,8.450637522768670351e+01,2.209435336976320343e+02
1.118448979591836689e+02,2.645632653061224460e+02,8.448387096774193594e+01,2.212921146953404730e+02
1.128353909465020593e+02,2.642002743484225107e+02,8.432991452991451808e+01,2.217880341880341746e+02
1.130343915343915313e+02,2.643359788359787785e+02,8.416326530612245449e+01,2.218792517006802427e+02
1.130690571049136679e+02,2.643081009296148522e+02,8.383071553228620587e+01,2.224642233856893370e+02
1.145740740740740620e+02,2.638981481481481524e+02,8.373333333333333428e+01,2.228198198198197986e+02
1.149209486166007963e+02,2.637931488801053774e+02,8.332446808510638903e+01,2.233741134751772677e+02
1.153371647509578537e+02,2.637931034482758719e+02,8.348484848484848442e+01,2.237542087542087188e+02
1.161355463347164516e+02,2.635117565698478188e+02,8.327580372250422158e+01,2.238934010152284202e+02
1.172451790633608795e+02,2.632245179063360752e+02,8.300383141762451089e+01,2.242547892720306209e+02
1.176297814207650134e+02,2.627103825136611590e+02,8.267741935483870463e+01,2.247652329749103615e+02
1.180055555555555458e+02,2.627666666666666515e+02,8.212072072072071194e+01,2.253495495495495504e+02
1.186280991735537214e+02,2.626611570247933969e+02,8.222527472527472980e+01,2.254249084249084092e+02
1.191746666666666528e+02,2.625693333333333044e+02,8.213594040968341403e+01,2.255232774674115319e+02
1.203021680216802167e+02,2.620338753387533757e+02,8.204494382022471655e+01,2.255973782771535241e+02
1.208537549407114682e+02,2.618577075098814362e+02,8.208888888888888857e+01,2.255074074074073849e+02
1.214857881136950795e+02,2.614160206718345876e+02,8.107427536231884346e+01,2.270923913043478137e+02
1.217509881422924849e+02,2.615098814229248774e+02,8.121985815602836567e+01,2.272127659574468055e+02
1.217228915662650621e+02,2.616452476572958403e+02,8.121985815602836567e+01,2.272127659574468055e+02
1.230928104575163360e+02,2.609464052287581239e+02,8.063023679417121059e+01,2.282331511839708469e+02
1.236158854166666572e+02,2.607122395833333144e+02,8.063023679417121059e+01,2.282331511839708469e+02
1.241821705426356601e+02,2.604121447028423404e+02,8.008040201005024983e+01,2.287453936348408376e+02
1.254568393094289434e+02,2.597968127490040047e+02,7.963636363636364024e+01,2.298092691622103132e+02
1.258695090439276498e+02,2.595607235142118725e+02,7.948853615520280869e+01,2.300934744268077452e+02
1.262801013941698329e+02,2.594816223067173269e+02,7.889871086556169644e+01,2.309650092081031119e+02
1.272567204301075208e+02,2.587943548387096939e+02,7.873437500000000000e+01,2.311684027777777430e+02
1.275910931174089029e+02,2.583643724696356117e+02,7.825378787878787534e+01,2.317859848484848158e+02
1.278700787401574814e+02,2.581469816272965545e+02,7.790185185185184480e+01,2.325388888888888914e+02
1.286453333333333262e+02,2.574119999999999777e+02,7.806227106227105139e+01,2.329175824175824232e+02
1.293306982872200308e+02,2.564927536231883778e+02,7.754467353951889663e+01,2.334948453608247405e+02
1.298499999999999943e+02,2.559541666666666799e+02,7.748299319727891543e+01,2.335612244897959044e+02
1.302675070028010964e+02,2.553767507002800983e+02,7.697556719022686877e+01,2.342757417102966713e+02
1.304024390243902474e+02,2.548685636856368433e+02,7.631684981684981040e+01,2.354963369963369644e+02
1.306248313090418378e+02,2.547179487179487012e+02,7.623834196891191084e+01,2.357720207253886144e+02
1.308790218790218773e+02,2.543294723294723099e+02,7.584079601990049468e+01,2.365373134328358162e+02
1.311217948717948616e+02,2.541551282051281930e+02,7.551980198019802515e+01,2.369966996699669721e+02
1.312952755905511708e+02,2.535288713910761089e+02,7.496907216494845727e+01,2.377061855670103228e+02
1.317541666666666629e+02,2.523263888888888573e+02,7.465585585585584738e+01,2.382738738738738675e+02
1.317690179806362210e+02,2.521618257261410747e+02,7.460606060606059486e+01,2.383511586452762856e+02
1.320138888888888857e+02,2.517138888888888744e+02,7.418761384335154219e+01,2.390582877959926975e+02
1.320380952380952237e+02,2.517333333333333201e+02,7.420725388601036343e+01,2.392918825561312417e+02
1.323361945636623602e+02,2.508526466380543525e+02,7.393226381461674634e+01,2.397040998217468655e+02
1.325406162464985869e+02,2.504705882352941160e+02,7.347350427350426116e+01,2.401880341880341803e+02
1.325409604519773836e+02,2.503898305084745743e+02,7.347350427350426116e+01,2.401880341880341803e+02
1.326833976833976863e+02,2.499292149292149077e+02,7.347350427350426116e+01,2.401880341880341803e+02
1.328027777777777771e+02,2.493347222222222115e+02,7.306813996316758164e+01,2.411639042357274150e+02
1.329453551912568230e+02,2.489931693989070709e+02,7.305045045045044105e+01,2.412522522522522479e+02
1.330442600276625171e+02,2.485629322268326291e+02,7.295211786372006202e+01,2.413020257826887587e+02
1.329211618257261307e+02,2.478215767634854672e+02,7.295211786372006202e+01,2.413020257826887587e+02
1.328843537414965965e+02,2.478448979591836689e+02,7.306126126126125087e+01,2.412306306306306283e+02
1.324696969696969688e+02,2.471755050505050235e+02,7.311408199643493333e+01,2.412228163992869838e+02
1.324835309617918142e+02,2.471515151515151274e+02,7.304504504504504325e+01,2.413225225225225188e+02
1.320408921933085367e+02,2.465241635687732469e+02,7.289502762430939242e+01,2.414732965009208101e+02
1.320770202020201793e+02,2.462676767676767611e+02,7.289502762430939242e+01,2.414732965009208101e+02
1.312390710382513532e+02,2.453265027322404137e+02,7.296969696969696884e+01,2.414545454545454675e+02
1.311153358681875716e+02,2.451660329531052014e+02,7.290151515151514161e+01,2.415397727272727195e+02
1.309802469135802312e+02,2.449888888888888800e+02,7.290248226950353683e+01,2.418085106382978609e+02
1.307150326797385560e+02,2.447986928104575099e+02,7.312121212121211045e+01,2.416590909090909065e+02
1.303046192259675138e+02,2.442309612983770251e+02,7.314258188824662454e+01,2.416493256262042166e+02
1.300634920634920491e+02,2.441269841269840981e+02,7.299019607843136725e+01,2.418411764705882376e+02
1.296240601503759535e+02,2.435877192982455881e+02,7.300389863547758296e+01,2.418031189083820323e+02
1.290692810457516373e+02,2.429372549019607845e+02,7.288454376163872439e+01,2.419739292364990320e+02
1.286332046332046275e+02,2.425675675675675791e+02,7.287777777777777999e+01,2.420888888888889028e+02
1.279872286079182544e+02,2.420268199233716473e+02,7.284162062615101263e+01,2.421197053406997952e+02
1.275086321381141943e+02,2.416334661354581783e+02,7.284162062615101263e+01,2.421197053406997952e+02
1.271887550200803219e+02,2.413306559571619516e+02,7.284162062615101263e+01,2.421197053406997952e+02
1.263989501312335904e+02,2.406994750656167810e+02,7.233885819521178462e+01,2.426408839779005575e+02
1.259500000000000028e+02,2.402846153846153925e+02,7.216221033868092150e+01,2.432067736185383069e+02
1.257410256410256295e+02,2.401025641025640880e+02,7.213693693693693376e+01,2.431873873873873606e+02
1.257636122177954690e+02,2.400039840637450084e+02,7.189583333333332860e+01,2.433125000000000000e+02
1.247836477987421233e+02,2.392968553459119505e+02,7.176795580110497497e+01,2.434953959484346058e+02
1.243397190293741943e+02,2.390127713920817314e+02,7.186979166666667140e+01,2.434322916666666572e+02
1.235897435897435912e+02,2.384525641025640823e+02,7.189830508474575765e+01,2.437288135593220204e+02
1.234501312335957977e+02,2.384829396325459356e+02,7.189830508474575765e+01,2.437288135593220204e+02
1.227835325365205676e+02,2.378658698539176441e+02,7.175089605734765996e+01,2.439892473118279668e+02
1.222849673202614298e+02,2.375032679738561967e+02,7.175089605734765996e+01,2.439892473118279668e+02
1.212968750000000000e+02,2.369101562500000000e+02,7.114981273408238849e+01,2.446928838951310468e+02
1.210909090909090935e+02,2.367310606060605949e+02,7.097951582867783316e+01,2.453165735567970103e+02
1.206832694763729137e+02,2.363729246487866931e+02,7.099089253187612769e+01,2.452987249544626422e+02
1.198207070707070585e+02,2.358118686868686780e+02,7.059042553191488878e+01,2.456329787234042499e+02
1.192022900763358848e+02,2.355267175572519136e+02,7.054723707664884103e+01,2.456827094474153057e+02
1.183267195767195687e+02,2.348346560846560749e+02,7.050440917107583516e+01,2.462522045855378963e+02
1.183409378960709688e+02,2.348504435994930191e+02,7.020138888888888573e+01,2.468906250000000000e+02
1.176426767676767611e+02,2.343573232323232105e+02,7.020138888888888573e+01,2.468906250000000000e+02
1.168339393939393887e+02,2.338206060606060532e+02,6.963333333333332575e+01,2.479157894736842138e+02
1.158683886838868347e+02,2.332127921279212615e+02,6.965201465201464259e+01,2.479505494505494596e+02
1.150635538261997368e+02,2.327496757457846854e+02,6.945519713261649031e+01,2.486559139784946240e+02
1.145521628498727580e+02,2.323854961832061008e+02,6.930236794171219117e+01,2.491621129326047139e+02
1.134532279314887973e+02,2.317233201581027799e+02,6.907207207207206068e+01,2.494468468468468245e+02
1.125573549257759680e+02,2.310823211875843128e+02,6.882291666666667140e+01,2.497048611111110858e+02
1.118418300653594741e+02,2.305986928104574929e+02,6.852049910873439842e+01,2.504224598930481420e+02
1.109591315453384368e+02,2.298799489144316510e+02,6.841269841269841834e+01,2.510564373897707071e+02
1.103359273670557741e+02,2.295317769130998613e+02,6.821033868092690966e+01,2.519144385026737893e+02
1.100040000000000049e+02,2.292786666666666520e+02,6.748306595365417593e+01,2.529126559714794951e+02
1.095340909090909065e+02,2.288409090909090935e+02,6.704999999999999716e+01,2.535685185185184878e+02
1.083400537634408494e+02,2.280873655913978268e+02,6.697740112994350170e+01,2.550489642184557226e+02
1.078301158301158296e+02,2.277528957528957392e+02,6.711692844677136804e+01,2.557626527050610719e+02
1.075723270440251440e+02,2.275106918238993501e+02,6.678522336769758283e+01,2.572714776632302005e+02
1.068959899749373363e+02,2.270000000000000000e+02,6.678770949720670558e+01,2.583407821229050114e+02
1.070244200244200101e+02,2.270012210012209835e+02,6.683695652173912549e+01,2.600181159420289418e+02
1.063863368669022407e+02,2.265959952885747839e+02,6.706563039723661745e+01,2.611917098445595684e+02
1.050000000000000000e+02,2.256537467700258333e+02,6.707308377896612228e+01,2.626167557932263321e+02
1.044157014157014061e+02,2.252779922779922686e+02,6.703333333333333144e+01,2.639037037037036839e+02
1.040704402515723217e+02,2.249471698113207481e+02,6.724677716390422688e+01,2.646795580110497212e+02
1.034544270833333286e+02,2.243736979166666572e+02,6.746927374301675684e+01,2.659608938547485764e+02
1.030498687664041881e+02,2.241627296587926423e+02,6.773410404624277703e+01,2.669017341040462270e+02
1.023217503217503150e+02,2.234015444015444132e+02,6.823293172690762276e+01,2.680943775100401467e+02
1.019475655430711640e+02,2.233445692883895219e+02,6.822088353413654715e+01,2.694658634538152455e+02
1.014087301587301653e+02,2.226455026455026314e+02,6.837827715355804514e+01,2.700074906367041194e+02
1.013017127799736414e+02,2.223570487483530655e+02,6.859318996415770187e+01,2.703369175627240111e+02
1.011038461538461490e+02,2.219128205128205025e+02,6.893298059964726576e+01,2.713139329805996454e+02
1.003221757322175733e+02,2.201506276150627741e+02,6.914901960784312962e+01,2.724686274509803638e+02
1.004987080103359034e+02,2.201291989664082394e+02,6.949523809523809348e+01,2.731085714285714516e+02
1.004715447154471519e+02,2.194363143631436230e+02,6.946448087431693352e+01,2.736010928961748618e+02
1.004176245210727956e+02,2.195810983397190341e+02,6.993678160919540687e+01,2.748716475095785086e+02
1.002079889807162516e+02,2.184146005509641668e+02,6.996703296703296360e+01,2.749908424908424536e+02
1.001250000000000000e+02,2.179913793103448256e+02,7.042357274401473433e+01,2.756850828729281488e+02
1.001759656652360491e+02,2.170715307582260323e+02,7.079092702169624829e+01,2.766686390532544237e+02
1.001540616246498558e+02,2.169131652661064322e+02,7.078352490421455911e+01,2.769118773946360079e+02
1.002587904360056257e+02,2.162180028129395168e+02,7.088888888888888573e+01,2.774424603174603021e+02
1.002970711297071063e+02,2.161924686192468528e+02,7.081800766283524240e+01,2.770823754789271902e+02
1.003088023088022993e+02,2.146955266955266950e+02,7.141713221601489181e+01,2.783966480446927108e+02
1.002962962962962905e+02,2.151015089163237235e+02,7.144206773618537909e+01,2.785294117647058556e+02
1.003360323886639662e+02,2.142577597840755743e+02,7.140900900900901149e+01,2.785243243243243114e+02
1.002408163265306058e+02,2.143047619047619037e+02,7.148975791433890947e+01,2.787895716945996014e+02
1.003539253539253480e+02,2.137580437580437263e+02,7.143533697632058477e+01,2.788051001821493173e+02
1.005919999999999987e+02,2.127826666666666711e+02,7.175664621676891386e+01,2.793578732106338975e+02
1.009902370990237017e+02,2.121297071129707206e+02,7.185542168674699326e+01,2.795220883534136647e+02
1.007255689424363965e+02,2.126987951807228967e+02,7.185542168674699326e+01,2.795220883534136647e+02
1.011423076923076962e+02,2.118038461538461661e+02,7.188690476190475920e+01,2.795158730158730123e+02
1.013533834586466185e+02,2.119210526315789593e+02,7.182846003898634990e+01,2.792748538011695700e+02
1.017454780361757116e+02,2.111098191214470035e+02,7.213108614232208993e+01,2.799962546816479403e+02
1.019911280101394055e+02,2.107731305449936485e+02,7.205496453900708786e+01,2.802890070921985739e+02
1.019265091863516943e+02,2.108897637795275557e+02,7.199263351749539197e+01,2.802744014732965070e+02
1.022322097378277164e+02,2.105867665418227261e+02,7.199263351749539197e+01,2.802744014732965070e+02
1.023513513513513544e+02,2.106280566280566120e+02,7.202048417132215263e+01,2.802551210428305239e+02
1.027242798353909450e+02,2.101028806584362201e+02,7.213759689922480334e+01,2.807054263565891006e+02
1.029807162534435179e+02,2.099848484848484702e+02,7.208431372549019045e+01,2.810039215686274474e+02
1.033682795698924650e+02,2.100241935483871032e+02,7.210536398467432662e+01,2.811187739463601361e+02
1.031098191214470177e+02,2.101304909560723502e+02,7.212865497076023757e+01,2.809941520467836540e+02
1.037239583333333286e+02,2.100546875000000000e+02,7.212865497076023757e+01,2.809941520467836540e+02
1.043242187500000000e+02,2.101184895833333144e+02,7.201937984496123590e+01,2.811085271317829211e+02
1.043031496062992147e+02,2.102007874015748143e+02,7.185249042145592568e+01,2.808659003831417635e+02
1.050734693877550967e+02,2.101183673469387827e+02,7.183522727272726627e+01,2.805833333333333144e+02
1.053778677462887998e+02,2.100715249662617907e+02,7.183522727272726627e+01,2.805833333333333144e+02
1.053278008298755140e+02,2.102683264177040030e+02,7.177071290944122950e+01,2.807976878612716973e+02
1.059758865248226840e+02,2.103375886524822533e+02,7.174566473988438986e+01,2.815105973025047774e+02
1.063784153005464361e+02,2.106434426229508290e+02,7.180113636363635976e+01,2.818901515151515014e+02
1.066599190283400844e+02,2.107732793522267229e+02,7.178294573643410104e+01,2.818042635658914605e+02
1.062069892473118244e+02,2.106061827956989134e+02,7.178294573643410104e+01,2.818042635658914605e+02
1.063173333333333233e+02,2.110786666666666633e+02,7.180838323353293617e+01,2.817005988023952341e+02
1.064872773536895636e+02,2.110661577608142352e+02,7.178698224852071519e+01,2.823333333333333144e+02
1.072874015748031553e+02,2.116115485564304208e+02,7.173410404624277703e+01,2.823448940269749414e+02
1.072556894243641068e+02,2.115943775100401467e+02,7.186585365853657947e+01,2.825243902439024168e+02
1.069450980392156794e+02,2.113032679738561797e+02,7.186585365853657947e+01,2.825243902439024168e+02
1.076473616473616346e+02,2.119781209781209554e+02,7.187790697674418539e+01,2.829321705426356175e+02
1.079825970548861989e+02,2.122556894243641068e+02,7.179190751445086960e+01,2.828439306358381486e+02
1.087278645833333286e+02,2.129635416666666572e+02,7.193678160919540687e+01,2.828697318007662602e+02
1.089894598155467662e+02,2.131567852437417514e+02,7.195930232558139039e+01,2.829922480620155056e+02
1.092084893882646668e+02,2.133570536828963498e+02,7.192911877394635667e+01,2.828544061302681598e+02
1.099143239625167183e+02,2.142061579651940804e+02,7.192911877394635667e+01,2.828544061302681598e+02
1.102460317460317469e+02,2.145965608465608341e+02,7.192081031307550631e+01,2.830110497237569120e+02
1.109105058365758794e+02,2.151530479896238433e+02,7.188512241054613128e+01,2.830564971751412600e+02
1.114581724581724558e+02,2.157812097812097534e+02,7.192551210428304387e+01,2.831117318435753987e+02
1.119294117647058755e+02,2.162745098039215748e+02,7.190842490842490520e+01,2.829468864468864240e+02
1.124309895833333286e+02,2.166809895833333144e+02,7.198305084745763338e+01,2.832881355932203178e+02
1.123207547169811278e+02,2.167471698113207594e+02,7.195436507936507553e+01,2.837460317460316901e+02
1.131913814955640021e+02,2.174930291508238156e+02,7.203065134099615818e+01,2.834444444444444002e+02
1.139018181818181858e+02,2.181854545454545473e+02,7.206285714285714050e+01,2.836800000000000068e+02
1.142365196078431353e+02,2.187450980392156907e+02,7.202579365079364493e+01,2.837817460317460245e+02
1.154685792349726796e+02,2.200846994535519059e+02,7.211731843575418566e+01,2.838547486033519363e+02
1.157541827541827502e+02,2.204157014157014203e+02,7.219047619047618980e+01,2.841200000000000045e+02
1.159440298507462757e+02,2.206007462686567067e+02,7.218784530386740528e+01,2.836243093922652179e+02
1.163705080545229151e+02,2.210607187112763086e+02,7.218784530386740528e+01,2.836243093922652179e+02
1.170755735492577543e+02,2.221403508771929864e+02,7.215083798882682231e+01,2.835865921787709567e+02
1.173876262626262559e+02,2.228345959595959300e+02,7.259770114942529062e+01,2.839674329501915508e+02
1.175657370517928229e+02,2.233824701195219120e+02,7.337572254335259458e+01,2.834508670520231135e+02
1.179384203480588980e+02,2.249477911646586392e+02,7.472571428571428953e+01,2.834533333333333189e+02
1.180674763832658414e+02,2.251700404858299578e+02,7.579885057471264531e+01,2.833218390804597675e+02
1.182432432432432421e+02,2.260051480051479871e+02,7.658931860036831551e+01,2.830202578268876437e+02
1.182904564315352758e+02,2.267980636237897443e+02,7.779960317460316332e+01,2.827817460317460245e+02
1.183113854595335965e+02,2.279314128943758249e+02,7.884393063583814865e+01,2.824200385356454603e+02
1.182793148880105321e+02,2.284216073781290959e+02,7.950378787878787534e+01,2.822689393939393767e+02
1.182476943346508449e+02,2.290527009222661263e+02,8.005347593582887100e+01,2.818716577540106982e+02
1.183264177040110496e+02,2.294011065006915544e+02,nan,nan
1.182258953168043973e+02,2.300909090909090935e+02,8.216078431372548607e+01,2.817372549019607391e+02
1.182371541501976253e+02,2.311633728590250030e+02,8.278252032520325088e+01,2.816788617886178372e+02
1.182322834645669332e+02,2.315354330708661337e+02,8.295081967213114638e+01,2.812149362477231307e+02
1.181899371069182365e+02,2.319748427672955700e+02,8.333879781420765198e+01,2.810983606557376788e+02
1.181434599156118139e+02,2.327144866385372382e+02,8.419215686274509380e+01,2.808607843137254463e+02
1.181475625823451878e+02,2.332938076416337196e+02,8.468913857677902968e+01,2.808539325842696712e+02
1.180013123359580050e+02,2.334278215223096993e+02,8.525730994152046094e+01,2.806822612085769606e+02
1.179852150537634401e+02,2.341034946236559051e+02,8.515873015873015106e+01,2.806150793650793389e+02
1.178969210174029456e+02,2.344337349397590344e+02,8.518644067796610386e+01,2.804971751412429626e+02
1.178242894056847518e+02,2.346614987080103276e+02,8.541762452107279557e+01,2.805306513409961440e+02
1.177617135207496517e+02,2.354993306559571522e+02,8.568876611418048128e+01,2.805027624309392422e+02
1.175468319559228547e+02,2.361377410468319340e+02,8.583333333333332860e+01,2.805378787878787534e+02
1.170332005312084931e+02,2.365896414342629441e+02,8.596862745098039227e+01,2.804843137254901535e+02
1.172281368821292773e+02,2.363992395437262246e+02,8.596862745098039227e+01,2.804843137254901535e+02
1.173333333333333286e+02,2.366246819338422256e+02,8.596862745098039227e+01,2.804843137254901535e+02
1.161798941798941769e+02,2.375568783068782750e+02,8.592100192678226733e+01,2.805741811175336693e+02
1.153753501400560140e+02,2.382408963585434094e+02,8.553787878787878185e+01,2.805871212121211897e+02
1.148893333333333260e+02,2.384653333333333194e+02,8.573643410852713487e+01,2.806124031007751682e+02
1.142212643678160902e+02,2.388879310344827616e+02,8.573643410852713487e+01,2.806124031007751682e+02
1.140130718954248294e+02,2.391032679738561910e+02,8.566274509803920978e+01,2.806372549019607732e+02
1.131124497991967814e+02,2.396572958500669301e+02,8.580842911877394386e+01,2.813371647509578679e+02
1.124435374149659737e+02,2.399197278911564410e+02,8.585515873015872046e+01,2.815019841269840981e+02
1.120740740740740620e+02,2.402142857142857224e+02,8.560980392156862706e+01,2.815490196078430927e+02
1.117518796992481214e+02,2.403157894736842195e+02,8.560980392156862706e+01,2.815490196078430927e+02
1.099698162729658719e+02,2.413005249343831906e+02,8.552131782945735949e+01,2.815251937984496067e+02
1.095546772068511103e+02,2.414044795783925963e+02,8.570809792843689934e+01,2.817532956685498675e+02
1.085849802371541557e+02,2.417509881422924991e+02,8.599036608863197273e+01,2.817822736030828423e+02
1.077876447876447941e+02,2.420978120978120671e+02,8.561742424242423510e+01,2.818750000000000000e+02
1.066460055096418671e+02,2.426157024793388359e+02,8.611428571428571388e+01,2.819942857142856951e+02
1.060394402035623358e+02,2.429974554707378900e+02,8.626556776556775219e+01,2.821025641025640880e+02
1.039861687413554563e+02,2.436652835408021929e+02,8.655238095238094331e+01,2.821752380952380577e+02
1.025006973500697285e+02,2.441757322175732270e+02,8.651001821493623822e+01,2.825792349726775683e+02
1.019070385126161966e+02,2.443466135458167230e+02,8.659744990892531291e+01,2.827103825136612159e+02
1.009521857923497237e+02,2.448920765027322375e+02,8.651515151515151558e+01,2.826590909090909349e+02
9.990211640211639121e+01,2.452248677248677211e+02,8.703442028985506340e+01,2.830072463768115654e+02
9.926718547341114629e+01,2.453437094682230679e+02,8.788888888888888573e+01,2.834366471734892912e+02
9.825365205843291960e+01,2.457025232403718178e+02,8.802845528455284807e+01,2.834451219512195053e+02
9.783760683760682753e+01,2.459120879120879124e+02,8.856647398843931285e+01,2.834470134874758855e+02
9.614656290531776506e+01,2.464007782101167265e+02,8.878212290502793280e+01,2.836741154562383258e+02
9.533864541832669204e+01,2.468207171314741117e+02,8.878212290502793280e+01,2.836741154562383258e+02
9.551781170483459960e+01,2.466374045801526620e+02,9.043558282208589105e+01,2.844212678936605130e+02
9.326990553306342235e+01,2.475168690958164461e+02,9.084738955823293338e+01,2.843875502008031617e+02
9.271685971685970173e+01,2.476718146718146727e+02,9.153254437869821913e+01,2.844437869822485254e+02
9.184217171717170913e+01,2.480126262626262417e+02,9.167829457364341295e+01,2.846104651162790447e+02
9.134595959595958448e+01,2.481994949494949481e+02,9.224581005586591687e+01,2.846685288640595672e+02
9.035156250000000000e+01,2.485065104166666572e+02,9.282840236686391222e+01,2.849566074950690222e+02
8.904705882352941160e+01,2.490169934640522627e+02,9.391913214990137249e+01,2.851084812623273592e+02
8.900377358490565882e+01,2.491798742138364275e+02,9.448062015503874989e+01,2.852189922480620226e+02
8.844402035623409120e+01,2.492862595419847196e+02,9.548015873015872046e+01,2.854980158730158450e+02
8.773207547169810994e+01,2.494767295597484065e+02,9.627118644067796538e+01,2.852297551789076806e+02
8.691377091377090380e+01,2.498661518661518528e+02,9.747037037037036100e+01,2.849925925925925867e+02
8.548106060606060908e+01,2.504141414141413975e+02,9.860919540229885172e+01,2.845095785440612985e+02
8.457051282051281760e+01,2.507525641025640937e+02,9.930651340996168130e+01,2.840977011494252906e+02
8.398933333333333451e+01,2.509666666666666686e+02,1.004210526315789451e+02,2.834658869395711349e+02
8.413413014608232743e+01,2.510610889774236227e+02,1.006310160427807432e+02,2.831675579322637759e+02
8.328156565656564680e+01,2.513674242424242493e+02,1.017602996254681642e+02,2.824213483146067460e+02
8.200940860215052908e+01,2.516935483870967687e+02,1.023795761078997941e+02,2.820366088631984098e+02
8.168863049095605788e+01,2.516795865633074811e+02,1.032768670309653771e+02,2.815373406193078267e+02
8.076788124156544768e+01,2.516315789473684106e+02,1.036355785837650956e+02,2.811830742659757902e+02
8.040557667934092478e+01,2.515716096324461262e+02,1.041444444444444457e+02,2.808166666666666629e+02
7.904005167958655420e+01,2.515723514211886140e+02,1.043471502590673623e+02,2.806027633851467726e+02
7.865239948119324254e+01,2.515979247730220436e+02,1.053097826086956559e+02,2.799981884057970660e+02
7.771223958333332860e+01,2.512968750000000000e+02,1.057238658777120293e+02,2.799881656804734007e+02
7.701734820322180042e+01,2.512961586121436994e+02,1.057238658777120293e+02,2.799881656804734007e+02
7.696254681647940288e+01,2.512983770287140715e+02,1.060434782608695627e+02,2.798840579710144993e+02
7.590440251572326247e+01,2.509874213836477566e+02,1.060434782608695627e+02,2.798840579710144993e+02
7.490763052208835404e+01,2.506385542168674760e+02,1.066866267465069740e+02,2.794031936127744302e+02
7.451686909581646034e+01,2.506261808367071353e+02,1.069807321772639597e+02,2.793294797687861433e+02
7.471025641025640596e+01,2.506756410256410277e+02,1.067758620689655231e+02,2.797739463601532179e+02
7.417716535433071101e+01,2.503267716535433181e+02,1.067897727272727337e+02,2.798049242424242493e+02
7.359895833333332860e+01,2.498971354166666572e+02,1.068615984405458050e+02,2.796081871345029413e+02
7.352020202020202078e+01,2.499633838383838338e+02,1.073261261261261126e+02,2.792990990990990667e+02
7.299596774193548754e+01,2.495403225806451530e+02,1.072552380952380844e+02,2.794419047619047092e+02
7.282010582010580890e+01,2.494761904761904816e+02,1.072552380952380844e+02,2.794419047619047092e+02
7.272178477690287934e+01,2.496272965879264802e+02,1.077528089887640448e+02,2.792677902621722978e+02
7.195460440985732475e+01,2.489040207522697585e+02,1.077528089887640448e+02,2.792677902621722978e+02
7.139919354838710319e+01,2.480268817204301115e+02,1.081220930232558146e+02,2.788158914728682021e+02
7.106013071895424105e+01,2.478836601307189369e+02,1.076470588235294059e+02,2.793511586452762572e+02
7.110012674271229116e+01,2.478048162230671778e+02,1.076470588235294059e+02,2.793511586452762572e+02
7.072619047619048160e+01,2.470912698412698489e+02,1.077112299465240710e+02,2.792762923351158406e+02
7.055681818181818699e+01,2.471111111111110858e+02,1.076944444444444429e+02,2.791996527777777715e+02
7.029729729729729115e+01,2.460965250965250846e+02,1.075960144927536106e+02,2.793623188405796895e+02
7.010483870967742348e+01,2.459126344086021447e+02,1.074535519125683010e+02,2.794808743169398895e+02
6.996251673360106338e+01,2.453734939759036138e+02,1.075703703703703553e+02,2.793685185185184991e+02
7.009244791666665719e+01,2.452968750000000000e+02,1.075703703703703553e+02,2.793685185185184991e+02
6.992430278884462780e+01,2.446613545816732938e+02,1.075703703703703553e+02,2.793685185185184991e+02
6.985599999999999454e+01,2.438613333333333060e+02,1.080073664825045938e+02,2.792707182320442030e+02
6.975651041666665719e+01,2.433736979166666572e+02,1.079553072625698320e+02,2.792346368715083713e+02
6.971805006587614173e+01,2.425797101449275317e+02,1.079653179190751473e+02,2.791772639691714630e+02
6.967737617135206563e+01,2.424176706827309147e+02,1.079653179190751473e+02,2.791772639691714630e+02
6.966303030303029686e+01,2.427127272727272782e+02,1.079922027290448199e+02,2.793313840155945513e+02
6.968533333333333246e+01,2.406893333333333089e+02,1.084186046511627950e+02,2.791724806201549995e+02
6.966536458333332860e+01,2.404921875000000000e+02,1.087370370370370267e+02,2.789925925925925867e+02
6.955555555555554292e+01,2.402209595959595845e+02,1.086891385767790155e+02,2.789981273408239417e+02
6.964409030544487678e+01,2.398366533864541736e+02,1.089942196531791865e+02,2.790327552986512387e+02
6.986058301647655355e+01,2.390342205323193809e+02,1.087003745318351946e+02,2.792958801498127173e+02
7.042801556420234022e+01,2.376783398184176122e+02,1.092537037037036924e+02,2.790462962962962479e+02
7.027443609022556359e+01,2.378596491228070136e+02,1.098323353293413192e+02,2.789680638722554704e+02
7.065563725490196134e+01,2.373431372549019329e+02,1.098862745098039113e+02,2.788529411764706083e+02
7.081592039800993632e+01,2.369278606965173992e+02,1.098895463510848032e+02,2.789644970414201453e+02
7.096311475409835623e+01,2.364303278688524586e+02,1.100493096646942774e+02,2.790473372781065109e+02
7.138844086021505575e+01,2.354341397849462396e+02,1.109254901960784281e+02,2.784705882352941444e+02
7.131093544137021922e+01,2.352621870882740325e+02,1.109031007751937921e+02,2.785290697674418539e+02
7.130641025641024555e+01,2.350102564102564031e+02,1.109031007751937921e+02,2.785290697674418539e+02
7.144488188976377785e+01,2.349160104986876547e+02,1.109031007751937921e+02,2.785290697674418539e+02
7.170454545454545325e+01,2.342070707070706987e+02,1.114990689013035308e+02,2.783109869646182233e+02
7.231679389312976980e+01,2.330877862595419856e+02,1.118170289855072355e+02,2.781014492753623131e+02
7.238952745849296377e+01,2.329642401021711180e+02,1.120073260073260002e+02,2.779175824175824232e+02
7.259800249687889107e+01,2.327028714107365772e+02,1.118787878787878611e+02,2.781193181818181870e+02
7.251002506265663783e+01,2.324022556390977456e+02,1.122536231884057827e+02,2.777771739130434980e+02
7.285070785070784893e+01,2.318918918918919019e+02,1.125322283609576317e+02,2.776906077348066333e+02
7.357066666666665355e+01,2.310386666666666429e+02,1.133981481481481381e+02,2.770962962962962592e+02
7.359303882195447954e+01,2.305809906291833897e+02,1.135819521178637075e+02,2.772965009208102742e+02
7.435504469987228049e+01,2.296347381864623287e+02,1.137163120567375785e+02,2.770283687943262407e+02
7.451719576719575855e+01,2.291164021164020994e+02,1.137163120567375785e+02,2.770283687943262407e+02
7.491666666666665719e+01,2.284635416666666572e+02,1.139735449735449748e+02,2.768359788359788354e+02
7.509308176100627463e+01,2.279610062893081590e+02,1.150331384015594409e+02,2.759512670565301846e+02
7.548574969021065328e+01,2.274869888475836319e+02,1.150685714285714312e+02,2.760038095238095366e+02
7.575000000000000000e+01,2.269614427860696537e+02,1.151156069364161851e+02,2.759287090558766522e+02
7.647232472324722607e+01,2.259212792127921148e+02,1.154134790528233054e+02,2.755719489981784704e+02
7.662701363073109917e+01,2.256232961586121348e+02,1.158614457831325240e+02,2.753795180722891587e+02
7.745090439276485483e+01,2.244457364341085395e+02,1.163762183235867411e+02,2.754561403508772059e+02
7.786392009987514484e+01,2.237215980024968758e+02,1.164022346368715120e+02,2.756405959031657176e+02
7.820561941251595783e+01,2.230255427841634628e+02,1.164022346368715120e+02,2.756405959031657176e+02
7.858656330749353458e+01,2.224431524547803463e+02,1.169710982658959608e+02,2.750173410404624406e+02
7.923177083333332860e+01,2.215664062500000000e+02,1.169710982658959608e+02,2.750173410404624406e+02
8.009891598915989164e+01,2.202737127371273402e+02,1.176267465069860094e+02,2.748183632734530875e+02
8.058076923076923492e+01,2.196012820512820269e+02,1.178342440801457087e+02,2.750091074681238297e+02
8.092933333333333223e+01,2.188786666666666463e+02,1.178342440801457087e+02,2.750091074681238297e+02
8.129571984435797560e+01,2.183164721141374685e+02,1.183535911602210007e+02,2.745837937384898737e+02
8.204597701149425859e+01,2.172337164750957754e+02,1.183925925925925782e+02,2.745388888888888914e+02
8.277108433734939297e+01,2.161084337349397515e+02,1.186964618249534311e+02,2.744897579143388953e+02
8.341076115485563491e+01,2.154028871391076052e+02,1.189468864468864382e+02,2.745787545787545696e+02
8.377124183006534963e+01,2.145633986928104378e+02,1.191764705882352899e+02,2.746185383244206832e+02
8.388709677419355160e+01,2.140793010752688019e+02,1.191764705882352899e+02,2.746185383244206832e+02
8.422853535353534937e+01,2.137272727272727195e+02,1.196468468468468274e+02,2.743117117117117232e+02
8.523194444444443718e+01,2.121305555555555316e+02,1.197397003745318216e+02,2.741704119850186885e+02
8.577200000000000557e+01,2.114639999999999986e+02,1.201355932203389898e+02,2.741016949152542566e+02
8.599596774193548754e+01,2.108884408602150415e+02,1.201355932203389898e+02,2.741016949152542566e+02
8.596982167352537374e+01,2.108395061728394921e+02,1.205040160642570157e+02,2.739839357429718802e+02
8.702074688796680846e+01,2.090497925311203460e+02,1.205109780439121749e+02,2.740000000000000000e+02
8.755927475592746134e+01,2.080571827057182475e+02,1.210177514792899416e+02,2.738737672583826566e+02
8.777823129251699186e+01,2.077578231292517046e+02,1.210484496124030898e+02,2.739244186046511800e+02
8.831372549019607732e+01,2.065137254901960659e+02,1.211226053639846612e+02,2.738793103448275588e+02
8.901866666666666106e+01,2.056346666666666465e+02,1.213786982248520729e+02,2.738737672583826566e+02
8.944625850340135287e+01,2.048149659863945544e+02,1.217100591715976350e+02,2.737554240631163793e+02
8.962916666666666288e+01,2.040513888888888800e+02,1.221169590643274887e+02,2.739805068226120852e+02
8.973627844712181911e+01,2.039558232931726991e+02,1.220037878787878611e+02,2.741477272727272521e+02
9.043184885290148145e+01,2.028812415654520862e+02,1.221028571428571468e+02,2.740495238095238051e+02
9.090909090909090651e+01,2.021054018445322811e+02,1.226906077348066333e+02,2.740055248618784276e+02
9.148496732026143263e+01,2.011712418300653553e+02,1.226906077348066333e+02,2.740055248618784276e+02
9.169358974358974024e+01,2.006038461538461490e+02,1.232071005917159709e+02,2.739033530571991832e+02
9.225390625000000000e+01,1.999830729166666572e+02,1.235196078431372513e+02,2.739196078431372143e+02
9.253227931488800095e+01,1.994835309617918142e+02,1.235019379844961236e+02,2.739728682170542129e+02
9.305284552845527912e+01,1.985975609756097526e+02,1.240076190476190447e+02,2.738666666666666742e+02
9.325130208333332860e+01,1.980872395833333144e+02,1.240076190476190447e+02,2.738666666666666742e+02
9.401255230125522644e+01,1.969832635983263458e+02,1.245622489959839214e+02,2.737891566265060419e+02
9.469354838709676869e+01,1.965322580645161281e+02,1.250289017341040392e+02,2.735183044315992333e+02
9.497354497354497482e+01,1.963941798941798709e+02,1.250387596899224718e+02,2.735310077519379774e+02
9.553539253539253195e+01,1.959987129987129890e+02,1.252800788954635038e+02,2.734319526627218693e+02
9.640650406504065018e+01,1.952913279132791331e+02,1.254497041420118393e+02,2.734122287968441469e+02
9.703030303030303116e+01,1.947327823691459798e+02,1.263219696969696884e+02,2.733598484848484418e+02
9.791176470588234793e+01,1.943557422969187485e+02,1.264113060428849877e+02,2.734502923976608031e+02
9.762002743484224254e+01,1.944046639231824258e+02,1.264932562620423795e+02,2.734219653179191027e+02
9.864845938375349021e+01,1.937184873949579753e+02,1.271290944123313977e+02,2.731772639691714630e+02
9.917991631799162633e+01,1.936290097629009495e+02,1.274394785847299687e+02,2.733798882681564351e+02
1.000660660660660568e+02,1.932162162162162247e+02,1.286511627906976685e+02,2.736317829457364041e+02
1.004556040756914115e+02,1.932998544395924228e+02,1.300236686390532554e+02,2.742011834319526429e+02
9.985052910052910136e+01,1.935224867724867579e+02,1.309781420765027349e+02,2.742914389799635160e+02
1.004303797468354418e+02,1.935386779184247530e+02,1.325946502057612975e+02,2.741913580246913398e+02
1.008717948717948616e+02,1.936504723346828598e+02,1.333274853801169684e+02,2.743547758284600491e+02
1.011300138312586370e+02,1.938326417704010964e+02,1.347871485943774985e+02,2.745662650602409371e+02
1.011881720430107379e+02,1.938508064516128968e+02,1.355387596899224718e+02,2.747461240310076960e+02
1.015607843137254918e+02,1.942196078431372541e+02,1.364960317460317469e+02,2.748055555555555429e+02
1.017129629629629477e+02,1.944365079365079225e+02,1.374969325153374200e+02,2.748752556237218414e+02
1.018898071625344244e+02,1.944049586776859542e+02,1.382851405622489835e+02,2.749799196787148503e+02
1.021414965986394492e+02,1.945836734693877474e+02,nan,nan
1.023346253229974110e+02,1.947273901808785297e+02,1.399818181818181699e+02,2.751151515151515241e+02
1.024505208333333286e+02,1.948320312500000000e+02,1.410450980392156737e+02,2.749980392156862763e+02
1.035282258064516157e+02,1.954959677419354875e+02,1.422899408284023650e+02,2.748106508875739564e+02
1.033483606557377072e+02,1.953360655737704974e+02,1.432538759689922472e+02,2.747131782945736518e+02
1.039096692111959186e+02,1.959083969465648920e+02,1.437231638418079172e+02,2.748681732580037647e+02
1.040583016476552558e+02,1.960278833967046808e+02,1.450769230769230660e+02,2.747455621301775182e+02
1.044093789607097449e+02,1.963700887198985754e+02,1.457950310559006084e+02,2.745569358178053676e+02
1.047299077733860315e+02,1.966152832674571584e+02,1.468148148148148096e+02,2.746725146198830316e+02
1.049974160206718352e+02,1.969677002583979117e+02,1.485873983739837456e+02,2.746910569105691025e+02
1.056383526383526288e+02,1.973500643500643434e+02,1.498293172690762844e+02,2.746325301204819311e+02
1.061093544137022349e+02,1.977654808959156583e+02,1.506944444444444287e+02,2.745992063492063266e+02
1.066481481481481524e+02,1.982296296296296418e+02,1.522249488752556204e+02,2.744437627811860807e+02
1.074516539440203502e+02,1.989809160305343596e+02,1.537313725490195964e+02,2.744274509803921660e+02
1.077330827067669219e+02,1.992268170426064842e+02,1.551030303030302946e+02,2.743050505050504739e+02
1.081641221374045756e+02,1.996908396946564892e+02,1.564341563786008180e+02,2.740596707818929758e+02
1.086728395061728349e+02,2.000938271604938166e+02,1.578259259259259011e+02,2.737814814814814781e+02
1.086467661691542190e+02,2.002898009950248763e+02,1.590957854406130139e+02,2.737835249042145165e+02
1.093968253968253919e+02,2.011111111111111143e+02,nan,nan
1.097503320053120746e+02,2.016560424966799303e+02,nan,nan
1.098875968992248033e+02,2.017984496124030898e+02,nan,nan
1.101080368906455789e+02,2.023083003952569072e+02,nan,nan
1.102812500000000000e+02,2.027161458333333144e+02,1.663052208835341332e+02,2.725060240963855449e+02
1.106680053547523386e+02,2.037028112449799266e+02,1.673540372670807415e+02,2.725383022774327060e+02
1.108432934926958779e+02,2.037928286852589679e+02,1.684970059880239432e+02,2.720638722554890023e+02
1.110992063492063551e+02,2.046851851851851620e+02,1.696781609195402325e+02,2.719061302681992061e+02
1.112602921646746239e+02,2.053346613545816695e+02,1.707209737827715230e+02,2.718539325842696712e+02
1.112883597883597844e+02,2.055582010582010355e+02,1.716325757575757507e+02,2.717935606060605664e+02
1.115362318840579547e+02,2.066996047430830004e+02,1.725996376811594075e+02,2.717065217391304373e+02
1.116573705179282854e+02,2.067609561752988157e+02,1.738397790055248606e+02,2.713222836095764023e+02
1.116679738562091444e+02,2.075424836601306993e+02,1.754033149171270622e+02,2.708784530386740244e+02
1.119217391304347871e+02,2.089652173913043498e+02,1.767291666666666572e+02,2.708106060606060623e+02
1.117760416666666572e+02,2.085455729166666572e+02,1.779333333333333087e+02,2.706594594594594696e+02
1.119845559845559819e+02,2.096653796653796462e+02,1.787992633517495165e+02,2.706206261510128570e+02
1.118779149519890268e+02,2.105075445816186459e+02,1.803591160220994425e+02,2.701104972375690636e+02
1.120278884462151439e+02,2.108618857901726358e+02,1.815371428571428680e+02,2.698076190476190277e+02
1.118964143426294839e+02,2.116228419654714230e+02,1.834868686868686893e+02,2.692929292929292728e+02
1.116734693877551052e+02,2.122095238095238017e+02,1.845717171717171539e+02,2.693050505050504739e+02
1.117112860892388397e+02,2.126364829396325433e+02,1.859803921568627345e+02,2.688803921568627402e+02
1.114945799457994440e+02,2.136395663956639339e+02,1.870873015873015675e+02,2.685257936507936165e+02
1.112589641434262973e+02,2.146733067729083757e+02,1.884658634538152455e+02,2.683895582329317335e+02
1.111428571428571388e+02,2.151621621621621614e+02,1.892730923694778937e+02,2.682590361445783174e+02
1.107354497354497340e+02,2.162447089947089864e+02,1.907719298245613970e+02,2.681656920077972472e+02
1.104406130268199178e+02,2.172720306513409980e+02,1.918000000000000114e+02,2.680361904761904270e+02
1.104111543450064801e+02,2.173112840466926059e+02,1.936040404040403757e+02,2.675555555555555429e+02
1.098033472803347337e+02,2.189553695955369506e+02,1.949824561403508767e+02,2.671267056530214177e+02
1.098233731739707792e+02,2.191912350597609702e+02,1.960893854748603360e+02,2.671359404096833714e+02
1.094829396325459214e+02,2.200577427821522178e+02,1.977257142857142753e+02,2.670476190476190368e+02
1.089853917662682505e+02,2.211553784860557812e+02,1.989537037037036953e+02,2.665055555555555316e+02
1.089409448818897630e+02,2.214711286089238627e+02,2.006129629629629392e+02,2.660944444444444343e+02
1.084634146341463463e+02,2.228184281842818280e+02,2.017796610169491487e+02,2.660376647834274877e+02
1.081680216802167962e+02,2.235921409214091966e+02,2.031465201465201460e+02,2.660750915750915624e+02
1.078053333333333228e+02,2.244546666666666681e+02,2.044300518134714935e+02,2.657685664939550634e+02
1.074298941798941769e+02,2.253584656084655933e+02,2.058070175438596152e+02,2.651736842105262895e+02
1.073933333333333309e+02,2.255453333333333035e+02,2.077025089605734536e+02,2.647007168458781052e+02
1.068724279835390973e+02,2.267777777777777715e+02,2.087344632768361521e+02,2.645894538606402762e+02
1.067296587926509090e+02,2.272769028871391015e+02,2.098919925512104214e+02,2.643631284916201025e+02
1.065059288537549378e+02,2.280553359683794383e+02,2.106649122807017420e+02,2.641771929824561198e+02
1.062957198443579756e+02,2.282736705577172245e+02,2.126742857142857019e+02,2.636819047619047183e+02
1.059330808080808026e+02,2.293699494949494806e+02,2.137651515151515014e+02,2.633219696969696884e+02
1.056756756756756772e+02,2.302779922779922686e+02,2.149563492063491879e+02,2.630654761904762040e+02
1.054642857142857082e+02,2.306970899470899496e+02,2.163939393939394051e+02,2.629535353535353011e+02
1.049839357429718945e+02,2.318607764390896762e+02,2.173409961685823362e+02,2.627528735632183725e+02
1.047457180500658609e+02,2.326324110671936864e+02,2.181117318435754271e+02,2.624040968342644078e+02
1.044318488529014815e+02,2.331120107962213126e+02,2.189871794871794748e+02,2.622142857142857224e+02
1.042983770287140999e+02,2.333183520599251040e+02,2.207869822485207010e+02,2.617731755424063067e+02
1.039275362318840479e+02,2.344664031620553430e+02,2.218196721311475414e+02,2.616484517304189126e+02
1.036955380577427661e+02,2.349855643044619171e+02,2.228918918918919019e+02,2.615027027027027202e+02
1.032453333333333347e+02,2.357293333333333010e+02,2.245748502994011915e+02,2.607864271457085579e+02
1.030077519379844944e+02,2.360490956072351310e+02,2.258314176245210660e+02,2.604367816091954069e+02
1.026018518518518476e+02,2.374391534391534435e+02,2.271825396825396695e+02,2.599662698412698205e+02
1.023953488372092977e+02,2.379560723514211702e+02,2.282400000000000091e+02,2.597752380952380804e+02
1.018247011952191201e+02,2.391912350597609702e+02,2.291405622489959626e+02,2.597289156626505928e+02
1.017371794871794748e+02,2.395743589743589439e+02,2.304408014571948797e+02,2.594061930783241792e+02
1.013036437246963573e+02,2.404048582995951335e+02,2.318304093567251414e+02,2.588499025341130277e+02
1.005876436781609158e+02,2.417859195402298553e+02,2.328106995884773482e+02,2.585185185185185333e+02
1.003142857142857167e+02,2.423088435374149583e+02,2.338948412698412369e+02,2.583134920634920491e+02
1.000734693877550967e+02,2.429564625850339894e+02,2.346775956284153040e+02,2.582386156648451561e+02
9.979358437935842119e+01,2.437656903765690402e+02,2.359808429118773745e+02,2.579195402298850581e+02
9.927595628415299700e+01,2.442308743169398610e+02,2.372509803921568619e+02,2.573647058823529505e+02
9.891977869986168059e+01,2.445781466113416229e+02,2.378952380952380850e+02,2.570057142857143049e+02
9.822983870967742348e+01,2.454623655913978268e+02,2.393769841269840981e+02,2.567123015873015675e+02
9.795742092457420824e+01,2.457347931873479183e+02,2.404906367041198223e+02,2.564325842696629252e+02
9.730208333333332860e+01,2.463450520833333144e+02,2.415942028985506909e+02,2.561358695652173765e+02
9.663899868247693803e+01,2.468445322793148762e+02,2.419233511586452607e+02,2.560178253119429428e+02
9.596653796653795609e+01,2.473758043758043641e+02,2.432765151515151274e+02,2.553465909090909065e+02
9.513888888888888573e+01,2.480277777777777715e+02,2.440842911877394386e+02,2.552758620689655231e+02
9.512992125984251857e+01,2.480958005249343614e+02,2.452883895131085978e+02,2.549475655430711356e+02
9.444487678339818615e+01,2.484811932555123235e+02,2.459668508287292923e+02,2.549760589318600239e+02
9.403053435114503600e+01,2.489732824427480864e+02,2.473542857142857088e+02,2.544666666666666401e+02
9.306133333333332303e+01,2.494226666666666574e+02,2.482634730538922270e+02,2.541437125748502979e+02
9.266937669376692099e+01,2.497344173441734370e+02,2.492490196078431097e+02,2.536215686274509551e+02
9.216925064599482198e+01,2.500129198966407955e+02,2.501111111111110858e+02,2.535210727969348454e+02
9.167866666666665765e+01,2.501800000000000068e+02,2.508598484848484702e+02,2.534867424242424079e+02
9.098177083333332860e+01,2.506731770833333144e+02,2.517714285714285722e+02,2.532133333333333098e+02
9.033202614379084139e+01,2.508627450980392268e+02,2.528901734104046284e+02,2.528458574181117342e+02
8.992866941015088855e+01,2.511893004115226233e+02,2.538084291187739439e+02,2.526302681992337114e+02
8.935714285714286120e+01,2.513711484593837326e+02,2.542937853107344495e+02,2.526365348399246500e+02
8.872961373390558037e+01,2.514620886981401782e+02,2.547709497206703873e+02,2.526741154562383542e+02
8.827165932452274433e+01,2.513318649045521056e+02,2.558164794007490457e+02,2.528295880149812547e+02
8.767113095238094900e+01,2.513750000000000000e+02,2.571576846307385154e+02,2.525708582834330969e+02
8.774390243902439579e+01,2.514186991869918586e+02,2.581333333333333258e+02,2.525274509803921319e+02
8.721985815602835146e+01,2.513219858156028295e+02,2.590019267822735856e+02,2.524315992292870874e+02
8.712412831241282163e+01,2.513096234309623469e+02,2.591921568627450938e+02,2.524000000000000057e+02
8.615352697095435985e+01,2.513582295988934732e+02,2.602950191570881202e+02,2.525919540229885172e+02
8.483628318584071337e+01,2.511681415929203638e+02,2.610056497175141317e+02,2.525291902071562902e+02
8.458367911479943757e+01,2.512282157676348504e+02,2.621733333333332894e+02,2.524076190476190220e+02
8.425498575498573928e+01,2.510427350427350461e+02,2.627016574585635453e+02,2.524714548802946297e+02
8.350212765957446948e+01,2.505985815602836908e+02,2.633547758284600491e+02,2.523060428849902337e+02
8.332513661202185062e+01,2.506270491803278730e+02,2.640558659217876993e+02,2.523985102420856208e+02
8.215437158469944734e+01,2.501448087431693921e+02,2.653829365079365061e+02,2.526071428571428612e+02
8.201746724890830365e+01,2.500756914119359351e+02,2.653435897435897459e+02,2.535264957264957104e+02
8.209739368998627640e+01,2.500466392318244004e+02,2.662932604735883046e+02,2.549435336976320343e+02
8.173544973544973402e+01,2.498095238095237960e+02,2.667832422586520806e+02,2.559216757741347692e+02
8.161174968071519231e+01,2.494712643678161044e+02,2.673074265975820367e+02,2.566010362694300397e+02
8.061673414304992491e+01,2.485843454790822875e+02,2.684990689013035308e+02,2.580502793296089408e+02
8.039811066126854655e+01,2.482132253711201031e+02,2.690534069981583798e+02,2.588489871086555922e+02
8.017823129251699754e+01,2.479959183673469454e+02,2.695690607734806576e+02,2.599318600368324041e+02
7.999599999999999511e+01,2.476959999999999980e+02,2.700496453900709071e+02,2.605372340425531661e+02
7.982061068702290640e+01,2.474007633587786188e+02,2.705598526703498692e+02,2.614106813996316419e+02
7.916736990154710440e+01,2.460843881856540065e+02,2.711765765765765650e+02,2.624090090090089689e+02
7.899460188933872473e+01,2.458866396761133615e+02,2.716093750000000000e+02,2.633298611111110858e+02
7.879508196721312174e+01,2.455887978142076520e+02,2.721182795698924792e+02,2.644372759856630637e+02
7.852058432934926202e+01,2.450239043824701071e+02,2.724746945898777994e+02,2.649842931937172921e+02
7.840379403794037216e+01,2.447655826558265346e+02,2.728578947368421268e+02,2.655964912280701355e+02
7.787201125175808158e+01,2.429521800281293906e+02,2.734952919020715285e+02,2.670037664783427545e+02
7.776399999999999579e+01,2.427173333333333005e+02,2.741032608695651902e+02,2.679365942028985046e+02
7.766666666666665719e+01,2.425462610899873255e+02,2.745913370998116534e+02,2.689077212806026296e+02
7.726218708827404669e+01,2.413557312252964380e+02,2.752295081967213264e+02,2.697395264116575504e+02
7.723255813953488769e+01,2.410206718346253183e+02,2.759708561020036086e+02,2.706539162112932217e+02
7.690638297872339990e+01,2.397531914893617113e+02,2.768143712574850497e+02,2.717784431137724823e+02
7.690272373540855710e+01,2.392645914396887292e+02,2.772518518518518249e+02,2.724666666666666401e+02
7.683935742971887350e+01,2.384417670682730943e+02,2.778014184397163149e+02,2.729840425531915002e+02
7.673386034255598531e+01,2.376706192358366252e+02,2.783713768115941889e+02,2.737119565217391255e+02
7.683587786259542440e+01,2.368944020356233864e+02,2.783876811594202536e+02,2.738134057971014386e+02
7.684811827956988850e+01,2.363145161290322562e+02,2.797873873873873549e+02,2.756522522522522536e+02
7.697289972899729094e+01,2.353739837398373993e+02,2.806159844054580503e+02,2.765594541910331259e+02
7.693600000000000705e+01,2.349253333333333273e+02,2.809824561403508483e+02,2.771403508771929864e+02
7.696679946879149270e+01,2.347875166002656044e+02,2.814444444444444571e+02,2.778037037037037180e+02
7.700712250712250295e+01,2.334444444444444571e+02,2.819190207156308929e+02,2.783276836158191827e+02
7.711742424242424931e+01,2.327121212121212182e+02,2.822341269841269309e+02,2.789166666666666856e+02
7.729014844804316908e+01,2.314601889338731269e+02,2.824621212121211897e+02,2.792954545454545610e+02
7.724195624195623111e+01,2.315173745173745203e+02,2.825392670157067982e+02,2.796963350785340481e+02
7.761294765840220578e+01,2.298691460055096343e+02,2.827192028985506909e+02,2.797862318840579405e+02
7.758333333333332860e+01,2.292895480225988365e+02,2.831015325670497873e+02,2.802681992337164729e+02
7.794083694083693103e+01,2.277142857142857224e+02,2.831539961013644984e+02,2.807602339181286766e+02
7.788934426229508290e+01,2.278620218579234802e+02,2.831348747591521828e+02,2.808670520231214027e+02
7.815510204081633105e+01,2.266680272108843326e+02,2.830590476190475897e+02,2.808114285714285643e+02
7.834993084370677252e+01,2.253969571230981899e+02,2.831215277777777715e+02,2.812343750000000000e+02
7.866942148760330156e+01,2.241790633608815142e+02,2.830265151515151274e+02,2.816515151515151274e+02
7.878400000000000603e+01,2.236773333333333085e+02,2.834067796610169694e+02,2.822693032015066024e+02
7.913748378728922717e+01,2.223878080415045417e+02,2.839407407407406936e+02,2.828092592592592496e+02
7.955144032921811004e+01,2.213607681755829901e+02,2.841608527131782580e+02,2.829806201550387641e+02
7.979999999999999716e+01,2.199253333333333273e+02,2.841608527131782580e+02,2.829806201550387641e+02
8.016133333333333155e+01,2.186013333333333151e+02,2.841607843137254577e+02,2.832058823529411598e+02
8.055650929899856294e+01,2.175965665236051620e+02,2.842119460500963442e+02,2.832986512524084901e+02
8.079536679536678889e+01,2.172651222651222440e+02,2.841762452107279273e+02,2.840134099616857952e+02
8.137890625000000000e+01,2.160026041666666572e+02,2.841628352490421321e+02,2.840095785440612985e+02
8.160594315245477048e+01,2.153036175710594193e+02,2.838451730418943271e+02,2.840637522768670351e+02
8.177777777777777146e+01,2.148194444444444287e+02,2.840271317829457303e+02,2.844108527131782580e+02
8.237664041994749198e+01,2.132349081364829431e+02,2.839781420765027065e+02,2.849963570127504227e+02
8.303466666666665219e+01,2.121146666666666647e+02,2.835280898876404763e+02,2.849588014981273432e+02
8.320363164721140947e+01,2.119221789883268343e+02,2.835000000000000000e+02,2.849322344322343952e+02
8.360052910052910136e+01,2.109708994708994680e+02,2.833766478342749338e+02,2.853408662900188233e+02
8.426855600539811064e+01,2.097125506072874543e+02,2.840000000000000000e+02,2.861289134438305268e+02
8.481707317073170316e+01,2.086626016260162544e+02,2.839281437125748653e+02,2.858103792415169551e+02
8.490457516339868960e+01,2.084366013071895338e+02,2.837142857142857224e+02,2.857961904761904748e+02
8.529671717171716239e+01,2.077247474747474598e+02,2.836795580110497212e+02,2.858011049723756969e+02
8.596310935441368883e+01,2.066666666666666572e+02,2.836795580110497212e+02,2.858011049723756969e+02
8.657200000000000273e+01,2.054559999999999889e+02,2.839605522682445553e+02,2.859861932938856057e+02
8.661023622047244430e+01,2.052952755905511708e+02,2.833718689788053666e+02,2.853969171483622063e+02
8.695484727755642496e+01,2.046241699867197781e+02,2.833140655105972883e+02,2.853911368015413927e+02
8.763104325699744379e+01,2.035356234096691992e+02,2.832300194931773376e+02,2.853606237816763951e+02
8.793984962406014461e+01,2.027982456140350678e+02,2.831687242798353736e+02,2.856769547325102963e+02
8.897637795275591088e+01,2.013464566929133923e+02,2.829600798403193380e+02,2.857045908183632719e+02
9.006224066390041116e+01,1.998755186721991777e+02,2.828984674329501559e+02,2.860957854406129854e+02
9.029249011857707785e+01,1.995217391304347814e+02,2.826726546906187423e+02,2.860299401197604539e+02
9.072486772486772111e+01,1.988862433862433647e+02,2.826726546906187423e+02,2.860299401197604539e+02
9.098017348203221388e+01,1.982342007434944264e+02,2.826648250460405052e+02,2.868895027624309364e+02
9.209706257982119837e+01,1.969208173690932142e+02,2.829733333333333007e+02,2.870799999999999841e+02
9.280534351145038841e+01,1.959554707379134584e+02,2.833033932135728605e+02,2.872095808383233475e+02
9.364426877470356203e+01,1.949407114624505937e+02,2.831010101010101039e+02,2.871696969696969859e+02
9.437921727395411153e+01,1.938947368421052602e+02,nan,nan
9.487533875338752409e+01,1.931355013550135311e+02,2.830975609756097811e+02,2.870589430894308975e+02
9.586065573770491710e+01,1.920464480874316848e+02,2.833044315992292468e+02,2.863853564547205792e+02
9.671959942775391994e+01,1.910672389127324777e+02,nan,nan
9.697601010101008967e+01,1.905669191919191690e+02,nan,nan
9.794861660079051546e+01,1.896640316205533736e+02,nan,nan
9.879132791327911889e+01,1.886571815718156984e+02,2.840654761904762040e+02,2.863333333333333144e+02
9.883001328021248355e+01,1.885418326693227016e+02,2.840867850098618987e+02,2.862623274161735480e+02
1.003730496453900543e+02,1.873588652482269197e+02,2.841976744186046631e+02,2.857868217054263482e+02
1.004508196721311464e+02,1.878674863387978178e+02,2.847168674698795030e+02,2.859357429718875210e+02
1.009398907103825138e+02,1.879685792349726512e+02,2.847168674698795030e+02,2.859357429718875210e+02
1.017651821862348243e+02,1.879419703103913548e+02,2.848123752495009740e+02,2.857824351297405201e+02
1.021927083333333286e+02,1.880781250000000000e+02,2.848027613412228902e+02,2.858145956607494895e+02
1.032361111111111001e+02,1.881847222222222058e+02,2.854885057471264531e+02,2.859272030651340515e+02
1.035875486381322901e+02,1.883878080415045417e+02,2.857206165703275360e+02,2.859055876685934550e+02
1.045019920318725042e+02,1.887569721115537789e+02,2.857325581395348877e+02,2.858042635658914605e+02
1.053593964334705078e+02,1.889423868312757122e+02,2.858863636363636260e+02,2.858200757575757507e+02
1.054727503168567750e+02,1.889987325728770600e+02,2.857468123861566482e+02,2.857650273224043644e+02
1.068645418326693175e+02,1.893930942895086105e+02,2.865750487329434577e+02,2.861676413255360671e+02
1.074388020833333286e+02,1.896145833333333144e+02,2.867692307692307736e+02,2.860183150183149792e+02
1.071340852130325771e+02,1.895689223057644028e+02,2.867692307692307736e+02,2.860183150183149792e+02
1.087058823529411740e+02,1.901843137254901990e+02,2.869674329501915508e+02,2.859674329501915508e+02
1.095774278215223063e+02,1.905262467191600990e+02,2.874518518518518135e+02,2.862500000000000000e+02
1.104512820512820497e+02,1.908794871794871710e+02,2.875679702048416857e+02,2.859944134078212414e+02
1.109450980392156794e+02,1.910954248366012962e+02,2.878735632183908137e+02,2.860938697318007371e+02
1.115395590142671693e+02,1.913748378728923285e+02,2.881092278719397086e+02,2.862241054613936058e+02
1.127155388471177844e+02,1.918446115288220426e+02,2.884981060606060623e+02,2.863655303030302548e+02
1.137088274044795781e+02,1.923570487483530655e+02,2.883788706739526333e+02,2.861347905282331112e+02
1.146509803921568675e+02,1.927098039215686356e+02,2.889980276134122050e+02,2.865009861932938975e+02
1.150037453183520597e+02,1.929413233458177217e+02,2.890216962524654605e+02,2.865009861932938975e+02
1.164139784946236489e+02,1.937325268817204176e+02,2.892066276803118399e+02,2.864853801169590497e+02
1.174413702239789075e+02,1.943017127799736272e+02,2.894291187739463567e+02,2.866475095785440317e+02
1.181954022988505812e+02,1.947139208173690861e+02,2.894291187739463567e+02,2.866475095785440317e+02
1.193192848020434127e+02,1.954776500638569416e+02,2.895216572504708097e+02,2.865875706214688989e+02
1.203596837944664060e+02,1.960079051383399076e+02,2.899944134078212414e+02,2.868770949720670274e+02
1.212860791826308997e+02,1.965530012771392023e+02,2.900628571428571263e+02,2.869085714285714062e+02
1.220024968789013684e+02,1.970162297128589159e+02,2.899943502824858683e+02,2.868361581920904086e+02
1.229836477987421262e+02,1.976540880503144422e+02,2.900259259259258897e+02,2.869148148148148039e+02
1.242290862290862208e+02,1.983963963963963977e+02,2.902692307692307736e+02,2.869578754578754456e+02
1.250540184453227823e+02,1.988524374176548122e+02,2.907222222222222285e+02,2.876740740740740421e+02
1.259546666666666539e+02,1.997226666666666688e+02,2.907222222222222285e+02,2.876740740740740421e+02
1.268637566137566068e+02,2.005423280423280232e+02,2.906365348399246500e+02,2.876647834274952515e+02
1.274163319946452333e+02,2.012141900937081402e+02,2.906705202312138567e+02,2.875202312138728189e+02
1.278531746031746081e+02,2.018055555555555429e+02,2.910019379844961236e+02,2.875310077519379774e+02
1.284147286821705336e+02,2.025697674418604777e+02,2.912003853564547171e+02,2.876107899807321360e+02
1.289300873907615426e+02,2.031785268414481891e+02,2.912003853564547171e+02,2.876107899807321360e+02
1.296158854166666572e+02,2.041614583333333144e+02,2.910518518518518363e+02,2.874796296296295850e+02
1.302300653594771234e+02,2.051150326797385333e+02,2.909472693032014945e+02,2.874011299435028377e+02
1.307727891156462476e+02,2.057714285714285722e+02,2.915668549905837494e+02,2.877551789077212447e+02
1.311717557251908488e+02,2.063333333333333144e+02,2.915865209471766661e+02,2.877522768670309574e+02
1.317915057915057844e+02,2.074362934362934254e+02,2.915865209471766661e+02,2.877522768670309574e+02
1.323358681875791945e+02,2.081444866920152208e+02,2.914229390681003338e+02,2.876146953405017825e+02
1.328563899868247518e+02,2.090421607378129067e+02,2.915752688172042895e+02,2.876881720430107521e+02
1.334488188976378069e+02,2.097559055118110223e+02,2.917996146435452260e+02,2.873236994219653297e+02
1.337176470588235304e+02,2.102235294117647015e+02,2.918042635658914605e+02,2.872325581395348877e+02
1.340987179487179333e+02,2.107217948717948559e+02,2.918042635658914605e+02,2.872325581395348877e+02
1.347790697674418539e+02,2.120633074935400373e+02,2.921676528599605263e+02,2.873609467455621029e+02
1.352018229166666572e+02,2.126692708333333144e+02,2.921290944123313693e+02,2.872601156069364379e+02
1.357228758169934508e+02,2.135620915032679648e+02,2.928078431372548494e+02,2.873000000000000114e+02
1.363111979166666572e+02,2.146627604166666572e+02,2.928956043956043800e+02,2.871776556776556504e+02
1.368492063492063551e+02,2.155780423280423292e+02,2.931197053406997952e+02,2.872578268876611105e+02
1.372597054886211367e+02,2.161124497991967814e+02,2.932528089887640590e+02,2.871535580524344482e+02
1.378010540184453134e+02,2.169328063241106861e+02,2.932942271880819476e+02,2.871787709497206720e+02
1.385960000000000036e+02,2.183813333333333162e+02,2.937003968253968083e+02,2.873432539682539755e+02
1.392445302445302389e+02,2.193153153153153028e+02,2.936130268199233342e+02,2.872567049808429260e+02
1.396357786357786210e+02,2.201081081081080981e+02,2.936628571428571490e+02,2.872190476190476147e+02
1.399440104166666572e+02,2.204205729166666572e+02,2.940073664825045512e+02,2.875414364640884060e+02
1.408300132802124551e+02,2.220478087649402426e+02,2.939432234432234168e+02,2.875311355311355328e+02
1.412937158469945302e+02,2.229726775956283973e+02,2.943314606741573130e+02,2.881029962546816137e+02
1.421070460704606830e+02,2.245243902439024453e+02,2.946518518518518022e+02,2.882759259259258897e+02
1.426680000000000064e+02,2.252613333333333117e+02,2.946007326007325560e+02,2.881904761904762040e+02
1.433117408906882702e+02,2.262834008097165963e+02,2.949618473895582156e+02,2.883413654618473743e+02
1.438838797814207453e+02,2.271543715846994473e+02,2.949717171717171595e+02,2.883111111111110745e+02
1.444502688172042895e+02,2.281397849462365457e+02,2.951739926739926432e+02,2.883571428571428328e+02
1.449017264276228332e+02,2.288087649402390298e+02,2.954696132596685061e+02,2.885598526703498692e+02
1.456246719160104988e+02,2.301312335958004951e+02,2.955767790262171957e+02,2.885486891385767763e+02
1.460506666666666433e+02,2.306626666666666665e+02,2.954644194756554043e+02,2.883576779026217309e+02
1.466166666666666458e+02,2.314717948717948559e+02,2.954644194756554043e+02,2.883576779026217309e+02
1.470421768707482784e+02,2.324598639455782347e+02,2.957707129094412153e+02,2.886416184971098460e+02
1.474916985951468575e+02,2.329795657726692184e+02,2.953149171270718512e+02,2.889963167587476960e+02
1.483795918367347042e+02,2.342734693877551138e+02,2.946490196078431154e+02,2.897823529411764980e+02
1.485564005069708173e+02,2.346501901140684367e+02,2.938390804597701162e+02,2.896954022988505812e+02
1.496033591731265915e+02,2.360943152454780147e+02,2.934027777777777715e+02,2.892222222222221717e+02
1.500076923076923094e+02,2.366512820512820383e+02,2.929980620155038764e+02,2.893410852713178087e+02
1.503434343434343248e+02,2.372234848484848442e+02,2.922581888246627955e+02,2.891907514450867325e+02
1.506388888888888857e+02,2.374911616161616053e+02,2.920344827586206975e+02,2.889061302681992061e+02
1.509022556390977456e+02,2.379824561403508483e+02,2.920301318267419788e+02,2.889227871939735905e+02
1.513284671532846630e+02,2.384452554744525514e+02,2.916548323471400295e+02,2.890493096646942490e+02
1.520582403965303513e+02,2.394411400247831523e+02,2.914327485380117082e+02,2.890955165692007540e+02
1.524765625000000000e+02,2.401406250000000000e+02,2.913725490196077885e+02,2.891921568627450938e+02
1.527398692810457419e+02,2.405084967320261455e+02,2.913928571428571672e+02,2.894087301587301226e+02
1.534840357598978073e+02,2.414584929757343446e+02,2.913654618473895539e+02,2.893534136546184641e+02
1.542440944881889777e+02,2.424015748031496003e+02,2.914545454545454390e+02,2.889924242424242493e+02
1.543844189016602684e+02,2.425964240102171061e+02,2.914734848484848158e+02,2.885549242424242493e+02
1.551036204744069948e+02,2.433645443196004692e+02,2.913684210526315610e+02,2.887251461988304300e+02
1.553520599250936414e+02,2.436853932584269558e+02,2.914729981378026196e+02,2.884413407821228930e+02
1.561902937420178716e+02,2.446104725415069936e+02,2.914571948998178641e+02,2.885464480874317132e+02
1.571679487179487182e+02,2.454948717948717842e+02,2.914571948998178641e+02,2.885464480874317132e+02
1.573899371069182109e+02,2.457672955974842637e+02,2.913803921568627402e+02,2.891098039215686413e+02
1.582800000000000011e+02,2.466239999999999952e+02,2.911956087824351016e+02,2.892534930139720473e+02
1.587224435590969165e+02,2.469282868525896504e+02,2.912152380952380781e+02,2.895771428571428601e+02
1.595364583333333144e+02,2.477656250000000000e+02,2.911946050096339036e+02,2.896473988439306595e+02
1.596653491436100012e+02,2.478998682476943145e+02,2.910429447852760632e+02,2.899570552147239368e+02
1.608266129032257936e+02,2.487459677419354875e+02,2.910159680638722648e+02,2.905508982035927943e+02
1.612365591397849300e+02,2.490940860215053476e+02,nan,nan
1.622875816993463900e+02,2.498888888888888857e+02,2.907544910179640851e+02,2.914550898203592624e+02
1.631686746987951722e+02,2.505863453815261153e+02,2.907996031746031349e+02,2.917420634920634939e+02
1.635293333333333123e+02,2.507906666666666524e+02,nan,nan
1.649694555112881744e+02,2.517689243027888324e+02,nan,nan
1.652893333333333032e+02,2.520266666666666708e+02,2.902156862745097783e+02,2.943862745098039113e+02
1.663033854166666572e+02,2.525377604166666572e+02,2.893049242424242493e+02,2.939753787878787534e+02
1.669257759784075574e+02,2.529973009446693482e+02,2.881836327345309314e+02,2.935768463073852104e+02
1.676559571619812345e+02,2.533534136546184641e+02,2.867595959595959130e+02,2.931717171717171482e+02
1.694811827956989134e+02,2.537352150537634259e+02,2.860040899795500877e+02,2.926298568507157256e+02
1.707860082304526657e+02,2.540178326474622565e+02,2.860227743271221357e+02,2.920289855072463752e+02
1.711822033898305051e+02,2.541836158192090238e+02,nan,nan
1.729796215429402935e+02,2.543842794759825381e+02,2.857422480620155056e+02,2.906027131782945503e+02
1.742457757296466809e+02,2.544807987711213286e+02,2.846268115942028771e+02,2.902391304347826235e+02
1.745550724637681128e+02,2.545623188405796782e+02,nan,nan
1.756681159420289760e+02,2.546956521739130324e+02,2.838864059590316629e+02,2.892718808193668565e+02
1.769298245614035068e+02,2.546111111111110858e+02,2.834640883977900785e+02,2.888821362799263284e+02
1.776608695652173822e+02,2.546536231884057884e+02,2.829462962962962820e+02,2.883351851851851393e+02
1.785083333333333258e+02,2.546222222222222058e+02,2.827016574585635453e+02,2.880662983425414154e+02
1.794616457461645496e+02,2.547112970711297066e+02,2.818351449275361915e+02,2.874909420289855007e+02
1.803676268861453877e+02,2.546488340192043722e+02,2.814361904761904611e+02,2.867657142857142958e+02
1.810669642857142776e+02,2.545773809523809348e+02,2.811958568738229474e+02,2.859322033898305335e+02
1.818224163027656175e+02,2.545269286754002849e+02,2.812471910112359410e+02,2.855674157303370748e+02
1.819009762900976170e+02,2.546792189679218836e+02,2.809923809523809268e+02,2.848438095238095116e+02
1.834855072463768124e+02,2.543086956521739239e+02,2.810202020202019639e+02,2.823919191919191576e+02
1.843672316384180760e+02,2.541341807909604427e+02,2.812890173410404486e+02,2.804161849710982892e+02
1.848395573997233612e+02,2.541120331950207571e+02,2.811348314606741496e+02,2.784419475655430460e+02
1.858780864197530889e+02,2.538364197530864033e+02,2.811409523809523421e+02,2.769828571428571422e+02
1.872125181950509329e+02,2.536593886462882210e+02,2.810881226053639352e+02,2.754463601532567054e+02
1.878404423380726485e+02,2.536603475513427952e+02,2.810546448087431486e+02,2.739344262295081762e+02
1.876343178621659433e+02,2.536736990154711577e+02,2.808655616942909887e+02,2.724917127071823302e+02
1.878428781204111431e+02,2.536255506607929533e+02,2.806312056737588705e+02,2.713475177304964063e+02
1.894761904761904532e+02,2.533184523809523512e+02,2.803913857677902683e+02,2.701647940074906273e+02
1.893606321839080238e+02,2.534152298850574425e+02,2.798183520599250755e+02,2.684812734082397014e+02
1.898474576271186436e+02,2.533064971751412315e+02,2.797249544626593547e+02,2.679854280510018043e+02
1.901237693389591925e+02,2.531969057665260152e+02,2.795232974910393864e+02,2.673942652329748739e+02
1.911955922865013520e+02,2.526776859504132347e+02,2.793404634581104915e+02,2.659893048128342343e+02
1.912998712998712847e+02,2.525817245817245862e+02,2.789728260869565020e+02,2.655471014492753739e+02
1.917658730158730123e+02,2.522777777777777715e+02,2.786719022687609026e+02,2.648376963350785331e+02
1.938965986394557603e+02,2.510027210884353508e+02,2.779423423423423287e+02,2.627711711711711473e+02
1.939250334672021268e+02,2.510977242302543289e+02,2.777427536231883778e+02,2.618007246376811281e+02
1.942377158034528577e+02,2.507755644090305225e+02,2.771576086956521863e+02,2.610144927536231876e+02
1.947851239669421375e+02,2.506859504132231393e+02,2.770182149362477162e+02,2.606029143897995937e+02
1.958352788586251449e+02,2.497808041504539460e+02,2.765543672014260324e+02,2.598663101604278154e+02
1.963902116402116178e+02,2.492526455026454926e+02,2.760222222222222399e+02,2.588907407407407391e+02
1.971586021505376038e+02,2.487822580645161281e+02,2.758297491039426177e+02,2.579103942652329238e+02
1.976838624338624015e+02,2.483597883597883538e+02,2.753707865168539115e+02,2.568576779026217309e+02
1.983827683615818955e+02,2.477104519774011067e+02,2.749857397504455889e+02,2.562727272727272521e+02
1.987156462585033694e+02,2.474829931972788870e+02,2.741420765027322659e+02,2.547613843351547871e+02
1.996695035460992642e+02,2.463730496453900685e+02,2.736052631578947398e+02,2.537508771929824434e+02
1.996864295125164688e+02,2.465283267457180330e+02,2.732981481481481296e+02,2.528833333333333258e+02
2.001884057971014386e+02,2.461422924901185638e+02,2.727553191489361666e+02,2.518226950354609812e+02
2.010958005249343614e+02,2.452493438320209691e+02,2.723125000000000000e+02,2.510662878787878753e+02
2.013520000000000039e+02,2.450013333333333208e+02,2.718947368421052602e+02,2.502385964912280372e+02
2.021822033898305051e+02,2.439025423728813564e+02,2.713920454545454390e+02,2.486571969696969688e+02
2.024471544715447067e+02,2.437181571815717973e+02,2.708933333333333167e+02,2.477047619047618809e+02
2.026813922356090814e+02,2.434953145917001223e+02,2.705116279069767415e+02,2.470213178294573595e+02
2.032093023255814046e+02,2.427519379844961236e+02,2.706841085271317411e+02,2.468817829457364326e+02
2.032496679946879112e+02,2.425219123505976029e+02,2.701702508960573255e+02,2.459713261648745402e+02
2.038477011494252906e+02,2.405474137931034591e+02,2.696461824953444761e+02,2.453761638733705581e+02
2.039579831932773004e+02,2.407240896358543125e+02,2.696593406593406712e+02,2.452673992673992416e+02
2.040625000000000000e+02,2.400055555555555316e+02,2.694462081128747286e+02,2.450211640211640258e+02
2.044016736401673597e+02,2.390460251046025064e+02,2.689806201550387641e+02,2.447771317829457303e+02
2.044241192411923862e+02,2.384119241192411778e+02,2.688858195211786324e+02,2.441841620626150871e+02
2.045708333333333258e+02,2.371319444444444287e+02,2.687863720073664808e+02,2.437145488029465525e+02
2.045833333333333428e+02,2.365365497076023189e+02,nan,nan
2.047638888888888573e+02,2.360680555555555316e+02,nan,nan
2.049278215223096993e+02,2.355209973753280508e+02,2.686782945736433703e+02,2.432015503875968818e+02
2.049598893499308190e+02,2.351479944674965452e+02,2.686004140786749304e+02,2.433064182194616762e+02
2.048766937669376489e+02,2.344024390243902474e+02,2.688704761904761540e+02,2.434571428571428555e+02
2.048968926553672247e+02,2.341539548022598751e+02,2.686802325581395507e+02,2.432538759689922472e+02
2.048238482384823840e+02,2.336436314363143367e+02,2.686802325581395507e+02,2.432538759689922472e+02
2.048312586445366321e+02,2.331065006915629283e+02,2.686421845574387817e+02,2.429491525423728717e+02
2.048256624825662300e+02,2.329735006973500617e+02,2.685522682445758846e+02,2.427061143984220735e+02
2.049017264276228332e+02,2.322058432934926770e+02,2.683754578754578688e+02,2.421391941391941032e+02
2.048126721763085243e+02,2.314049586776859542e+02,2.683296500920810104e+02,2.417016574585635453e+02
2.048968926553672247e+02,2.313050847457627128e+02,2.679285714285714448e+02,2.401587301587301511e+02
2.046090014064697300e+02,2.303713080168776344e+02,2.679375000000000000e+02,2.395094696969696884e+02
2.043446808510638277e+02,2.300865248226950257e+02,2.680311355311355328e+02,2.389926739926739856e+02
2.041760299625468065e+02,2.302072409488139613e+02,2.678618784530386847e+02,2.380755064456721755e+02
2.040986267166042296e+02,2.302821473158551555e+02,2.678115183246073343e+02,2.373438045375218053e+02
2.035067650676506616e+02,2.295965559655596451e+02,2.677411545623835991e+02,2.365251396648044704e+02
2.030206812652068038e+02,2.293917274939172444e+02,2.679981060606060623e+02,2.357253787878787818e+02
2.024885496183206044e+02,2.288562340966921056e+02,2.679922027290448341e+02,2.345555555555555429e+02
2.020682110682110704e+02,2.285109395109394939e+02,2.678770949720670274e+02,2.335642458100558656e+02
2.019092039800995053e+02,2.285410447761194064e+02,2.677739463601532179e+02,2.325134099616857952e+02
2.009633838383838338e+02,2.280934343434343248e+02,2.685393939393939604e+02,2.309696969696969688e+02
2.005773584905660414e+02,2.280477987421383546e+02,2.692790697674418539e+02,2.297422480620154772e+02
1.996744791666666572e+02,2.277161458333333144e+02,2.699119850187265683e+02,2.282322097378277022e+02
1.985309139784946240e+02,2.272768817204301115e+02,2.704726930320150586e+02,2.263276836158192111e+02
1.977911802853436996e+02,2.271945525291828858e+02,2.710564971751412600e+02,2.252711864406779796e+02
1.970671736375158218e+02,2.269569074778200104e+02,2.717967032967032992e+02,2.239597069597069492e+02
1.962325870646766077e+02,2.268482587064676466e+02,2.723165735567969818e+02,2.228901303538174830e+02
1.954120541205411996e+02,2.265904059040590539e+02,2.731812865497075791e+02,2.212943469785574848e+02
1.944192708333333144e+02,2.261445312500000000e+02,2.738139534883720785e+02,2.201027131782945503e+02
1.931920438957475881e+02,2.259012345679012412e+02,2.743882352941176350e+02,2.193274509803921433e+02
1.921115591397849300e+02,2.256787634408601946e+02,2.750139720558881891e+02,2.181197604790419291e+02
1.912645502645502518e+02,2.255912698412698489e+02,2.753370370370370210e+02,2.179740740740740534e+02
1.903653333333333251e+02,2.253360000000000127e+02,2.756244979919678713e+02,2.172730923694778937e+02
1.891693766937669352e+02,2.249634146341463463e+02,2.765419103313839742e+02,2.158304093567251414e+02
1.886549019607843150e+02,2.247947712418300625e+02,2.769340866290018539e+02,2.149265536723163734e+02
1.880258397932816479e+02,2.247790697674418539e+02,2.771384335154826886e+02,2.147049180327868783e+02
1.870304232804232640e+02,2.244841269841269877e+02,2.775896057347670194e+02,2.141362007168458490e+02
1.860608465608465281e+02,2.241097883597883538e+02,2.779388888888888687e+02,2.132037037037036953e+02
1.842955465587044444e+02,2.235168690958164461e+02,2.785000000000000000e+02,2.118996212121211897e+02
1.840683060109289499e+02,2.235669398907103584e+02,2.786685499058380060e+02,2.114971751412429342e+02
1.836493333333333169e+02,2.234439999999999884e+02,2.787592592592592382e+02,2.112851851851851563e+02
1.823803596127247602e+02,2.229792531120332058e+02,2.790792682926829116e+02,2.107032520325202825e+02
1.818723118279569633e+02,2.228481182795698601e+02,2.796590476190476124e+02,2.091771428571428544e+02
1.805179282868525945e+02,2.223864541832669204e+02,2.799578313253011856e+02,2.081004016064256916e+02
1.797131474103585731e+02,2.221102257636122204e+02,2.800281124497992096e+02,2.077851405622489551e+02
1.790856031128404595e+02,2.220025940337224313e+02,2.801862197392923122e+02,2.074636871508379841e+02
1.783198380566801688e+02,2.217692307692307736e+02,2.802335216572504351e+02,2.069943502824858683e+02
1.781883468834688244e+02,2.216558265582655736e+02,2.808423153692614846e+02,2.057365269461077730e+02
1.767882352941176407e+02,2.212104575163398579e+02,2.805848303393213428e+02,2.052574850299401135e+02
1.762788844621513817e+02,2.211593625498007896e+02,2.806042884990253015e+02,2.042748538011695985e+02
1.755399239543726253e+02,2.209771863117870794e+02,2.805070707070706817e+02,2.035090909090909008e+02
1.744444444444444287e+02,2.206059431524547563e+02,2.805085714285714289e+02,2.029714285714285609e+02
1.741679894179893893e+02,2.205595238095237960e+02,2.806610169491525539e+02,2.019077212806026296e+02
1.725884773662551481e+02,2.200356652949245415e+02,2.806554307116104496e+02,2.009681647940074640e+02
1.720710594315245316e+02,2.199134366925064512e+02,2.807340823970037036e+02,2.001423220973782406e+02
1.714743589743589496e+02,2.196666666666666572e+02,2.807173913043478137e+02,1.996050724637680958e+02
1.706853932584269558e+02,2.195343320848938617e+02,2.808342541436464330e+02,1.989429097605893162e+02
1.696615776081424656e+02,2.193295165394401920e+02,2.811085714285714516e+02,1.978057142857142878e+02
1.691999999999999886e+02,2.192817610062892868e+02,2.812690763052208922e+02,1.968514056224899491e+02
1.679619771863117990e+02,2.190697084917617019e+02,2.813413173652694468e+02,1.960059880239520851e+02
1.669370078740157339e+02,2.188950131233595471e+02,2.814221014492753739e+02,1.955724637681159095e+02
1.666493184634448426e+02,2.186307311028500635e+02,2.814841269841269309e+02,1.948531746031746081e+02
1.658339575530586671e+02,2.186516853932584183e+02,2.816211293260473667e+02,1.939981785063752113e+02
1.647205128205127949e+02,2.185743589743589439e+02,2.818561020036430023e+02,1.928615664845172830e+02
1.625430555555555259e+02,2.187972222222221887e+02,2.820438095238095002e+02,1.924571428571428555e+02
1.622204928664072554e+02,2.185577172503242309e+02,2.819368421052631675e+02,1.928807017543859388e+02
1.609881889763779554e+02,2.187572178477689988e+02,2.821085714285714516e+02,1.914228571428571399e+02
1.599082687338501216e+02,2.186382428940568445e+02,2.825492424242424363e+02,1.906401515151515014e+02
1.596593137254901649e+02,2.186102941176470722e+02,2.827489959839356857e+02,1.897068273092369282e+02
1.586054931335830247e+02,2.186978776529338120e+02,2.828693957115009425e+02,1.893859649122807127e+02
1.571820615796519292e+02,2.191178045515394786e+02,2.828940269749518279e+02,1.892947976878612621e+02
1.567554697554697327e+02,2.191956241956241911e+02,2.829794007490636432e+02,1.881760299625467781e+02
1.562585784313725412e+02,2.191384803921568505e+02,2.831469534050178822e+02,1.874856630824372417e+02
1.549801587301587347e+02,2.197605820105819987e+02,2.834274509803921660e+02,1.862686274509803752e+02
1.539960474308300320e+02,2.204308300395256879e+02,2.838928571428571672e+02,1.856865079365079225e+02
1.536280566280566120e+02,2.208043758043757805e+02,2.838333333333333144e+02,1.851168582375478877e+02
1.527738095238095184e+02,2.213809523809523796e+02,2.840515653775321994e+02,1.840976058931859995e+02
1.523359273670557457e+02,2.218728923476004979e+02,2.841769087523277335e+02,1.838659217877095102e+02
1.515245283018867894e+02,2.225169811320754718e+02,2.847437379576107901e+02,1.824566473988439270e+02
1.508605830164765393e+02,2.231723700887198731e+02,2.849821428571428328e+02,1.817103174603174409e+02
1.506230769230769226e+02,2.235897435897435628e+02,2.850112359550561791e+02,1.811985018726591647e+02
1.501666666666666572e+02,2.239767441860465169e+02,2.850805243445692554e+02,1.802883895131085978e+02
1.492044270833333144e+02,2.252825520833333144e+02,2.851139896373056786e+02,1.797305699481865418e+02
1.485290148448043226e+02,2.261713900134952553e+02,2.854867075664621439e+02,1.788241308793456028e+02
1.485093333333333021e+02,2.263773333333333255e+02,2.858254901960784196e+02,1.781019607843137180e+02
1.481244979919678713e+02,2.272918340026773762e+02,2.858173258003766364e+02,1.776497175141242906e+02
1.479193121693121498e+02,2.276084656084655933e+02,2.858946459412780428e+02,1.770725388601036343e+02
1.475263157894736707e+02,2.285438596491227941e+02,2.859637681159420026e+02,1.760108695652174049e+02
1.474066390041493833e+02,2.301479944674965452e+02,2.861830443159922766e+02,1.752196531791907432e+02
1.472787114845938277e+02,2.310840336134453707e+02,2.862424242424242493e+02,1.745814393939393767e+02
1.472359999999999900e+02,2.311666666666666572e+02,2.865191256830601105e+02,1.742240437158469888e+02
1.471784232365145328e+02,2.315352697095435701e+02,2.867376725838263951e+02,1.729980276134122050e+02
1.472307692307692264e+02,2.331396011396011261e+02,2.866785714285714448e+02,1.724305555555555429e+02
1.473435225618631534e+02,2.339315866084424727e+02,2.866421845574387817e+02,1.718022598870056470e+02
1.475386779184247530e+02,2.349423347398030728e+02,2.868173258003766364e+02,1.711694915254237230e+02
1.477500000000000000e+02,2.357397660818713234e+02,2.868128342245989302e+02,1.708288770053476071e+02
1.478249999999999886e+02,2.363569444444444230e+02,2.870310077519379774e+02,1.699961240310077528e+02
1.481370851370851369e+02,2.376147186147186119e+02,2.870724637681159379e+02,1.693442028985507193e+02
1.483447782546494693e+02,2.387424892703862724e+02,2.870890151515151274e+02,1.682367424242424079e+02
1.486927536231883948e+02,2.396115942028985444e+02,2.871142322097377928e+02,1.680018726591760299e+02
1.488599439775910298e+02,2.403683473389355640e+02,2.873134920634920491e+02,1.672757936507936449e+02
1.489876543209876445e+02,2.406762688614540195e+02,2.873692614770458817e+02,1.666247504990019763e+02
1.490602409638554207e+02,2.412623828647924711e+02,2.874185606060605664e+02,1.663068181818181870e+02
1.495028248587570658e+02,2.427316384180790863e+02,2.873015873015872899e+02,1.652162698412698205e+02
1.498955823293172784e+02,2.435502008032128458e+02,2.874399999999999977e+02,1.645142857142857054e+02
1.500155367231638195e+02,2.439971751412429057e+02,2.874585635359115940e+02,1.642412523020257709e+02
1.506462585034013273e+02,2.451265306122448919e+02,2.874450354609928695e+02,1.636773049645389904e+02
1.507365591397849300e+02,2.452607526881720332e+02,2.875706214689265607e+02,1.629322033898305051e+02
1.510069444444444287e+02,2.459805555555555259e+02,2.875847953216374435e+02,1.619980506822612085e+02
1.515931972789115321e+02,2.471224489795918373e+02,2.876492248062015165e+02,1.612538759689922472e+02
1.522816326530612230e+02,2.477727891156462476e+02,2.876721014492753739e+02,1.607210144927535964e+02
1.524807436918990504e+02,2.479030544488711598e+02,2.876312849162011389e+02,1.600614525139664863e+02
1.527359999999999900e+02,2.482520000000000095e+02,2.878396396396395858e+02,1.596216216216216139e+02
1.532066666666666492e+02,2.487493333333333112e+02,2.878544061302681598e+02,1.588295019157088177e+02
1.542496732026143604e+02,2.494431372549019557e+02,2.879026217228464475e+02,1.584307116104868669e+02
1.550094850948509304e+02,2.499661246612465959e+02,2.879280303030302548e+02,1.574924242424242209e+02
1.552002635046113141e+02,2.501159420289855007e+02,2.879028571428571581e+02,1.574095238095237903e+02
1.556771653543306968e+02,2.506141732283464592e+02,2.882197802197802048e+02,1.562564102564102484e+02
1.563360215053763227e+02,2.508669354838709751e+02,2.882670454545454390e+02,1.553428030303030312e+02
1.573775100401606437e+02,2.515582329317269057e+02,2.882166666666666401e+02,1.547925925925925696e+02
1.581549100968187815e+02,2.520414937759336169e+02,2.883809523809524080e+02,1.537579365079365061e+02
1.580802721088435305e+02,2.519782312925169947e+02,2.885450980392156453e+02,1.532549019607843093e+02
1.591509186351705978e+02,2.521916010498687513e+02,2.886626746506985910e+02,1.523233532934131631e+02
1.602890855457226849e+02,2.529026548672566435e+02,nan,nan
1.606598079561042312e+02,2.531358024691357969e+02,2.886742857142857019e+02,1.506247619047618969e+02
1.611597796143250605e+02,2.532672176308539917e+02,2.887055555555555770e+02,1.501074074074074076e+02
1.623531073446327468e+02,2.535127118644067821e+02,2.887914438502673988e+02,1.494278074866310249e+02
1.626341085271317581e+02,2.535751937984495896e+02,2.891885714285714357e+02,1.485314285714285631e+02
1.643103975535168217e+02,2.535795107033638942e+02,2.892765151515151274e+02,1.474242424242424079e+02
1.651921921921921808e+02,2.536876876876876850e+02,2.893112338858194903e+02,1.468618784530386847e+02
1.658552631578947398e+02,2.535730994152046662e+02,2.893614232209737338e+02,1.463389513108614040e+02
1.660154061624649842e+02,2.536582633053221230e+02,2.894468468468468245e+02,1.457513513513513601e+02
1.672675070028010964e+02,2.537156862745097783e+02,2.899202898550724399e+02,1.447355072463768124e+02
1.679074074074073906e+02,2.537535612535612302e+02,2.899097605893185801e+02,1.439613259668508363e+02
1.687647058823529278e+02,2.537324929971988468e+02,2.902275449101796312e+02,1.430339321357285201e+02
1.692840579710144766e+02,2.535347826086956502e+02,2.902662601626016112e+02,1.420447154471544593e+02
1.708759018759018602e+02,2.534473304473304154e+02,2.901942857142857406e+02,1.413371428571428510e+02
1.712011019283746407e+02,2.533209366391184574e+02,2.905000000000000000e+02,1.402983539094650212e+02
1.722548148148148073e+02,2.529185185185185105e+02,2.907325349301397068e+02,1.393592814371257589e+02
1.732178932178931916e+02,2.528499278499278375e+02,2.908941176470588061e+02,1.389960784313725526e+02
1.740182841068916844e+02,2.528213783403656691e+02,2.909113680154142685e+02,1.388034682080924824e+02
1.747001394700139372e+02,2.526471408647140890e+02,2.912354048964218123e+02,1.376553672316384223e+02
1.757503373819162960e+02,2.523495276653171118e+02,2.914786821705425837e+02,1.374437984496123875e+02
1.764198047419804425e+02,2.521422594142259470e+02,2.916666666666666288e+02,1.368062015503875841e+02
1.772510460251046140e+02,2.521059972105996962e+02,2.920426356589147190e+02,1.359728682170542697e+02
1.786957186544342449e+02,2.517155963302752184e+02,2.922551210428305239e+02,1.356648044692737471e+02
1.790826086956521692e+02,2.516188405797101098e+02,2.924798534798534320e+02,1.352106227106227152e+02
1.801144067796610102e+02,2.514887005649717366e+02,2.928733705772811504e+02,1.345418994413407745e+02
1.805891156462584775e+02,2.515102040816326507e+02,2.937803030303030027e+02,1.343409090909090935e+02
1.811829787234042612e+02,2.514000000000000057e+02,2.953831417624521123e+02,1.339233716475095548e+02
1.825669642857142776e+02,2.508690476190476204e+02,2.969564393939393767e+02,1.333787878787878753e+02
1.832544642857142776e+02,2.507291666666666572e+02,2.983372319688108973e+02,1.330487329434697870e+02
1.841869565217391198e+02,2.505579710144927219e+02,2.988315412186379945e+02,1.331971326164874370e+02
1.847623318385650180e+02,2.504439461883408171e+02,3.007844311377245390e+02,1.325029940119760568e+02
1.860962643678160759e+02,2.501135057471264247e+02,3.019411764705882320e+02,1.320463458110516797e+02
1.865765379113018412e+02,2.500944206008583706e+02,3.031479400749063302e+02,1.318651685393258504e+02
1.869456366237481859e+02,2.499298998569384764e+02,3.044194139194138984e+02,1.314175824175824232e+02
1.877528735632183725e+02,2.496005747126436631e+02,3.059502762430939242e+02,1.309484346224677722e+02
1.887939142461963797e+02,2.493402489626556076e+02,3.073570127504553398e+02,1.304444444444444287e+02
1.895960451977400965e+02,2.491836158192090238e+02,3.087206703910614465e+02,1.299255121042830297e+02
1.906341807909604427e+02,2.490353107344632519e+02,3.097379576107899766e+02,1.295163776493256194e+02
1.918678414096916356e+02,2.486696035242290748e+02,3.110240740740740648e+02,1.290055555555555600e+02
1.927528248587570658e+02,2.482146892655367196e+02,3.121029962546816137e+02,1.286404494382022392e+02
1.939559228650137470e+02,2.477314049586776719e+02,3.132519379844961236e+02,1.281298449612403090e+02
1.952909604519773836e+02,2.474858757062146708e+02,3.140643939393939377e+02,1.278750000000000000e+02
1.960944206008583706e+02,2.472346208869813893e+02,3.144749103942651800e+02,1.279086021505376323e+02
1.968579234972677341e+02,2.469139344262295026e+02,3.155409523809523762e+02,1.275104761904761830e+02
1.984178187403993832e+02,2.462549923195084318e+02,3.157459459459459481e+02,1.273765765765765678e+02
2.001687413554633395e+02,2.455753803596127227e+02,3.169415204678362556e+02,1.266452241715399509e+02
2.011638176638176390e+02,2.452108262108261840e+02,3.177746741154562073e+02,1.262588454376163867e+02
2.018550135501354816e+02,2.445094850948509304e+02,3.180986964618249431e+02,1.261359404096834140e+02
2.032798874824190989e+02,2.439127988748241762e+02,3.194252252252252333e+02,1.255873873873873805e+02
2.044807162534435179e+02,2.431859504132231393e+02,3.194750957854406010e+02,1.255862068965517295e+02
2.054900284900284930e+02,2.425726495726495671e+02,3.208693957115009425e+02,1.248128654970760181e+02
2.065198902606309730e+02,2.419396433470507475e+02,3.215288640595903189e+02,1.245586592178770928e+02
2.071139240506329031e+02,2.414430379746835342e+02,3.223410404624277703e+02,1.241984585741811173e+02
2.085818965517241281e+02,2.405517241379310462e+02,3.223410404624277703e+02,1.241984585741811173e+02
2.093914246196403610e+02,2.400843706777316413e+02,3.233173652694610496e+02,1.237445109780439054e+02
2.105295815295815203e+02,2.392698412698412369e+02,3.235200803212850929e+02,1.236726907630521879e+02
2.109579831932773004e+02,2.390378151260504183e+02,3.237405189620758392e+02,1.236526946107784397e+02
2.118739495798319297e+02,2.383277310924369772e+02,3.238568507157464182e+02,1.235828220858895747e+02
2.121229508196721270e+02,2.382472677595628170e+02,nan,nan
2.133333333333333428e+02,2.372718954248365719e+02,nan,nan
2.140924369747899050e+02,2.367100840336134411e+02,3.253682170542635390e+02,1.230833333333333286e+02
2.150282258064516157e+02,2.360766129032257936e+02,3.252784313725489937e+02,1.232745098039215605e+02
2.158638132295719743e+02,2.354357976653696483e+02,3.252784313725489937e+02,1.232745098039215605e+02
2.167858974358974251e+02,2.346820512820512761e+02,3.263657142857142617e+02,1.229009523809523614e+02
2.173153153153153028e+02,2.344543114543114370e+02,3.265945419103313725e+02,1.229746588693956966e+02
2.190833333333333144e+02,2.324548022598869750e+02,3.271073446327683882e+02,1.228775894538606366e+02
2.194495159059474076e+02,2.323665283540802022e+02,3.274810606060605664e+02,1.228238636363636402e+02
2.200850202429149931e+02,2.317570850202429256e+02,3.277683615819208853e+02,1.227551789077212732e+02
2.207921568627450881e+02,2.312549019607843093e+02,3.282460317460316901e+02,1.225833333333333286e+02
2.221046831955922585e+02,2.297782369146005408e+02,3.284748062015503933e+02,1.226744186046511658e+02
2.233469945355191157e+02,2.285300546448087289e+02,3.282739463601532179e+02,1.228084291187739296e+02
2.241224489795918373e+02,2.278190476190476090e+02,3.289246704331449678e+02,1.227024482109227819e+02
2.243904020752269730e+02,2.274474708171206316e+02,3.292794411177644633e+02,1.225349301397205579e+02
2.258791666666666629e+02,2.261388888888888573e+02,3.294237288135593076e+02,1.228568738229755013e+02
2.262812071330589561e+02,2.257750342935527783e+02,3.298430232558139323e+02,1.228779069767441854e+02
2.272849239280774327e+02,2.248201936376210028e+02,3.301942740286298204e+02,1.228261758691206325e+02
2.277317397078353167e+02,2.242775564409030551e+02,3.303076923076923208e+02,1.229743589743589638e+02
2.285287817938420289e+02,2.234203480589022774e+02,3.303712574850299575e+02,1.229201596806387045e+02
2.290653594771241615e+02,2.229568627450980500e+02,3.301968810916179109e+02,1.234015594541910161e+02
2.293095238095237960e+02,2.226616541353383525e+02,3.310489642184557511e+02,1.233145009416195705e+02
2.305060240963855449e+02,2.212248995983935629e+02,3.313450980392156566e+02,1.236019607843137180e+02
2.308987854251012095e+02,2.207881241565451944e+02,3.315009746588693815e+02,1.232651072124756269e+02
2.316223958333333144e+02,2.201562500000000000e+02,3.311715399610135933e+02,1.232534113060428780e+02
2.321594202898550634e+02,2.195111989459815334e+02,3.305421455938696909e+02,1.234137931034482705e+02
2.330743691899070313e+02,2.184090305444887008e+02,3.297734082397003590e+02,1.236142322097378212e+02
2.336973333333333187e+02,2.177293333333333010e+02,3.288380952380952067e+02,1.235104761904761830e+02
2.341618655692729476e+02,2.173388203017832438e+02,3.283175542406311251e+02,1.232603550295857957e+02
2.349231824417009307e+02,2.165240054869684343e+02,3.283949903660886207e+02,1.229267822736030809e+02
2.354388020833333144e+02,2.157825520833333144e+02,3.281197053406997952e+02,1.226924493554327711e+02
2.361547619047618980e+02,2.150238095238095184e+02,3.280582877959927259e+02,1.222204007285974399e+02
2.369330543933054400e+02,2.140878661087866135e+02,3.279246704331449678e+02,1.218888888888888857e+02
2.373013333333333037e+02,2.137653333333333023e+02,3.279352941176470608e+02,1.216274509803921404e+02
2.382841530054644750e+02,2.126010928961748618e+02,3.277200736648250086e+02,1.213646408839778985e+02
2.387966537966537715e+02,2.120489060489060478e+02,3.280449438202247165e+02,1.209531835205992394e+02
2.393410256410256238e+02,2.115846153846153754e+02,3.279534450651768793e+02,1.208454376163873292e+02
2.403974895397489604e+02,2.104435146443514668e+02,3.279960079840319054e+02,1.202914171656686477e+02
2.409059139784946240e+02,2.099260752688171863e+02,3.283111111111111313e+02,1.197407407407407334e+02
2.412996108949416225e+02,2.095136186770428139e+02,3.279191321499013725e+02,1.200769230769230802e+02
2.418593155893535993e+02,2.087946768060836575e+02,3.284547206165703415e+02,1.194508670520231277e+02
2.431076523994811964e+02,2.075758754863813351e+02,3.285215686274509608e+02,1.191313725490196020e+02
2.443205128205127892e+02,2.064051282051281930e+02,3.286704761904761654e+02,1.185314285714285774e+02
2.447165354330708738e+02,2.061574803149606225e+02,3.291961904761904520e+02,1.181238095238095127e+02
2.455555555555555429e+02,2.057111111111110802e+02,3.291926782273602612e+02,1.181714836223506637e+02
2.466208651399491032e+02,2.048905852417302640e+02,3.291868978805394477e+02,1.181772639691714630e+02
2.473268733850129024e+02,2.043720930232558146e+02,3.294222222222222172e+02,1.178518518518518476e+02
2.488066666666666436e+02,2.033733333333333064e+02,3.301520146520146568e+02,1.171684981684981608e+02
2.495490196078431495e+02,2.031019607843137180e+02,3.304252873563218600e+02,1.168026819923371562e+02
2.501758530183726918e+02,2.027322834645669332e+02,3.306500920810312891e+02,1.165930018416206195e+02
2.514679487179487012e+02,2.020871794871794691e+02,3.306500920810312891e+02,1.165930018416206195e+02
2.522700258397932771e+02,2.016253229974159922e+02,3.306437389770723030e+02,1.164867724867724803e+02
2.530656167979002475e+02,2.012926509186351609e+02,3.311750465549347950e+02,1.160391061452513952e+02
2.539199475065616696e+02,2.007454068241469542e+02,3.314585741811175126e+02,1.156204238921001917e+02
2.541309041835357334e+02,2.006464237516869105e+02,3.315168539325842971e+02,1.154700374531835081e+02
2.551957070707070443e+02,2.002967171717171482e+02,3.313707865168539115e+02,1.150449438202247165e+02
2.564304993252361555e+02,1.998812415654520862e+02,3.313707865168539115e+02,1.150449438202247165e+02
2.573306122448979636e+02,1.998136054421768506e+02,3.316705426356588760e+02,1.146608527131782864e+02
2.589511854951185228e+02,2.001394700139469762e+02,3.316454720616570171e+02,1.144123314065510471e+02
2.585444015444015236e+02,2.000218790218790161e+02,3.316454720616570171e+02,1.144123314065510471e+02
2.594289405684754115e+02,1.999379844961240451e+02,3.315799614643544828e+02,1.138978805394990275e+02
2.605555555555555429e+02,2.003484224965706346e+02,3.316744639376217947e+02,1.138382066276803073e+02
2.613059895833333144e+02,2.003554687500000000e+02,3.317382413087934196e+02,1.131779141104294411e+02
2.620685483870967687e+02,2.005604838709677438e+02,3.315298651252408604e+02,1.133776493256261944e+02
2.625487179487179219e+02,2.007141025641025465e+02,3.315298651252408604e+02,1.133776493256261944e+02
2.629200000000000159e+02,2.007927272727272623e+02,3.315505617977528345e+02,1.126891385767790155e+02
2.638270202020202078e+02,2.012752525252525118e+02,3.315505617977528345e+02,1.126891385767790155e+02
2.646240310077519098e+02,2.016279069767441854e+02,3.311575091575091392e+02,1.125567765567765548e+02
2.652540322580645125e+02,2.020080645161290249e+02,3.313790476190475829e+02,1.124171428571428635e+02
2.657177522349936112e+02,2.021902937420178716e+02,3.314694280078895190e+02,1.120355029585798832e+02
2.661679104477611872e+02,2.024402985074626997e+02,3.314694280078895190e+02,1.120355029585798832e+02
2.667872892347600100e+02,2.029779507133592631e+02,3.314391217564869976e+02,1.121017964071856312e+02
2.668862745098039113e+02,2.029947712418300512e+02,3.315705882352941103e+02,1.112490196078431239e+02
2.675807291666666288e+02,2.036458333333333144e+02,3.317798353909464595e+02,1.109218106995884767e+02
2.679294871794871256e+02,2.041320512820512647e+02,3.317798353909464595e+02,1.109218106995884767e+02
2.683963254593175520e+02,2.046942257217847612e+02,3.322130177514792990e+02,1.103747534516765256e+02
2.686199494949494806e+02,2.052487373737373559e+02,3.322130177514792990e+02,1.103747534516765256e+02
2.689378306878306830e+02,2.062566137566137456e+02,3.321616161616161662e+02,1.103939393939393909e+02
2.691550387596899441e+02,2.064444444444444287e+02,3.322168674698795030e+02,1.102751004016064087e+02
2.692285353535353352e+02,2.068914141414141170e+02,3.319235294117647186e+02,1.103764705882352928e+02
2.696008230452674752e+02,2.075363511659807898e+02,3.312434456928838813e+02,1.103089887640449405e+02
2.697553763440860166e+02,2.078615591397849300e+02,3.307784552845528196e+02,1.094247967479674628e+02
2.699002732240437012e+02,2.084453551912568230e+02,3.304285714285714448e+02,1.089885714285714329e+02
2.699547803617570594e+02,2.088785529715762266e+02,3.302424242424242493e+02,1.086003787878787676e+02
2.700666666666666629e+02,2.092544217687074593e+02,3.300871212121211897e+02,1.081212121212121104e+02
2.701426611796981661e+02,2.103470507544581380e+02,3.300160642570281198e+02,1.074799196787148503e+02
2.698915343915343783e+02,2.104933862433862259e+02,3.292095238095237733e+02,1.059485714285714266e+02
2.698013888888888800e+02,2.107347222222221887e+02,3.275416666666666856e+02,1.036805555555555429e+02
2.696914062500000000e+02,2.111692708333333144e+02,3.261529411764705628e+02,1.023627450980391984e+02
2.691346405228757703e+02,2.121071895424836384e+02,3.251474747474747460e+02,1.012202020202020094e+02
2.686053333333333057e+02,2.128573333333333153e+02,3.241533742331288295e+02,9.989161554192227754e+01
2.682109375000000000e+02,2.133242187500000000e+02,3.234207317073170884e+02,9.946341463414634632e+01
2.677855191256830381e+02,2.137745901639344197e+02,3.225470588235294258e+02,9.888039215686272598e+01
2.674677206851119422e+02,2.142911725955204076e+02,3.216704545454545610e+02,9.817992424242423510e+01
2.668955974842767205e+02,2.149635220125786077e+02,3.208003875968992133e+02,9.734302325581394655e+01
2.663182957393483434e+02,2.154912280701754241e+02,3.205925925925926094e+02,9.714609053497942170e+01
2.653481182795698601e+02,2.164798387096774093e+02,3.194137931034482563e+02,9.613601532567048480e+01
2.649890710382513248e+02,2.164849726775956071e+02,nan,nan
2.642637795275590520e+02,2.173005249343831906e+02,3.181302681992336829e+02,9.491187739463600792e+01
2.635918635170603466e+02,2.177296587926508948e+02,3.133226950354609812e+02,9.105851063829787506e+01
2.626222222222222058e+02,2.185908496732025981e+02,3.117826086956521863e+02,9.025905797101448513e+01
2.618937007874015990e+02,2.191535433070866077e+02,3.091123388581951872e+02,9.028913443830570884e+01
2.607202141900937136e+02,2.199892904953145774e+02,3.074285714285714448e+02,9.084761904761903395e+01
2.601071428571428328e+02,2.204431216931216966e+02,3.061542857142857201e+02,9.158666666666665890e+01
2.597440699126091772e+02,2.204931335830212049e+02,3.053567251461988121e+02,9.213450292397661201e+01
2.590782828282827950e+02,2.209797979797979792e+02,3.041375968992247749e+02,9.239922480620154488e+01
2.578689567430025136e+02,2.216666666666666572e+02,3.033451676528599137e+02,9.247337278106509473e+01
2.576263020833333144e+02,2.218958333333333144e+02,3.030779727095516023e+02,9.258089668615983214e+01
2.570520446096654155e+02,2.222379182156133766e+02,3.027458563535911367e+02,9.280662983425413870e+01
2.564319066147859871e+02,2.226277561608300744e+02,3.023780260707634966e+02,9.281005586592178247e+01
2.553891050583657716e+02,2.230894941634241206e+02,3.012780847145487542e+02,9.274769797421730289e+01
2.548280423280423292e+02,2.233716931216931130e+02,3.008089887640449547e+02,9.281460674157303004e+01
2.548949416342412349e+02,2.234150453955901412e+02,3.003817504655493167e+02,9.234264432029794989e+01
2.542532299741601776e+02,2.235981912144702619e+02,3.003866666666666561e+02,9.202857142857142492e+01
2.527121212121211897e+02,2.241859504132231393e+02,2.998805704099821696e+02,9.172192513368983668e+01
2.518771241830065151e+02,2.243856209150326606e+02,2.992234848484848158e+02,9.158333333333332860e+01
2.510350877192982466e+02,2.245371120107962213e+02,2.987094474153297483e+02,9.167023172905524575e+01
2.497847222222222001e+02,2.248874999999999886e+02,2.971539961013644984e+02,9.119493177387913363e+01
2.494002789400278743e+02,2.249916317991631729e+02,2.967829457364341010e+02,9.119767441860464885e+01
2.491975308641975175e+02,2.251618655692729476e+02,2.965108481262327018e+02,9.139842209072978108e+01
2.485805555555555486e+02,2.254236111111111143e+02,2.958333333333333144e+02,9.142234848484848442e+01
2.475394190871369346e+02,2.256320885200553050e+02,2.954342857142856928e+02,9.148952380952380281e+01
2.467023319615911987e+02,2.258106995884773767e+02,2.949390476190475852e+02,9.112571428571428100e+01
2.451577380952380736e+02,2.260416666666666572e+02,2.942240740740740534e+02,9.050925925925925242e+01
2.441847041847041737e+02,2.261847041847041737e+02,2.938566493955094643e+02,9.020898100172711054e+01
2.442288135593220204e+02,2.262980225988700340e+02,2.926068840579710013e+02,8.963043478260870245e+01
2.438602150537634259e+02,2.262715053763440665e+02,2.917134831460674036e+02,8.896067415730337302e+01
2.418678414096916356e+02,2.266681350954478660e+02,2.909267822736030666e+02,8.829479768786127636e+01
2.417138888888888744e+02,2.266875000000000000e+02,2.905638095238094820e+02,8.795428571428571729e+01
2.404444444444444571e+02,2.268262108262107972e+02,2.905923809523809496e+02,8.805142857142857338e+01
2.398347578347578235e+02,2.269245014245014147e+02,2.896792792792792852e+02,8.738378378378378386e+01
2.388940027894002753e+02,2.269539748953974936e+02,2.890368324125229833e+02,8.708839779005525372e+01
2.378482142857142776e+02,2.270625000000000000e+02,2.889539594843462282e+02,8.738121546961326658e+01
2.373534482758620641e+02,2.272112068965517153e+02,2.890602636534839576e+02,8.750847457627118331e+01
2.367750000000000057e+02,2.271708333333333201e+02,2.888651685393258504e+02,8.750374531835205971e+01
2.362655826558265346e+02,2.272317073170731589e+02,2.886686159844054487e+02,8.761013645224170432e+01
2.350753623188405470e+02,2.274550724637681185e+02,2.884258188824662739e+02,8.765895953757225811e+01
2.349243697478991635e+02,2.273039215686274304e+02,2.882321428571428328e+02,8.772420634920634086e+01
2.333015873015872899e+02,2.273722943722943626e+02,2.879252873563218600e+02,8.782950191570880349e+01
2.323784570596797607e+02,2.274032023289665005e+02,2.865536062378167230e+02,8.744639376218323434e+01
2.321231231231230936e+02,2.275555555555555429e+02,2.868540433925048774e+02,8.757593688362918272e+01
2.314066091954022681e+02,2.276436781609195066e+02,2.875930470347648225e+02,8.783435582822086474e+01
2.307582582582582233e+02,2.276486486486486456e+02,2.877656565656565135e+02,8.758383838383838338e+01
2.311367521367521363e+02,2.276581196581196593e+02,2.879210019267822531e+02,8.769942196531792433e+01
2.309478260869565247e+02,2.276362318840579633e+02,2.879210019267822531e+02,8.769942196531792433e+01
2.290811209439527829e+02,2.277094395280235801e+02,2.875155038759689887e+02,8.706782945736433987e+01
2.288948824343015076e+02,2.277952973720608441e+02,2.875575048732943060e+02,8.709356725146199096e+01
2.271060606060605949e+02,2.277469696969696713e+02,2.874487895716945900e+02,8.720111731843574887e+01
2.273220338983050794e+02,2.278008474576271283e+02,2.875081967213114922e+02,8.735701275045536818e+01
2.272741046831955600e+02,2.278112947658401879e+02,2.875081967213114922e+02,8.735701275045536818e+01
2.268000000000000114e+02,2.277819444444444343e+02,2.875081967213114922e+02,8.735701275045536818e+01
2.264889807162534225e+02,2.278044077134986196e+02,2.874217311233885539e+02,8.753222836095763171e+01
2.255041322314049523e+02,2.279173553719008396e+02,2.871260162601626007e+02,8.750813008130080561e+01
2.246286919831223656e+02,2.278874824191279629e+02,2.870837887067394831e+02,8.769398907103824570e+01
2.246039886039885971e+02,2.278176638176637994e+02,2.868882783882783656e+02,8.762454212454211699e+01
2.240910307898259646e+02,2.280388219544846038e+02,2.868000000000000114e+02,8.771047619047618582e+01
2.231115485564304208e+02,2.280538057742782030e+02,2.867231638418078887e+02,8.770809792843689934e+01
2.220269503546099088e+02,2.279035460992907645e+02,2.862727272727272521e+02,8.789015151515151558e+01
2.216380952380952181e+02,2.279034013605441942e+02,2.856055226824457236e+02,8.788362919132148932e+01
2.215862516212710602e+02,2.278858625162127112e+02,2.859981273408239417e+02,8.798314606741573130e+01
2.199210884353741449e+02,2.280040816326530546e+02,2.853138297872340559e+02,8.774290780141842561e+01
2.188795518207282669e+02,2.280966386554621863e+02,2.854285714285714448e+02,8.777838827838827740e+01
2.174463276836158059e+02,2.282711864406779796e+02,2.847313131313131294e+02,8.762424242424242493e+01
2.167641242937853008e+02,2.283149717514124006e+02,2.844372549019607277e+02,8.769803921568626492e+01
2.158847736625514528e+02,2.283333333333333428e+02,2.843472222222221717e+02,8.762896825396825307e+01
2.152677376171351966e+02,2.283587684069611612e+02,2.842666666666666515e+02,8.757450980392157192e+01
2.145770750988142197e+02,2.284558629776020950e+02,2.837956349206348818e+02,8.755158730158730407e+01
2.133847222222221944e+02,2.287249999999999943e+02,2.836443089430894133e+02,8.755284552845527912e+01
2.127634408602150415e+02,2.286747311827956821e+02,2.838843930635838433e+02,8.799614643545278625e+01
2.119114799446749657e+02,2.287856154910096507e+02,2.835397727272727479e+02,8.806628787878787534e+01
2.106935483870967687e+02,2.289516129032257936e+02,2.834560439560439704e+02,8.805860805860805840e+01
2.098160442600276383e+02,2.289668049792531122e+02,2.838079096045197502e+02,8.855178907721280268e+01
2.087417654808959071e+02,2.292002635046113141e+02,2.828127572016460931e+02,8.824691358024691112e+01
2.075251700680271938e+02,2.293564625850339951e+02,2.831380670611439427e+02,8.840433925049309494e+01
2.072975734355044608e+02,2.293218390804597675e+02,2.832397003745318216e+02,8.892696629213483561e+01
2.061956241956241911e+02,2.295160875160875094e+02,2.822152380952380781e+02,9.035999999999999943e+01
2.049825970548862131e+02,2.297898259705488613e+02,2.816686274509803525e+02,9.156078431372547755e+01
2.032011251758086985e+02,2.300801687763712948e+02,2.805753968253968083e+02,9.294841269841269593e+01
2.021693333333333271e+02,2.301879999999999882e+02,2.800760233918128392e+02,9.396491228070175339e+01
2.012575163398692837e+02,2.303058823529411825e+02,nan,nan
2.003147410358565708e+02,2.305232403718459295e+02,2.790138067061143943e+02,9.559566074950690506e+01
1.990553306342779933e+02,2.307206477732793530e+02,2.786498127340823885e+02,9.627528089887640306e+01
1.970258620689655231e+02,2.310962643678160759e+02,2.780173410404624406e+02,9.686319845857417477e+01
1.968134430727023130e+02,2.311303155006858674e+02,2.775651340996168415e+02,9.744252873563218031e+01
1.957219973009446505e+02,2.311403508771929864e+02,2.770091575091574896e+02,9.812820512820512420e+01
1.942436974789916064e+02,2.314327731092436977e+02,2.766572504708097426e+02,9.863088512241053252e+01
1.935263157894736707e+02,2.314116059379217063e+02,2.767367424242424363e+02,9.860795454545454675e+01
1.922190476190476147e+02,2.316299319727891088e+02,2.758901734104046000e+02,9.966666666666665719e+01
1.911333333333333258e+02,2.317386666666666599e+02,2.756927374301675968e+02,1.000353817504655467e+02
1.903603238866396623e+02,2.318421052631578902e+02,2.757085714285714175e+02,1.000933333333333195e+02
1.889269972451790522e+02,2.321377410468319340e+02,2.752003546099290929e+02,1.008670212765957501e+02
1.881232492997198733e+02,2.321946778711484285e+02,2.752003546099290929e+02,1.008670212765957501e+02
1.868106995884773767e+02,2.322592592592592666e+02,2.743570019723865698e+02,1.014358974358974166e+02
1.856965986394557717e+02,2.323741496598639458e+02,2.741233885819520992e+02,1.017127071823204432e+02
1.841758087201125136e+02,2.324641350210970359e+02,2.742753623188405641e+02,1.016322463768115938e+02
1.835508474576271283e+02,2.326638418079095914e+02,2.740634057971014386e+02,1.020380434782608745e+02
1.819159663865546293e+02,2.325952380952380736e+02,2.736877394636015310e+02,1.023103448275862064e+02
1.813319615912208462e+02,2.324540466392317910e+02,2.730992509363295540e+02,1.023483146067415674e+02
1.800539007092198460e+02,2.320439716312056646e+02,2.724108527131782580e+02,1.026686046511627950e+02
1.787029569892472978e+02,2.317002688172042895e+02,2.723603082851637396e+02,1.026859344894026833e+02
1.776384408602150415e+02,2.313991935483871032e+02,2.720331491712707361e+02,1.030239410681399619e+02
1.766851851851851620e+02,2.310132275132274913e+02,2.715992907801418141e+02,1.033297872340425556e+02
1.754629629629629619e+02,2.304576719576719483e+02,2.708273092369477695e+02,1.036526104417670666e+02
1.752141951837769227e+02,2.304955640050696957e+02,2.706742857142857019e+02,1.038761904761904731e+02
1.741451612903225907e+02,2.300470430107526738e+02,2.704327808471454659e+02,1.041418047882136193e+02
1.725876152832674393e+02,2.292779973649538761e+02,2.702057142857142935e+02,1.045638095238095104e+02
1.721460823373173810e+02,2.290637450199203329e+02,2.697279693486589736e+02,1.050000000000000000e+02
1.710087719298245474e+02,2.285745614035087669e+02,2.695111111111110631e+02,1.051070707070706902e+02
1.702503346720214097e+02,2.280749665327978448e+02,2.695549132947977000e+02,1.052870905587668489e+02
1.699137254901960716e+02,2.278261437908496703e+02,2.693001841620625783e+02,1.054511970534069860e+02
1.686380952380952181e+02,2.271360544217686765e+02,2.690703703703703695e+02,1.056296296296296191e+02
1.678191632928474917e+02,2.266626180836707078e+02,2.690703703703703695e+02,1.056296296296296191e+02
1.671039136302294139e+02,2.261997300944669291e+02,2.686494252873563369e+02,1.059329501915708676e+02
1.663899613899613996e+02,2.257490347490347631e+02,2.681050505050504853e+02,1.060242424242424306e+02
1.652749675745784543e+02,2.250324254215304620e+02,2.683352713178294380e+02,1.059031007751937921e+02
1.646888020833333144e+02,2.246822916666666572e+02,2.676666666666666288e+02,1.061057884231536832e+02
1.636821106821106753e+02,2.239163449163449116e+02,2.672982456140350678e+02,1.063255360623781485e+02
1.625776892430278906e+02,2.230730411686586763e+02,2.667134502923976811e+02,1.068265107212475584e+02
1.615603112840466906e+02,2.223463035019455276e+02,2.665921568627450711e+02,1.069176470588235333e+02
1.609305555555555429e+02,2.218686868686868365e+02,2.665155038759689887e+02,1.070174418604651123e+02
1.598540051679586327e+02,2.210581395348837077e+02,2.660019723865877381e+02,1.072583826429980149e+02
1.585437908496732007e+02,2.200849673202614269e+02,2.660019723865877381e+02,1.072583826429980149e+02
1.575730769230769113e+02,2.195217948717948673e+02,2.655727440147329617e+02,1.082375690607734811e+02
1.563345959595959300e+02,2.186464646464646364e+02,2.655370370370370097e+02,1.085407407407407305e+02
1.553905852417302640e+02,2.178816793893129784e+02,2.654990791896868814e+02,1.085451197053406815e+02
1.546628056628056527e+02,2.174066924066924003e+02,2.649050179211469072e+02,1.092544802867383424e+02
1.537366412213740432e+02,2.166437659033078660e+02,2.646855670103092848e+02,1.095721649484536044e+02
1.525738562091503070e+02,2.158705882352941217e+02,2.636858237547892259e+02,1.107145593869731783e+02
1.518676470588235361e+02,2.153308823529411882e+02,2.636029962546816137e+02,1.108857677902621646e+02
1.506769230769230887e+02,2.145423076923077019e+02,2.633458110516933743e+02,1.111818181818181870e+02
1.494862745098039341e+02,2.137294117647058727e+02,2.633085106382978893e+02,1.112109929078014119e+02
1.484140625000000000e+02,2.129843750000000000e+02,2.627752380952380804e+02,1.119695238095237926e+02
1.474309252217997255e+02,2.123168567807350939e+02,2.623109869646182233e+02,1.123631284916201167e+02
1.461480051480051259e+02,2.115353925353925320e+02,2.623183520599250755e+02,1.123558052434456869e+02
1.454896214896214701e+02,2.109987789987789881e+02,2.623977272727272521e+02,1.123143939393939377e+02
1.440606060606060339e+02,2.100500658761528143e+02,2.616609195402298838e+02,1.124444444444444429e+02
1.430499375780274534e+02,2.094219725343320704e+02,2.614014732965009102e+02,1.126408839779005575e+02
1.418833333333333258e+02,2.086961538461538339e+02,2.606607495069033575e+02,1.130177514792899416e+02
1.410991325898388880e+02,2.081833952912019754e+02,2.607668593448939873e+02,1.128169556840076950e+02
1.397408805031446377e+02,2.072515723270440162e+02,2.607123809523809541e+02,1.128133333333333326e+02
1.382961487383797987e+02,2.063373173970783512e+02,2.602527472527472696e+02,1.127948717948717814e+02
1.378373015873015959e+02,2.059272486772486559e+02,2.596510721247562969e+02,1.129688109161793221e+02
1.356680497925311215e+02,2.046293222683264048e+02,2.590633147113593964e+02,1.129162011173184368e+02
1.354037940379403722e+02,2.043631436314362873e+02,2.589236499068900912e+02,1.129031657355679528e+02
1.347568922305764261e+02,2.039448621553884493e+02,2.588901734104046000e+02,1.125818882466281110e+02
1.331814671814671840e+02,2.029369369369369167e+02,2.583814616755793168e+02,1.125811051693404465e+02
1.320125313283207902e+02,2.023182957393483719e+02,2.578333333333333144e+02,1.124090909090909065e+02
1.303115646258503375e+02,2.011047619047618866e+02,2.574102564102564088e+02,1.123550295857988175e+02
1.293120849933598890e+02,2.004993359893758225e+02,2.568000000000000114e+02,1.123638095238095076e+02
1.288563899868247518e+02,2.000000000000000000e+02,2.570155038759689887e+02,1.118158914728682163e+02
1.274808959156785164e+02,1.992015810276679701e+02,2.559830508474576334e+02,1.108625235404896330e+02
1.265951468710089216e+02,1.985197956577266893e+02,2.559181286549707579e+02,1.097290448343079845e+02
1.253797814207650134e+02,1.976639344262295026e+02,2.547835249042145449e+02,1.088180076628352424e+02
1.245816993464052302e+02,1.971869281045751450e+02,2.538782435129740236e+02,1.079760479041916170e+02
1.241239999999999952e+02,1.968400000000000034e+02,2.534848484848484702e+02,1.075719696969696884e+02
1.228415300546448066e+02,1.959098360655737565e+02,2.521515151515151558e+02,1.066828282828282681e+02
1.219453333333333234e+02,1.954266666666666481e+02,2.518323471400394453e+02,1.062327416173569929e+02
1.203696236559139692e+02,1.943400537634408352e+02,2.514356261022927299e+02,1.058165784832451379e+02
1.200091863517060347e+02,1.939540682414697983e+02,2.510163934426229559e+02,1.051621129326047281e+02
1.194805890227576839e+02,1.936479250334671747e+02,2.506540540540540576e+02,1.048072072072071990e+02
1.184032258064516157e+02,1.928897849462365457e+02,2.498951310861422996e+02,1.042490636704119851e+02
1.184524765729584885e+02,1.929799196787148503e+02,2.494322344322344236e+02,1.037289377289377086e+02
1.164268292682926784e+02,1.914945799457994440e+02,2.489099616858237312e+02,1.032490421455938616e+02
1.155658602150537604e+02,1.908104838709677438e+02,2.486464088397790135e+02,1.029650092081031119e+02
1.156411290322580641e+02,1.908763440860214757e+02,2.485890151515151274e+02,1.027727272727272663e+02
1.146169354838709609e+02,1.902889784946236489e+02,2.484871794871794748e+02,1.026153846153846132e+02
1.143372093023255758e+02,1.897273901808785297e+02,2.484254143646408863e+02,1.025948434622467573e+02
1.129628099173553721e+02,1.889876033057851146e+02,2.470498084291187695e+02,1.015785440613026651e+02
1.123922356091030679e+02,1.886117804551539336e+02,nan,nan
1.110393700787401627e+02,1.875787401574803255e+02,2.464457364341085110e+02,1.010155038759689745e+02
1.107272727272727337e+02,1.872796143250688488e+02,2.464457364341085110e+02,1.010155038759689745e+02
1.100292164674634705e+02,1.867861885790172494e+02,2.457182320441988850e+02,1.006040515653775316e+02
1.093761713520749623e+02,1.862369477911646527e+02,2.450800000000000125e+02,1.004990476190476159e+02
1.090836501901140707e+02,1.860050697084917317e+02,2.449981884057970944e+02,1.002318840579710013e+02
1.083145917001338603e+02,1.853654618473895539e+02,2.446448087431693921e+02,1.000491803278688536e+02
1.077866161616161520e+02,1.846325757575757507e+02,2.436666666666666572e+02,9.956308851224103762e+01
1.070267229254570935e+02,1.835246132208157235e+02,2.431821493624772188e+02,9.948269581056464972e+01
1.066262203626220213e+02,1.830962343096234406e+02,2.417103174603174409e+02,9.908531746031745513e+01
1.063505291005291014e+02,1.828280423280423292e+02,2.416315789473684106e+02,9.910136452241714267e+01
1.059245541838134272e+02,1.821522633744855852e+02,2.415204678362572963e+02,9.890253411306042608e+01
1.053938115330520304e+02,1.809184247538677823e+02,2.407533718689787747e+02,9.875915221579960246e+01
1.051359084406294642e+02,1.804878397711015623e+02,2.406296296296295907e+02,9.869444444444444287e+01
1.049024390243902474e+02,1.802005420054200329e+02,2.391428571428571388e+02,9.839428571428571502e+01
1.045375886524822704e+02,1.792595744680851055e+02,2.389365079365078941e+02,9.817261904761905100e+01
1.046175298804780880e+02,1.795617529880478003e+02,2.390196078431372371e+02,9.820980392156860717e+01
1.043534136546184783e+02,1.786184738955823263e+02,2.388810916179337198e+02,9.799025341130604261e+01
1.038935574229691809e+02,1.776526610644257573e+02,2.388196078431372200e+02,9.797254901960783968e+01
1.038706047819971872e+02,1.771645569620253298e+02,2.381085714285714232e+02,9.761333333333332973e+01
1.037736625514403244e+02,1.766941015089163045e+02,2.383017751479289927e+02,9.759368836291912430e+01
1.038025751072961356e+02,1.757381974248927179e+02,2.383526011560693689e+02,9.760308285163775111e+01
1.038105413105412964e+02,1.750498575498575349e+02,2.383759259259259125e+02,9.703518518518518476e+01
1.042552552552552498e+02,1.741276276276276178e+02,2.383646408839778985e+02,9.709392265193369553e+01
1.040141843971631204e+02,1.742836879432624073e+02,2.380742857142857076e+02,9.691428571428571104e+01
1.039077134986225843e+02,1.744380165289256297e+02,2.380775193798449436e+02,9.685271317829456450e+01
1.041573676680972653e+02,1.734992846924177172e+02,2.382145593869731499e+02,9.688314176245209808e+01
1.044751773049645323e+02,1.730808510638297832e+02,2.384269005847953338e+02,9.683625730994151581e+01
1.045731707317073216e+02,1.724132791327913310e+02,2.384035087719298360e+02,9.677777777777777146e+01
1.049237288135593218e+02,1.716384180790960272e+02,2.390357815442560820e+02,9.693408662900188233e+01
1.053843971631205676e+02,1.708921985815602795e+02,2.393146067415730442e+02,9.689138576779025414e+01
1.057190082644628149e+02,1.705123966942148854e+02,2.393146067415730442e+02,9.689138576779025414e+01
1.058902777777777686e+02,1.699736111111110972e+02,2.393146067415730442e+02,9.689138576779025414e+01
1.066124999999999972e+02,1.691541666666666686e+02,2.393146067415730442e+02,9.689138576779025414e+01
1.068433048433048356e+02,1.687150997150996830e+02,2.391230158730158450e+02,9.676388888888888573e+01
1.071744680851063833e+02,1.683744680851063720e+02,2.389147727272727195e+02,9.656628787878786113e+01
1.074055555555555515e+02,1.680222222222222115e+02,2.389494382022471939e+02,9.654307116104867248e+01
1.079254385964912331e+02,1.673976608187134332e+02,2.388719397363464907e+02,9.657250470809792375e+01
1.090219298245613970e+02,1.660307017543859729e+02,2.388719397363464907e+02,9.657250470809792375e+01
1.092113095238095184e+02,1.657648809523809348e+02,2.385191256830601105e+02,9.658652094717668035e+01
1.096762688614540480e+02,1.653017832647462058e+02,2.382342857142857042e+02,9.644190476190475181e+01
1.106928374655647218e+02,1.644462809917355344e+02,2.383296089385474943e+02,9.651024208566107632e+01
1.115495495495495533e+02,1.634684684684684726e+02,2.382342857142857042e+02,9.644190476190475181e+01
1.119387464387464348e+02,1.630199430199430140e+02,2.376440677966101589e+02,9.678342749529188893e+01
1.130334855403348513e+02,1.620974124809740999e+02,2.368959537572254419e+02,9.674566473988438986e+01
1.135434173669467697e+02,1.615560224089635710e+02,2.365776515151515014e+02,9.682765151515150137e+01
1.135434173669467697e+02,1.615560224089635710e+02,2.365776515151515014e+02,9.682765151515150137e+01
1.146739130434782652e+02,1.604217391304347871e+02,2.362424242424242209e+02,9.698484848484848442e+01
1.153672839506172778e+02,1.596558641975308603e+02,2.361706349206349103e+02,9.704365079365078373e+01
1.158575757575757450e+02,1.590939393939393938e+02,2.350317460317459961e+02,9.712896825396825307e+01
1.166743471582181257e+02,1.583333333333333144e+02,2.350059880239520851e+02,9.718962075848303073e+01
1.169456681350954312e+02,1.579941262848751649e+02,2.350179640718562837e+02,9.719161676646706383e+01
1.174299719887955149e+02,1.573767507002800983e+02,2.343717171717171368e+02,9.718585858585858261e+01
1.177949852507374544e+02,1.570604719764011747e+02,2.343668639053254310e+02,9.719921104536487633e+01
1.187132132132132085e+02,1.559129129129129012e+02,2.335736434108526964e+02,9.702131782945734528e+01
1.189159544159544168e+02,1.558390313390313224e+02,2.334285714285714164e+02,9.697817460317459393e+01
1.194971264367815991e+02,1.550876436781609016e+02,2.333820662768031013e+02,9.697076023391812782e+01
1.199127324749642298e+02,1.546809728183118580e+02,2.334640151515151274e+02,9.677462121212120394e+01
1.206496453900709156e+02,1.536539007092198403e+02,2.327821969696969688e+02,9.662689393939393767e+01
1.212562962962962843e+02,1.528607407407407379e+02,2.326444444444444173e+02,9.651717171717170629e+01
1.218604992657856059e+02,1.520587371512481525e+02,2.321856060606060339e+02,9.636363636363635976e+01
1.219929676511954995e+02,1.519367088607594951e+02,2.322309124767224944e+02,9.633705772811917711e+01
1.222273361227336039e+02,1.509135285913528435e+02,2.321856060606060339e+02,9.636363636363635976e+01
1.223057971014492722e+02,1.500014492753622903e+02,2.320746812386156535e+02,9.608378870673952576e+01
1.224467496542185216e+02,1.492475795297372088e+02,nan,nan
1.226186666666666554e+02,1.483413333333333242e+02,2.312784552845528196e+02,9.580894308943089754e+01
1.228234519104084228e+02,1.474967061923583458e+02,2.312784552845528196e+02,9.580894308943089754e+01
1.229319444444444400e+02,1.459888888888888800e+02,2.307337398373983319e+02,9.546341463414634632e+01
1.230669515669515590e+02,1.454871794871794748e+02,2.308045267489711705e+02,9.551028806584361064e+01
1.230101449275362313e+02,1.445652173913043441e+02,nan,nan
1.231508916323731029e+02,1.441961591220850494e+02,nan,nan
1.231918767507002741e+02,1.429075630252100950e+02,2.298343079922027243e+02,9.538206627680311556e+01
1.230426997245179024e+02,1.417947658402203785e+02,2.293050505050504739e+02,9.511515151515150990e+01
1.230717299578059141e+02,1.406821378340365527e+02,2.291321499013806431e+02,9.498224852071005841e+01
1.229687943262411238e+02,1.394099290780141871e+02,2.282903885480572228e+02,9.460736196319018632e+01
1.228532235939643300e+02,1.385336076817558251e+02,2.284862745098039056e+02,9.469607843137254122e+01
1.226241134751772961e+02,1.373304964539007074e+02,2.282811244979919536e+02,9.464056224899597680e+01
1.225700680272108798e+02,1.365863945578231267e+02,2.284862745098039056e+02,9.469607843137254122e+01
1.223641456582632969e+02,1.353837535014005482e+02,2.274570858283432813e+02,9.419361277445109693e+01
1.221818181818181870e+02,1.340833333333333144e+02,2.270056497175141317e+02,9.422787193973634601e+01
1.218961988304093467e+02,1.331418128654970587e+02,2.268697318007662602e+02,9.409003831417624042e+01
1.218613445378151283e+02,1.322450980392156907e+02,2.268697318007662602e+02,9.409003831417624042e+01
1.218614379084967254e+02,1.317045751633986868e+02,2.261065088757396495e+02,9.375147928994083202e+01
1.211954992967651208e+02,1.295428973277074363e+02,nan,nan
1.209055793991416294e+02,1.283333333333333144e+02,nan,nan
1.209887482419127878e+02,1.276399437412095494e+02,2.248634538152610105e+02,9.310642570281123653e+01
1.205755102040816382e+02,1.263210884353741363e+02,2.248215686274509721e+02,9.310980392156862706e+01
1.203839662447257410e+02,1.254838255977496431e+02,2.241387283236994108e+02,9.281695568400769503e+01
1.201393678160919478e+02,1.245747126436781542e+02,2.239625246548323219e+02,9.255818540433924113e+01
1.199395218002812840e+02,1.233023909985935234e+02,2.229341317365269504e+02,9.214371257485029787e+01
1.197285513361462677e+02,1.224163150492264265e+02,2.227309236947790794e+02,9.205020080321284581e+01
1.193361462728551174e+02,1.213192686357243275e+02,2.223220338983050794e+02,9.200376647834274024e+01
1.192615176151761460e+02,1.205989159891598916e+02,2.221791907514450770e+02,9.200192678227359977e+01
1.191176470588235361e+02,1.197661064425770263e+02,2.220268199233716473e+02,9.169348659003830448e+01
1.186735822959889362e+02,1.185504840940525497e+02,2.215204678362572963e+02,9.145224171539960878e+01
1.182097701149425149e+02,1.170704022988505670e+02,2.209248554913294811e+02,9.135260115606936893e+01
1.179641873278236801e+02,1.165055096418732745e+02,2.208295880149812547e+02,9.136516853932583615e+01
1.171686746987951864e+02,1.149718875502008046e+02,2.202765567765567596e+02,9.087728937728935819e+01
1.171151271753681300e+02,1.145863453815261011e+02,2.199686274509803638e+02,9.086666666666666003e+01
1.164802721088435220e+02,1.135224489795918430e+02,2.196039426523297209e+02,9.045340501792114196e+01
1.160682414698162717e+02,1.126049868766404103e+02,2.192836879432623789e+02,9.042730496453900457e+01
1.156577266922094367e+02,1.116756066411238777e+02,2.183601532567049617e+02,9.021264367816091578e+01
1.151628787878787818e+02,1.105871212121212182e+02,2.183410404624277419e+02,9.016955684007706395e+01
1.147414698162729678e+02,1.098267716535433038e+02,2.177354497354497482e+02,9.003880070546736647e+01
1.139959514170040507e+02,1.087179487179487154e+02,2.170037453183520597e+02,8.988014981273407500e+01
1.136231292517006750e+02,1.079238095238095241e+02,2.162930402930402636e+02,8.985531135531135760e+01
1.130012771392081703e+02,1.070830140485312825e+02,2.162930402930402636e+02,8.985531135531135760e+01
1.124757952973720450e+02,1.060456431535269672e+02,2.154457142857142742e+02,8.962285714285714278e+01
1.120950520833333286e+02,1.056380208333333286e+02,2.152485207100591822e+02,8.950887573964496369e+01
1.115625879043600577e+02,1.047960618846694700e+02,2.145722543352601122e+02,8.939306358381503514e+01
1.112745901639344197e+02,1.044453551912568230e+02,2.144892787524366327e+02,8.915789473684210975e+01
1.108575063613231464e+02,1.038867684478371416e+02,2.144775828460038838e+02,8.921637426900585410e+01
1.109763681592039717e+02,1.039664179104477597e+02,2.133368983957219314e+02,8.884491978609625562e+01
1.105338164251207616e+02,1.033248792270531311e+02,2.128918439716312037e+02,8.873936170212765262e+01
1.092633744855967137e+02,1.016652949245541748e+02,2.123644688644688472e+02,8.819597069597068639e+01
1.088631436314363157e+02,1.013902439024390247e+02,2.118996415770609190e+02,8.815053763440860735e+01
1.085751633986927942e+02,1.010313725490196077e+02,2.117896613190730761e+02,8.809447415329766784e+01
1.079260752688172005e+02,1.008024193548387046e+02,2.106241134751772677e+02,8.774822695035459219e+01
1.071214574898785372e+02,1.005182186234817863e+02,2.104033149171270622e+02,8.775506445672191091e+01
1.070091863517060347e+02,1.003766404199474920e+02,2.090487329434697585e+02,8.735282651072124338e+01
1.061906614785992247e+02,1.001530479896238575e+02,2.087666666666666799e+02,8.729259259259258386e+01
1.058199233716475050e+02,1.001111111111111143e+02,2.083352490421455627e+02,8.742145593869730646e+01
1.050530612244897952e+02,9.986394557823128082e+01,2.070470588235294258e+02,8.760980392156862706e+01
1.045904392764857818e+02,9.997028423772609074e+01,2.056150793650793389e+02,8.766468253968253066e+01
1.036627296587926423e+02,9.988976377952755570e+01,2.048100775193798029e+02,8.763759689922480334e+01
1.029142053445850848e+02,9.977777777777777146e+01,2.039157088122605046e+02,8.764750957854406010e+01
1.025250000000000057e+02,9.980416666666666003e+01,2.028565891472867975e+02,8.762596899224806180e+01
1.019800569800569718e+02,9.989173789173787554e+01,2.020682261208576733e+02,8.759064327485380375e+01
1.010770308123249208e+02,9.974509803921567652e+01,2.012835249042145449e+02,8.761302681992336261e+01
1.004325068870523268e+02,9.998347107438016224e+01,2.004288499025340968e+02,8.747953216374268948e+01
1.008129117259551890e+02,1.001317523056653442e+02,1.993614232209737622e+02,8.753745318352059712e+01
1.000567081604425965e+02,1.005006915629322179e+02,1.990576576576576429e+02,8.746846846846845835e+01
9.962992125984251857e+01,1.006417322834645631e+02,1.986700167504187391e+02,8.741708542713567454e+01
9.910089399744572347e+01,1.010434227330779038e+02,1.983181049069373785e+02,8.735025380710659704e+01
9.867567567567567721e+01,1.015057915057915068e+02,1.965992714025500732e+02,8.726047358834243539e+01
9.793387314439945612e+01,1.020431848852901453e+02,1.956887550200803219e+02,8.715662650602409656e+01
9.803162055335968716e+01,1.019881422924901244e+02,1.958391472868216852e+02,8.719186046511627808e+01
9.758846153846154436e+01,1.022807692307692378e+02,1.946006944444444287e+02,8.707465277777777146e+01
9.726163522012578255e+01,1.026012578616352187e+02,1.941185185185184991e+02,8.711296296296295338e+01
9.672830188679245111e+01,1.031811320754716945e+02,1.936591760299625093e+02,8.697003745318352230e+01
9.617832647462276441e+01,1.040205761316872497e+02,1.928084714548802765e+02,8.697974217311232792e+01
9.564690382081685982e+01,1.044453227931488755e+02,1.925549645390070737e+02,8.703191489361702793e+01
9.551405622489960479e+01,1.047028112449799266e+02,1.917673992673992416e+02,8.694871794871794179e+01
9.523025435073627420e+01,1.048728246318607660e+02,1.912588454376163725e+02,8.683612662942272209e+01
9.391914893617021676e+01,1.066170212765957501e+02,1.908135593220339103e+02,8.680037664783426976e+01
9.417622950819672667e+01,1.066106557377049171e+02,1.893609467455621314e+02,8.673570019723865698e+01
9.385546875000000000e+01,1.069648437500000000e+02,1.888361904761904384e+02,8.673333333333332007e+01
9.346173800259401787e+01,1.077380025940337163e+02,1.885416666666666288e+02,8.675000000000000000e+01
9.330998702983137605e+01,1.078002594033722374e+02,1.884751381215469621e+02,8.667587476979741723e+01
9.242317708333332860e+01,1.089739583333333286e+02,1.869851851851851450e+02,8.669074074074073621e+01
9.171625344352617049e+01,1.101997245179063327e+02,1.861809523809523625e+02,8.677333333333332632e+01
9.157720057720057127e+01,1.106565656565656468e+02,1.857028985507245977e+02,8.677173913043478137e+01
9.125371120107961076e+01,1.110958164642375010e+02,1.850327868852459119e+02,8.663934426229508290e+01
9.058265582655826620e+01,1.119850948509484994e+02,1.844373795761078725e+02,8.655684007707128558e+01
8.996358543417366604e+01,1.134215686274509807e+02,1.834205426356589044e+02,8.650387596899224718e+01
8.998124098124097259e+01,1.137489177489177479e+02,1.825325443786982191e+02,8.660946745562129934e+01
8.987127371273712129e+01,1.142669376693766878e+02,1.820670391061452449e+02,8.663128491620111049e+01
8.947289972899729094e+01,1.156775067750677408e+02,1.812571428571428669e+02,8.658476190476190482e+01
8.917893217893217184e+01,1.168326118326118319e+02,1.806898395721925112e+02,8.661140819964349191e+01
8.901106500691561507e+01,1.174868603042876885e+02,1.796228571428571570e+02,8.654476190476189856e+01
8.881779661016949490e+01,1.185211864406779654e+02,1.784971428571428476e+02,8.660190476190474840e+01
8.861843971631205363e+01,1.191290780141843868e+02,1.778370370370370210e+02,8.656481481481480955e+01
8.844837758112093695e+01,1.205176991150442518e+02,1.769039215686274247e+02,8.656274509803921546e+01
8.834027777777777146e+01,1.211736111111111001e+02,1.761638418079095914e+02,8.649340866290017971e+01
8.812145748987853722e+01,1.216045883940620769e+02,1.750803212851405419e+02,8.652208835341365045e+01
8.810204081632653583e+01,1.225319727891156418e+02,1.744206349206349103e+02,8.651587301587301226e+01
8.793117408906883270e+01,1.231821862348178200e+02,1.739082397003745086e+02,8.651498127340823885e+01
8.785042735042735274e+01,1.245897435897435912e+02,1.724808080808080604e+02,8.648484848484848442e+01
8.768704512372633531e+01,1.252372634643377012e+02,nan,nan
8.769141193595341122e+01,1.269112081513828088e+02,1.709552845528455123e+02,8.650406504065040281e+01
8.748363095238094900e+01,1.279821428571428612e+02,1.702480620155038480e+02,8.650387596899224718e+01
8.750906555090654138e+01,1.284993026499302573e+02,1.697827715355805083e+02,8.650936329588014928e+01
8.741884057971013533e+01,1.298855072463767897e+02,1.692028985507246261e+02,8.648550724637679821e+01
8.736076817558297591e+01,1.301207133058984766e+02,1.683909909909909857e+02,8.652432432432432563e+01
8.723953823953823417e+01,1.314949494949494806e+02,1.668372549019607902e+02,8.666274509803920978e+01
8.714323962516732536e+01,1.319852744310575474e+02,1.660881226053639637e+02,8.672605363984673943e+01
8.711157601115759519e+01,1.332775453277545239e+02,1.655690607734806576e+02,8.687108655616943054e+01
8.699088541666665719e+01,1.336979166666666572e+02,1.648918918918919019e+02,8.689549549549549567e+01
8.697769028871390162e+01,1.341496062992125928e+02,1.645183246073298449e+02,8.681500872600348373e+01
8.683750000000000568e+01,1.349166666666666572e+02,1.624537521815008461e+02,8.753926701570681246e+01
8.683875338753387041e+01,1.357642276422764098e+02,1.611449275362318758e+02,8.795833333333332860e+01
8.680130718954248437e+01,1.364915032679738260e+02,1.595344202898550634e+02,8.796920289855071928e+01
8.674242424242423510e+01,1.381432506887052227e+02,1.580115606936416270e+02,8.863969171483621778e+01
8.661418439716311468e+01,1.384014184397163092e+02,1.565103578154425463e+02,8.939924670433144627e+01
8.654600301659124284e+01,1.397843137254901933e+02,1.549491869918699081e+02,9.009959349593495403e+01
8.649777777777778454e+01,1.404637037037036862e+02,1.534309392265193424e+02,9.054327808471454375e+01
8.648563218390803797e+01,1.408117816091954069e+02,1.519126984126984041e+02,9.111309523809524080e+01
8.651882845188283966e+01,1.407963737796373493e+02,1.504927536231884062e+02,9.181521739130434412e+01
8.630779569892472125e+01,1.422849462365591364e+02,1.493261261261261268e+02,9.241981981981980709e+01
8.627222222222221149e+01,1.432472222222222058e+02,1.476276595744680833e+02,9.303191489361702793e+01
8.618579234972676772e+01,1.435819672131147513e+02,1.465130890052355994e+02,9.376614310645723549e+01
8.611244979919678144e+01,1.444792503346720025e+02,1.453203703703703695e+02,9.440185185185184480e+01
8.596358543417366604e+01,1.452549019607843093e+02,1.444756756756756886e+02,9.482882882882881859e+01
8.601874163319945410e+01,1.457670682730923772e+02,1.427336956521739069e+02,9.578804347826087451e+01
8.601646090534978839e+01,1.464979423868312836e+02,1.411277777777777658e+02,9.654629629629629051e+01
8.595402298850574141e+01,1.478247126436781400e+02,1.397951582867783884e+02,9.722160148975790150e+01
8.592274678111587605e+01,1.480615164520743576e+02,1.388323699421965216e+02,9.769749518304429614e+01
8.582923497267759672e+01,1.485450819672131217e+02,1.374990990990990838e+02,9.836576576576575803e+01
8.578169934640521888e+01,1.491385620915032462e+02,1.365464480874316848e+02,9.888706739526411127e+01
8.578278688524589768e+01,1.492540983606557461e+02,1.344431372549019557e+02,9.993137254901959921e+01
8.587891737891736454e+01,1.509572649572649539e+02,1.333139534883721069e+02,1.003604651162790731e+02
8.578284923928076466e+01,1.515698478561548939e+02,1.324537037037036953e+02,1.007703703703703582e+02
8.580028129395216752e+01,1.528326300984528530e+02,1.313868092691621996e+02,1.011212121212121104e+02
8.584022038567492530e+01,1.529077134986225701e+02,1.296809269162210398e+02,1.016684491978609657e+02
8.563865546218487168e+01,1.540112044817927028e+02,1.277753222836095688e+02,1.022523020257826687e+02
8.557287157287156276e+01,1.553910533910533616e+02,1.266992753623188293e+02,1.027789855072463752e+02
8.545919778699860103e+01,1.559142461964038660e+02,1.251049723756906076e+02,1.035395948434622397e+02
8.549639249639248817e+01,1.571053391053390840e+02,1.236610169491525397e+02,1.041016949152542423e+02
8.548396094839608850e+01,1.570934449093444698e+02,1.224585635359116083e+02,1.044272559852670241e+02
8.538362068965517437e+01,1.588563218390804366e+02,1.210082815734989623e+02,1.049979296066252488e+02
8.518767507002800699e+01,1.605364145658263340e+02,1.200468164794007464e+02,1.056123595505617914e+02
8.528215767634854672e+01,1.605546334716459000e+02,1.187504761904761779e+02,1.063238095238095156e+02
8.545404663923181943e+01,1.622798353909464879e+02,1.173777777777777800e+02,1.068296296296296219e+02
8.545607235142118441e+01,1.627428940568475468e+02,1.164382022471910147e+02,1.071460674157303430e+02
8.556790123456789843e+01,1.644375857338820026e+02,1.151762452107279557e+02,1.077183908045977034e+02
8.572582972582971195e+01,1.651832611832611519e+02,1.139257028112449603e+02,1.083614457831325240e+02
8.583118741058653711e+01,1.657353361945636436e+02,1.128902439024390247e+02,1.090243902439024453e+02
8.626725403817913218e+01,1.677723935389133487e+02,1.122107279693486390e+02,1.093965517241379359e+02
8.631983805668016885e+01,1.683333333333333144e+02,1.112925925925925839e+02,1.099240740740740705e+02
8.658474576271186152e+01,1.695070621468926504e+02,1.101117764471057683e+02,1.103532934131736596e+02
8.667777777777776294e+01,1.703444444444444343e+02,1.094797687861271669e+02,1.109903660886319727e+02
8.685943775100400899e+01,1.708326639892904666e+02,1.086782273603082842e+02,1.117668593448940157e+02
8.685560053981106421e+01,1.713859649122806843e+02,1.081431261770244703e+02,1.120998116760828509e+02
8.724931129476583180e+01,1.726845730027548029e+02,1.070738636363636402e+02,1.128314393939393909e+02
8.730971128608922527e+01,1.733687664041994765e+02,1.062042389210019167e+02,1.133448940269749414e+02
8.744903581267216452e+01,1.736473829201101751e+02,1.056539855072463752e+02,1.142536231884057827e+02
8.745736434108526680e+01,1.740297157622738951e+02,1.055009633911367928e+02,1.145606936416184993e+02
8.768898186889818192e+01,1.749525801952580082e+02,1.041160220994475196e+02,1.162173112338858090e+02
8.800937081659972705e+01,1.761847389558232919e+02,1.029962546816479403e+02,1.173820224719101191e+02
8.833198380566801688e+01,1.769716599190283262e+02,1.018719397363465049e+02,1.182354048964218265e+02
8.871866666666666390e+01,1.778426666666666449e+02,1.011902071563088441e+02,1.190847457627118615e+02
8.869187675070027410e+01,1.783417366946778486e+02,1.004074074074074048e+02,1.200870370370370210e+02
8.881693989071037265e+01,1.787117486338797789e+02,9.930681818181818699e+01,1.210321969696969546e+02
8.905019305019304454e+01,1.794208494208494074e+02,9.881459566074948953e+01,1.214950690335305552e+02
8.940080971659918418e+01,1.801740890688259071e+02,9.709239130434782794e+01,1.221105072463767982e+02
8.998937583001327312e+01,1.812895086321381086e+02,9.639015151515150137e+01,1.226704545454545467e+02
9.029790026246718071e+01,1.816955380577427661e+02,9.568253968253968367e+01,1.230035273368606568e+02
9.078306878306878502e+01,1.824510582010582027e+02,9.471238095238093990e+01,1.237066666666666492e+02
9.120849933598937298e+01,1.830544488711819326e+02,9.433695652173912549e+01,1.237989130434782652e+02
9.199299719887955007e+01,1.838683473389355640e+02,9.366123188405795474e+01,1.240380434782608745e+02
9.261322081575245591e+01,1.844922644163150380e+02,9.320571428571427930e+01,1.241561904761904742e+02
9.318333333333333712e+01,1.850500000000000114e+02,9.287207207207207205e+01,1.242180180180180145e+02
9.400423728813559876e+01,1.857316384180790863e+02,9.280294659300183469e+01,1.242338858195211770e+02
9.425714285714285268e+01,1.861809523809523625e+02,9.246167557932263037e+01,1.244367201426024820e+02
9.477327935222672295e+01,1.867287449392712517e+02,9.157945736434108142e+01,1.247926356589147190e+02
9.534133333333332416e+01,1.872226666666666688e+02,9.125000000000000000e+01,1.248055555555555571e+02
9.588306451612903913e+01,1.877338709677419217e+02,9.113043478260870245e+01,1.248260869565217348e+02
9.599088541666665719e+01,1.878580729166666572e+02,9.113043478260870245e+01,1.248260869565217348e+02
9.676305220883534730e+01,1.884698795180722755e+02,9.113043478260870245e+01,1.248260869565217348e+02
9.766094420600857973e+01,1.890271816881258644e+02,9.051704545454545325e+01,1.253011363636363598e+02
9.836231884057970376e+01,1.896463768115941946e+02,9.054651162790698038e+01,1.252558139534883708e+02
9.829004329004328611e+01,1.896926406926406798e+02,9.021022727272726627e+01,1.252556818181818130e+02
9.909787234042552484e+01,1.901460992907801142e+02,9.021022727272726627e+01,1.252556818181818130e+02
1.002117486338797647e+02,1.908087431693988947e+02,9.021022727272726627e+01,1.252556818181818130e+02
1.006937669376693663e+02,1.911978319783197833e+02,8.995903165735568052e+01,1.255027932960893793e+02
1.013277777777777686e+02,1.915527777777777771e+02,8.996316758747697406e+01,1.257329650092080868e+02
1.018806584362139915e+02,1.919026063100137094e+02,8.999627560521415148e+01,1.256797020484171128e+02
1.028368794326241016e+02,1.921957446808510497e+02,8.999627560521415148e+01,1.256797020484171128e+02
1.030145502645502518e+02,1.921084656084655933e+02,8.987765957446808329e+01,1.256595744680851112e+02
1.049376811594202792e+02,1.924898550724637687e+02,8.904096834264431948e+01,1.261210428305400200e+02
1.049339080459770059e+02,1.925330459770114828e+02,8.909700176366843039e+01,1.262945326278659479e+02
1.069937694704049704e+02,1.923816199376946940e+02,8.929166666666665719e+01,1.262137681159420168e+02
1.064586776859504198e+02,1.926570247933884161e+02,8.911702127659575012e+01,1.262517730496453794e+02
1.071478494623655848e+02,1.925161290322580783e+02,8.922037037037036100e+01,1.263055555555555571e+02
1.085952380952380878e+02,1.922801120448179120e+02,8.868333333333333712e+01,1.266777777777777771e+02
1.089579579579579445e+02,1.923243243243243228e+02,8.815482695810564451e+01,1.269799635701274951e+02
1.092052401746724826e+02,1.923522561863173053e+02,8.815482695810564451e+01,1.269799635701274951e+02
1.100903954802259790e+02,1.922245762711864359e+02,8.815482695810564451e+01,1.269799635701274951e+02
1.103511904761904674e+02,1.920461309523809348e+02,8.789523809523808495e+01,1.271580952380952283e+02
1.108961038961038952e+02,1.915108225108225213e+02,8.789502762430939242e+01,1.273572744014732763e+02
1.103809523809523654e+02,1.917450980392156623e+02,8.776217228464419406e+01,1.274007490636704034e+02
1.107436918990703703e+02,1.913054448871181705e+02,8.762015503875969102e+01,1.274496124031007724e+02
1.108188976377952741e+02,1.911141732283464592e+02,8.770265151515151558e+01,1.273996212121212039e+02
1.111632373113854442e+02,1.906762688614540195e+02,8.770265151515151558e+01,1.273996212121212039e+02
1.114409448818897630e+02,1.899291338582677042e+02,8.759496124031007014e+01,1.274883720930232585e+02
1.114905149051490412e+02,1.899485094850948315e+02,8.728742514970059574e+01,1.278842315369261371e+02
1.116969696969696884e+02,1.892754820936638964e+02,8.728742514970059574e+01,1.278842315369261371e+02
1.116652719665272002e+02,1.893110181311018039e+02,8.752094717668487078e+01,1.278014571948998110e+02
1.118619246861924665e+02,1.887656903765690402e+02,8.721722846441947752e+01,1.279850187265917469e+02
1.121723646723646652e+02,1.877891737891737876e+02,8.662172284644194065e+01,1.285561797752808957e+02
1.121565452091767838e+02,1.872186234817813784e+02,8.695634920634920206e+01,1.283948412698412653e+02
1.122886178861788551e+02,1.866558265582655736e+02,8.706857142857143117e+01,1.283942857142857008e+02
1.124453781512604991e+02,1.863417366946778486e+02,8.706857142857143117e+01,1.283942857142857008e+02
1.125254237288135641e+02,1.856963276836158059e+02,8.685460992907800915e+01,1.286879432624113520e+02
1.126580086580086544e+02,1.849033189033189046e+02,8.672982456140348972e+01,1.287578947368421041e+02
1.128934993084370575e+02,1.838658367911479843e+02,8.672905525846701380e+01,1.288003565062388418e+02
1.130408163265306172e+02,1.832843537414966022e+02,8.672905525846701380e+01,1.288003565062388418e+02
1.130476190476190368e+02,1.828442728442728367e+02,8.658464223385688285e+01,1.288830715532286035e+02
1.134751773049645323e+02,1.809404255319148831e+02,8.658464223385688285e+01,1.288830715532286035e+02
1.135939393939393796e+02,1.796060606060605949e+02,8.590957446808511122e+01,1.291719858156028238e+02
1.136980874316939776e+02,1.795969945355191157e+02,8.604991087344028244e+01,1.290303030303030312e+02
1.139684499314128914e+02,1.779053497942386741e+02,8.604991087344028244e+01,1.290303030303030312e+02
1.140333333333333314e+02,1.773430555555555372e+02,8.638202247191011907e+01,1.288539325842696712e+02
1.140816326530612201e+02,1.772612244897959215e+02,8.637500000000000000e+01,1.288238636363636260e+02
1.145278969957081614e+02,1.748240343347639509e+02,8.614689265536722473e+01,1.287137476459510310e+02
1.145166666666666657e+02,1.747638888888888573e+02,8.616755793226380433e+01,1.287361853832441909e+02
1.150098452883262894e+02,1.735893108298171512e+02,8.587747747747746985e+01,1.287279279279279081e+02
1.151034482758620641e+02,1.726005747126436631e+02,8.639506172839506348e+01,1.288677248677248599e+02
1.155235988200589929e+02,1.707404129793510208e+02,8.681996434937610729e+01,1.294795008912655874e+02
1.155836849507735593e+02,1.704303797468354560e+02,8.758429118773946698e+01,1.305402298850574709e+02
1.158462585034013586e+02,1.696612244897959272e+02,8.806010928961748618e+01,1.311511839708560956e+02
1.159563492063492021e+02,1.691243386243386055e+02,8.826136363636364024e+01,1.314810606060605949e+02
1.162334801762114580e+02,1.680954478707782584e+02,8.888644688644687619e+01,1.321135531135531096e+02
1.163652173913043413e+02,1.671695652173912947e+02,8.991287878787878185e+01,1.336571969696969688e+02
1.168424242424242436e+02,1.657515151515151217e+02,9.094152046783625565e+01,1.350019493177387915e+02
1.170678733031674170e+02,1.648491704374057178e+02,9.131755424063115356e+01,1.355976331360946858e+02
1.172763532763532623e+02,1.643005698005697752e+02,9.202564102564100779e+01,1.362454212454212268e+02
1.174463276836158201e+02,1.638135593220339103e+02,9.286003683241250428e+01,1.371546961325966834e+02
1.172603305785123950e+02,1.633829201101928277e+02,9.390163934426229275e+01,1.383934426229508290e+02
1.178855072463768039e+02,1.619797101449275090e+02,9.453861788617885509e+01,1.396727642276422614e+02
1.182695883134130099e+02,1.613386454183267062e+02,9.528952380952379997e+01,1.404171428571428635e+02
1.189646017699115106e+02,1.598584070796460139e+02,9.595698924731182444e+01,1.408512544802867410e+02
1.197982832618025810e+02,1.578369098712446430e+02,9.701289134438304984e+01,1.421546961325966834e+02
1.202804005722460658e+02,1.563218884120171595e+02,9.710326086956521863e+01,1.422210144927535964e+02
1.211608187134502828e+02,1.549108187134502828e+02,9.750187265917602986e+01,1.432453183520599111e+02
1.215853994490358048e+02,1.538567493112947488e+02,nan,nan
1.224908579465541436e+02,1.519789029535864984e+02,9.797736625514401965e+01,1.442263374485596614e+02
1.228613333333333344e+02,1.507706666666666706e+02,9.819267822736030382e+01,1.444219653179190743e+02
1.235074224021592357e+02,1.494939271255060760e+02,9.850177304964537939e+01,1.446773049645389904e+02
1.245560283687943155e+02,1.475702127659574501e+02,9.910919540229885172e+01,1.459386973180076552e+02
1.249470013947001377e+02,1.459874476987447736e+02,9.918390804597700594e+01,1.458888888888888857e+02
1.254156378600822990e+02,1.451975308641975175e+02,9.935714285714286120e+01,1.463498168498168468e+02
1.258674698795180689e+02,1.441753681392235649e+02,9.935714285714286120e+01,1.463498168498168468e+02
1.266098981077146846e+02,1.420247452692867398e+02,9.985205992509361295e+01,1.468895131086142385e+02
1.269972222222222200e+02,1.402888888888888630e+02,1.003202247191011196e+02,1.473333333333333144e+02
1.268577405857740530e+02,1.385969316596931549e+02,1.005000000000000000e+02,1.478710317460317469e+02
1.267661064425770263e+02,1.374803921568627345e+02,1.005246548323471245e+02,1.479112426035503063e+02
1.268367071524966150e+02,1.359946018893387247e+02,1.007980952380952289e+02,1.481295238095237892e+02
1.268242187500000000e+02,1.354505208333333144e+02,1.009066666666666521e+02,1.481809523809523625e+02
1.262267759562841434e+02,1.328073770491803316e+02,1.013134920634920491e+02,1.488591269841269877e+02
1.263110236220472444e+02,1.320406824146981535e+02,1.013953488372092977e+02,1.487228682170542697e+02
1.260467404674046605e+02,1.310246002460024499e+02,1.017186897880539362e+02,1.489884393063583730e+02
1.251844532279314848e+02,1.287075098814229364e+02,1.025773809523809490e+02,1.487301587301587062e+02
1.248911290322580641e+02,1.275510752688172005e+02,nan,nan
1.241973333333333329e+02,1.259453333333333234e+02,1.047878787878787818e+02,1.474242424242424363e+02
1.237568922305764261e+02,1.248972431077694125e+02,1.056272189349112409e+02,1.470157790927021608e+02
1.232884615384615330e+02,1.239217948717948588e+02,1.059317269076305053e+02,1.466204819277108413e+02
1.226817610062892925e+02,1.226188679245283026e+02,1.070549019607843064e+02,1.462588235294117567e+02
1.216089238845144251e+02,1.208070866141732296e+02,nan,nan
1.208648293963254474e+02,1.197440944881889777e+02,1.075522088353413466e+02,1.453253012048192829e+02
1.202964376590330744e+02,1.189249363867684366e+02,1.080391061452513952e+02,1.450000000000000000e+02
1.196787878787878725e+02,1.182157575757575643e+02,1.081944444444444287e+02,1.443472222222222285e+02
1.182549751243781060e+02,1.169539800995024734e+02,1.085317460317460245e+02,1.435218253968253919e+02
1.175649935649935571e+02,1.160566280566280426e+02,1.083240740740740620e+02,1.432222222222222285e+02
1.162231075697211224e+02,1.150584329349269552e+02,1.086625514403292101e+02,1.425802469135802539e+02
1.150693333333333328e+02,1.142893333333333317e+02,1.081996124031007724e+02,1.424186046511627808e+02
1.137135416666666572e+02,1.135273437500000000e+02,1.076169429097605814e+02,1.423499079189686825e+02
1.123012048192771033e+02,1.127938420348058770e+02,1.074642857142857082e+02,1.412281746031746081e+02
1.110819892473118244e+02,1.121814516129032313e+02,1.067739463601532464e+02,1.405823754789271902e+02
1.095467224546722349e+02,1.115899581589958132e+02,1.063065134099616813e+02,1.399367816091954069e+02
1.083745019920318668e+02,1.110690571049136679e+02,1.057156308851223940e+02,1.396685499058380344e+02
1.069722222222222285e+02,1.108002645502645436e+02,1.051693989071038260e+02,1.398105646630236834e+02
1.054383202099737531e+02,1.103307086614173187e+02,1.045195530726256976e+02,1.394003724394785593e+02
1.044413702239789075e+02,1.102252964426877497e+02,1.038490196078431325e+02,1.388333333333333144e+02
1.028268955650929826e+02,1.098240343347639509e+02,1.032007797270955081e+02,1.383976608187134616e+02
1.012758620689655231e+02,1.097456896551724128e+02,1.024438405797101268e+02,1.385018115942029056e+02
1.012397891963109231e+02,1.095994729907773291e+02,1.018150087260034837e+02,1.383368237347294780e+02
1.002222222222222143e+02,1.095307189542483570e+02,1.011947368421052573e+02,1.379719298245613857e+02
9.864060356652947803e+01,1.095802469135802539e+02,1.005336976320582778e+02,1.377340619307832412e+02
9.804337050805450815e+01,1.096208178438661776e+02,1.000116279069767415e+02,1.367868217054263482e+02
9.557846952010375219e+01,1.098132295719844365e+02,9.945930232558139039e+01,1.366124031007751967e+02
9.522572178477689420e+01,1.100026246719159957e+02,9.898062015503874989e+01,1.363294573643410672e+02
9.377150537634408067e+01,1.102526881720429941e+02,9.830409356725145642e+01,1.369317738791422983e+02
9.324348958333332860e+01,1.102265625000000000e+02,nan,nan
9.113661202185791410e+01,1.109221311475409806e+02,9.706224899598392142e+01,1.367309236947791078e+02
9.093686868686867797e+01,1.111489898989898961e+02,9.684380952380951157e+01,1.360895238095237971e+02
8.962348178137651189e+01,1.117381916329284763e+02,9.647537878787876764e+01,1.358371212121212182e+02
8.865494791666665719e+01,1.123841145833333286e+02,9.606862745098038658e+01,1.357901960784313644e+02
8.746184738955822979e+01,1.131097724230254329e+02,9.581687242798352599e+01,1.357119341563785895e+02
8.600000000000000000e+01,1.140217687074829911e+02,9.521637426900585410e+01,1.353976608187134616e+02
8.535670356703566597e+01,1.144526445264452548e+02,nan,nan
8.419083969465648920e+01,1.155114503816793956e+02,9.479797979797979224e+01,1.356545454545454561e+02
8.307051282051281760e+01,1.164089743589743478e+02,9.438728323699422162e+01,1.358362235067437211e+02
8.227210884353740994e+01,1.169945578231292416e+02,9.412574850299401419e+01,1.356347305389221560e+02
8.140447957839261051e+01,1.177483530961791729e+02,9.391428571428571104e+01,1.353085714285714403e+02
8.052933333333332655e+01,1.185799999999999983e+02,9.376998050682260555e+01,1.348927875243664687e+02
7.991214470284236882e+01,1.192958656330749250e+02,9.357279693486589167e+01,1.351858237547892543e+02
7.947169811320755173e+01,1.197245283018867923e+02,9.357765151515150137e+01,1.350890151515151274e+02
7.847265625000000000e+01,1.206770833333333286e+02,9.327746741154561505e+01,1.352681564245810080e+02
7.779874213836477281e+01,1.213886792452830150e+02,9.339024390243902474e+01,1.342723577235772154e+02
7.663396226415093793e+01,1.227157232704402361e+02,9.332323232323231821e+01,1.344363636363636374e+02
7.634088050314464624e+01,1.229660377358490564e+02,9.331726907630522305e+01,1.343875502008032186e+02
7.527131782945735949e+01,1.242054263565891432e+02,9.332323232323231821e+01,1.344363636363636374e+02
7.441763942931257247e+01,1.251219195849545969e+02,9.349132947976877972e+01,1.339595375722543338e+02
7.324833997343957037e+01,1.264023904382470107e+02,9.334117647058823763e+01,1.337607843137254804e+02
7.295061728395060641e+01,1.269432098765432073e+02,9.340409683426442200e+01,1.336480446927374430e+02
7.225620915032679648e+01,1.277581699346405202e+02,9.349456521739129755e+01,1.334311594202898448e+02
7.167447916666665719e+01,1.285403645833333144e+02,9.357250470809792375e+01,1.332542372881355845e+02
7.123899371069181541e+01,1.289408805031446263e+02,9.357250470809792375e+01,1.332542372881355845e+02
7.092812887236678421e+01,1.293952912019826442e+02,9.345238095238094900e+01,1.329798534798534604e+02
7.009541511771993783e+01,1.306976456009913079e+02,9.323649906890129557e+01,1.328398510242085706e+02
6.958269720101780820e+01,1.313575063613231464e+02,9.317777777777777715e+01,1.328703703703703525e+02
6.874173027989822060e+01,1.324274809160305324e+02,9.342967244701347340e+01,1.322485549132948108e+02
6.821374045801526620e+01,1.331679389312976980e+02,9.350096339113679278e+01,1.322292870905587563e+02
6.764575163398691870e+01,1.340444444444444230e+02,9.318181818181818699e+01,1.313787878787878753e+02
6.693333333333332291e+01,1.354624113475177296e+02,9.276795580110497497e+01,1.320773480662983559e+02
6.663333333333332575e+01,1.363133333333333042e+02,9.195315315315315274e+01,1.315261261261261154e+02
6.598484848484848442e+01,1.375674931129476306e+02,9.153977272727273373e+01,1.312594696969696884e+02
6.552910052910051775e+01,1.388822751322751117e+02,9.117948717948716819e+01,1.308809523809523796e+02
6.502409638554216542e+01,1.403266398929049217e+02,9.070630630630628843e+01,1.304648648648648646e+02
6.491979949874685474e+01,1.408746867167919845e+02,9.052530541012215792e+01,1.303368237347294780e+02
6.445607235142118441e+01,1.422894056847545130e+02,9.008499999999999375e+01,1.299683333333333337e+02
6.436641221374046040e+01,1.427124681933842112e+02,8.958514492753621994e+01,1.295960144927535964e+02
6.426190476190475920e+01,1.444272486772486559e+02,8.951971326164873233e+01,1.295250896057347632e+02
6.398007968127490130e+01,1.462509960159362663e+02,8.870309653916210380e+01,1.287704918032787020e+02
6.390969455511287833e+01,1.469482071713147491e+02,8.831340579710145278e+01,1.284492753623188150e+02
6.382203389830508655e+01,1.480056497175141033e+02,8.817753623188404788e+01,1.283913043478260931e+02
6.373627844712181911e+01,1.493949129852744022e+02,8.796256684491979172e+01,1.282923351158645175e+02
6.366523605150214848e+01,1.504563662374820865e+02,8.733882783882783940e+01,1.276373626373626422e+02
6.369125683060109111e+01,1.507158469945354966e+02,8.698324022346368167e+01,1.273929236499068764e+02
6.348686030428768845e+01,1.524661134163208658e+02,8.674345549738220029e+01,1.271326352530540902e+02
6.351914893617021107e+01,1.530439716312056646e+02,8.662544802867382998e+01,1.269569892473118244e+02
6.347410358565736743e+01,1.535112881806108760e+02,8.651773049645389335e+01,1.268617021276595693e+02
6.349002849002848592e+01,1.552336182336182162e+02,8.625740740740739909e+01,1.267055555555555486e+02
6.354256854256853870e+01,1.564300144300144098e+02,8.551012891344382183e+01,1.259760589318600239e+02
6.354820936639118401e+01,1.568126721763085243e+02,8.568306010928961314e+01,1.262331511839708469e+02
6.337271448663852880e+01,1.583178621659634189e+02,8.560773480662983559e+01,1.261362799263351633e+02
6.359733333333333150e+01,1.590826666666666540e+02,8.554561403508770923e+01,1.261473684210526329e+02
6.360734463276835982e+01,1.604816384180790863e+02,8.531382978723404165e+01,1.260407801418439533e+02
6.347033898305084421e+01,1.607189265536723042e+02,8.460952380952380736e+01,1.253466666666666498e+02
6.365591397849462396e+01,1.620147849462365457e+02,8.448587570621468501e+01,1.250979284369114879e+02
6.362466124661246170e+01,1.628048780487804947e+02,8.448587570621468501e+01,1.250979284369114879e+02
6.381232492997198591e+01,1.638221288515406115e+02,8.405253623188404788e+01,1.247880434782608745e+02
6.391194968553458011e+01,1.638842767295597298e+02,8.405253623188404788e+01,1.247880434782608745e+02
6.412931034482758719e+01,1.652830459770114828e+02,8.398758865248227323e+01,1.247287234042553195e+02
6.428925619834710403e+01,1.661101928374655472e+02,8.382608695652173481e+01,1.246775362318840479e+02
6.456462585034013557e+01,1.667034013605442055e+02,8.368959435626101140e+01,1.244832451499118093e+02
6.476626826029216488e+01,1.678300132802124551e+02,8.378609625668448757e+01,1.243297682709447258e+02
6.500952380952379883e+01,1.683768707482992966e+02,8.372852233676975686e+01,1.239587628865979383e+02
6.517264276228419817e+01,1.692124833997343671e+02,8.314162348877374598e+01,1.231571675302245126e+02
6.558854166666665719e+01,1.704010416666666572e+02,8.266129032258064058e+01,1.225681003584229245e+02
6.590873015873016527e+01,1.716415343915343783e+02,8.265536723163842225e+01,1.224500941619585603e+02
6.621164021164020141e+01,1.726177248677248599e+02,8.260640301318267120e+01,1.223013182674199584e+02
6.652895752895753390e+01,1.732908622908622647e+02,8.260640301318267120e+01,1.223013182674199584e+02
6.721236559139784106e+01,1.748965053763440665e+02,8.215828677839850513e+01,1.214599627560521355e+02
6.704644808743168483e+01,1.750396174863387841e+02,8.206813996316758164e+01,1.213278084714548726e+02
6.749932523616733704e+01,1.760566801619433193e+02,8.206813996316758164e+01,1.213278084714548726e+02
6.778726287262871608e+01,1.767344173441734370e+02,8.212476722532588269e+01,1.214040968342644220e+02
6.814814814814813815e+01,1.773955026455026314e+02,8.193772893772893440e+01,1.209835164835164818e+02
6.835907335907336346e+01,1.782162162162162247e+02,8.146481481481481524e+01,1.200814814814814611e+02
6.858300132802123983e+01,1.787569721115537789e+02,8.146593001841620207e+01,1.200773480662983417e+02
6.880933852140077533e+01,1.794785992217898922e+02,8.145421245421245260e+01,1.200860805860805698e+02
6.911410256410255215e+01,1.799205128205128119e+02,8.135370370370370097e+01,1.200592592592592496e+02
6.945182291666665719e+01,1.805924479166666572e+02,8.107889546351084675e+01,1.196410256410256352e+02
6.982120051085567525e+01,1.812950191570881202e+02,8.057196969696968836e+01,1.189715909090909065e+02
7.004365079365079794e+01,1.818346560846560749e+02,8.060271317829456450e+01,1.189941860465116292e+02
7.007283950617282642e+01,1.823271604938271366e+02,8.060271317829456450e+01,1.189941860465116292e+02
7.069291338582677042e+01,1.832559055118110223e+02,8.060271317829456450e+01,1.189941860465116292e+02
7.130523627075349680e+01,1.841660280970625649e+02,8.055686274509803013e+01,1.189823529411764724e+02
7.178728923476005264e+01,1.845408560311284134e+02,7.992737430167598234e+01,1.182309124767225228e+02
7.259084967320259807e+01,1.852339869281045708e+02,7.994599627560521071e+01,1.182923649906890091e+02
7.329571984435797560e+01,1.859156939040207419e+02,7.999242424242423510e+01,1.182840909090909065e+02
7.373962264150942758e+01,1.861522012578616057e+02,8.003831417624520839e+01,1.182931034482758577e+02
7.394676806083650433e+01,1.862522179974651237e+02,7.999242424242423510e+01,1.182840909090909065e+02
7.601224489795917805e+01,1.873510204081632651e+02,7.986142322097377644e+01,1.179044943820224773e+02
7.603748326639892241e+01,1.875394912985274232e+02,7.979894179894179729e+01,1.180176366843033406e+02
7.666666666666667140e+01,1.879129852744310369e+02,7.979894179894179729e+01,1.180176366843033406e+02
7.727648578811368907e+01,1.882519379844961236e+02,7.979894179894179729e+01,1.180176366843033406e+02
7.803674540682413863e+01,1.886955380577427661e+02,7.979894179894179729e+01,1.180176366843033406e+02
7.931364829396324012e+01,1.892349081364829431e+02,7.949283154121863504e+01,1.175698924731182728e+02
7.984487179487177855e+01,1.894282051282051214e+02,7.962137681159420310e+01,1.177065217391304373e+02
8.049797570850202533e+01,1.897449392712550491e+02,7.962137681159420310e+01,1.177065217391304373e+02
8.068163265306122867e+01,1.898530612244898066e+02,7.962137681159420310e+01,1.177065217391304373e+02
8.189466666666665162e+01,1.903226666666666631e+02,7.956093189964157375e+01,1.176290322580645125e+02
8.251054852320675082e+01,1.904233473980309270e+02,7.925502008032127321e+01,1.168012048192771033e+02
8.305534105534104583e+01,1.906499356499356281e+02,7.932375478927203005e+01,1.167835249042145591e+02
8.392653061224490330e+01,1.906612244897959272e+02,7.932375478927203005e+01,1.167835249042145591e+02
8.376933333333332143e+01,1.904120000000000061e+02,7.941856060606060908e+01,1.169696969696969546e+02
8.424195624195623111e+01,1.902908622908622647e+02,7.949710982658959324e+01,1.170828516377649322e+02
8.522564102564101063e+01,1.897666666666666515e+02,7.920037453183520881e+01,1.163913857677902541e+02
8.580749354005168072e+01,1.893630490956072379e+02,7.902762430939226590e+01,1.160920810313075435e+02
8.667073170731707421e+01,1.889620596205961931e+02,7.924581005586591687e+01,1.159068901303538155e+02
8.694799999999999329e+01,1.885146666666666704e+02,7.884335154826958103e+01,1.151165755919854234e+02
8.739974457215835457e+01,1.881277139208173423e+02,7.916858237547891974e+01,1.147279693486589878e+02
8.814417989417988508e+01,1.873690476190476204e+02,7.890130353817504272e+01,1.140800744878957147e+02
8.829516539440203360e+01,1.872455470737913288e+02,7.886470588235293633e+01,1.139450980392156652e+02
8.864332036316471886e+01,1.868300907911802540e+02,7.889151873767258394e+01,1.139881656804733723e+02
8.928647925033466493e+01,1.862061579651940804e+02,7.889151873767258394e+01,1.139881656804733723e+02
8.997135416666665719e+01,1.851666666666666572e+02,7.898003992015968322e+01,1.136886227544910213e+02
9.007599999999999341e+01,1.848613333333333060e+02,7.839376218323586443e+01,1.124463937621832343e+02
9.066139657444004740e+01,1.842503293807641569e+02,7.821072796934865323e+01,1.123199233716474907e+02
9.083398184176394352e+01,1.840972762645914429e+02,7.821072796934865323e+01,1.123199233716474907e+02
9.119974059662774835e+01,1.836199740596627521e+02,7.799242424242423510e+01,1.121799242424242351e+02
9.184684684684684441e+01,1.828545688545688392e+02,7.788581952117863239e+01,1.120386740331491779e+02
9.209946236559139265e+01,1.822943548387096655e+02,7.754327808471454375e+01,1.112541436464088349e+02
9.244357976653697051e+01,1.818456549935148985e+02,7.754814814814814383e+01,1.113203703703703553e+02
9.274677002583977981e+01,1.815452196382428838e+02,7.739292364990687645e+01,1.110744878957169419e+02
9.289338731443993424e+01,1.813157894736842195e+02,7.702037037037037237e+01,1.105333333333333314e+02
9.321505376344084937e+01,1.807029569892472978e+02,7.703875968992247181e+01,1.101375968992247891e+02
9.384169884169884313e+01,1.797078507078506959e+02,7.775702811244980239e+01,1.090883534136546018e+02
9.395634920634920206e+01,1.795555555555555429e+02,7.899619047619046341e+01,1.085276190476190408e+02
9.368758169934639568e+01,1.799267973856208869e+02,8.022401433691756267e+01,1.084480286738351253e+02
9.439208173690931858e+01,1.787100893997445610e+02,8.133519553072625285e+01,1.080037243947858343e+02
9.451711026615969047e+01,1.784904942965779355e+02,8.218290598290597870e+01,1.079760683760683690e+02
9.509881422924901528e+01,1.778616600790513758e+02,8.393258426966292518e+01,1.070767790262172099e+02
9.512294043092521179e+01,1.776387832699619764e+02,8.461981981981980994e+01,1.070072072072072018e+02
9.523116219667943483e+01,1.775325670498084207e+02,8.544268077601410027e+01,1.068112874779541386e+02
9.585479797979796501e+01,1.764785353535353352e+02,8.653801169590643383e+01,1.062007797270955081e+02
9.582205513784460038e+01,1.763634085213032563e+02,8.782386363636364024e+01,1.056003787878787676e+02
9.636155913978493004e+01,1.754852150537634259e+02,8.864311594202898448e+01,1.053949275362318758e+02
9.658905852417302640e+01,1.750178117048345996e+02,8.914081996434937594e+01,1.053582887700534769e+02
9.676552598225602253e+01,1.747769328263624686e+02,9.004099821746879684e+01,1.052638146167557807e+02
9.692412935323382328e+01,1.745024875621890317e+02,9.074053030303029743e+01,1.050625000000000000e+02
9.705188067444876765e+01,1.740155642023346445e+02,9.097517730496453225e+01,1.051081560283687821e+02
9.733333333333332860e+01,1.733373015873015959e+02,9.240782122905028473e+01,1.044804469273743024e+02
9.756066411238825253e+01,1.731609195402298838e+02,9.289549549549548146e+01,1.045153153153153056e+02
9.756743002544529020e+01,1.730394402035623216e+02,9.350185185185183911e+01,1.043814814814814724e+02
9.792720306513409412e+01,1.723346104725414989e+02,9.408818342151674585e+01,1.044144620811287467e+02
9.793125810635537221e+01,1.724345006485084184e+02,9.439809523809522318e+01,1.044819047619047581e+02
9.851250000000000284e+01,1.710319444444444343e+02,9.514367816091953500e+01,1.039808429118773745e+02
9.842514124293785471e+01,1.704420903954801929e+02,9.560077519379844091e+01,1.039050387596899014e+02
9.826058201058199870e+01,1.700489417989417689e+02,9.604684684684683305e+01,1.036684684684684612e+02
9.815633074935399804e+01,1.696214470284237450e+02,9.701904761904761187e+01,1.032704761904761881e+02
9.784645669291339232e+01,1.688713910761154580e+02,9.721111111111110858e+01,1.032259259259259068e+02
9.772997416020670869e+01,1.683074935400516665e+02,9.763483146067416385e+01,1.030936329588014786e+02
9.732133333333332814e+01,1.670693333333333044e+02,9.787222222222222001e+01,1.030518518518518505e+02
9.697425474254741573e+01,1.662981029810297855e+02,9.811538461538461320e+01,1.029029304029303944e+02
9.686153846153845848e+01,1.660089743589743421e+02,9.819400352733684656e+01,1.028430335097001631e+02
9.657575757575757791e+01,1.651994949494949481e+02,9.901086956521739069e+01,1.025271739130434838e+02
9.628294573643411525e+01,1.649224806201550280e+02,9.937476459510357074e+01,1.022222222222222143e+02
9.566535433070866645e+01,1.637086614173228440e+02,9.942666666666664810e+01,1.022914285714285683e+02
9.530052493438319061e+01,1.630288713910761089e+02,9.942666666666664810e+01,1.022914285714285683e+02
9.495442708333332860e+01,1.624596354166666572e+02,9.942666666666664810e+01,1.022914285714285683e+02
9.443809523809522943e+01,1.617265306122448862e+02,9.957662835249041677e+01,1.022107279693486390e+02
9.396433470507544428e+01,1.606611796982167277e+02,1.003033707865168509e+02,1.016722846441947468e+02
9.398380566801618841e+01,1.605560053981106421e+02,1.000941619585687192e+02,1.018700564971751419e+02
9.370209973753280508e+01,1.603530183727033886e+02,1.000941619585687192e+02,1.018700564971751419e+02
9.331805555555554577e+01,1.594777777777777601e+02,1.002335115864527495e+02,1.015508021390374296e+02
9.305733333333333235e+01,1.588706666666666649e+02,1.001250000000000000e+02,1.014637681159420168e+02
9.243832020997375309e+01,1.580577427821522178e+02,1.005876685934489245e+02,1.008265895953757223e+02
9.234421768707483125e+01,1.577482993197278631e+02,1.007641325536062169e+02,1.005341130604288367e+02
9.225033467202140969e+01,1.574672021419009127e+02,1.007641325536062169e+02,1.005341130604288367e+02
9.188387978142075951e+01,1.567677595628415190e+02,1.005755813953488342e+02,1.002538759689922330e+02
9.163934426229508290e+01,1.566885245901639223e+02,1.009560878243512860e+02,9.991816367265468557e+01
9.100000000000000000e+01,1.560081967213114638e+02,1.003058608058607888e+02,9.958058608058607319e+01
9.095967741935483275e+01,1.559314516129032313e+02,1.000994475138121516e+02,9.935727440147327627e+01
9.061466666666665049e+01,1.556399999999999864e+02,9.977592592592591814e+01,9.890185185185184480e+01
9.014599483204133890e+01,1.553062015503875841e+02,9.978937728937727059e+01,9.893040293040291999e+01
8.946744791666665719e+01,1.549726562500000000e+02,9.984280303030301695e+01,9.856439393939393767e+01
8.899330655957162151e+01,1.545783132530120554e+02,9.991136801541424006e+01,9.789210019267821394e+01
8.798765432098765871e+01,1.541234567901234698e+02,9.995953757225433378e+01,9.728901734104046284e+01
8.723868312757201693e+01,1.536694101508916219e+02,9.997619047619048160e+01,9.708134920634920206e+01
8.688975356679635809e+01,1.535252918287937689e+02,9.997619047619048160e+01,9.708134920634920206e+01
8.622395833333332860e+01,1.532929687500000000e+02,1.002290388548057223e+02,9.683435582822086474e+01
8.629761904761905100e+01,1.530291005291005035e+02,1.002260536398467394e+02,9.618965517241379359e+01
8.570052083333332860e+01,1.527864583333333144e+02,1.003632958801497921e+02,9.609925093632956816e+01
8.534999999999999432e+01,1.526564102564102541e+02,1.002821969696969546e+02,9.612310606060604812e+01
8.467208672086719901e+01,1.524728997289972767e+02,1.004007707129094342e+02,9.605973025048169234e+01
8.363648834019203093e+01,1.520891632373113680e+02,1.007536231884057827e+02,9.566666666666665719e+01
8.321052631578947967e+01,1.517773279352226723e+02,1.015333333333333172e+02,9.440392156862745310e+01
8.257846952010375219e+01,1.516770428015564107e+02,1.010905587668593313e+02,9.465317919075144459e+01
8.229149232914922152e+01,1.514769874476987468e+02,1.012768031189083757e+02,9.451656920077971336e+01
8.191316526610643223e+01,1.513543417366946642e+02,1.011442495126705552e+02,9.397855750487329374e+01
8.146828609986503977e+01,1.512496626180836472e+02,1.011801801801801730e+02,9.400000000000000000e+01
8.075770308123249208e+01,1.510280112044817713e+02,1.011509803921568533e+02,9.347843137254901080e+01
8.065229885057470938e+01,1.509396551724137794e+02,1.004748603351955296e+02,9.315083798882682231e+01
8.037621023513138141e+01,1.508367911479944610e+02,9.953295668549904462e+01,9.264971751412429057e+01
7.986467236467235864e+01,1.506210826210825928e+02,9.888053949903660111e+01,9.252601156069364663e+01
7.964927536231883209e+01,1.505826086956521692e+02,9.839728682170542129e+01,9.177131782945735949e+01
7.875940860215052908e+01,1.503602150537634259e+02,9.804952380952379087e+01,9.105904761904761813e+01
7.815000000000000568e+01,1.501416666666666799e+02,9.750000000000000000e+01,9.073412698412697353e+01
7.831961591220849073e+01,1.501550068587105500e+02,9.710416666666667140e+01,8.992361111111110006e+01
7.818333333333333712e+01,1.501652777777777601e+02,9.670325203252031088e+01,8.902845528455284807e+01
7.759349593495934982e+01,1.500921409214091966e+02,9.638418079096045687e+01,8.826930320150658815e+01
7.655006858710561346e+01,1.499643347050754301e+02,9.585658914728681168e+01,8.799224806201550564e+01
7.628492392807744693e+01,1.498464730290456544e+02,9.548618784530387416e+01,8.703314917127072192e+01
7.566526610644257289e+01,1.497507002801120279e+02,9.480813953488372192e+01,8.594573643410852526e+01
7.491914893617021676e+01,1.494638297872340331e+02,9.461657032755297791e+01,8.539306358381503514e+01
7.551272264631042219e+01,1.497315521628498516e+02,9.432177263969171577e+01,8.467630057803468446e+01
7.432010582010580890e+01,1.498505291005290871e+02,nan,nan
7.413200000000000500e+01,1.499933333333333110e+02,9.350383141762451089e+01,8.357088122605362912e+01
7.314591194968552657e+01,1.503534591194968471e+02,9.350392156862744741e+01,8.343137254901959921e+01
7.257921419518376638e+01,1.504131812420785650e+02,9.332947976878612906e+01,8.267052023121387094e+01
7.224402515723269858e+01,1.507547169811320771e+02,nan,nan
7.130630630630629696e+01,1.509768339768339729e+02,9.270101010101009820e+01,8.137575757575757507e+01
7.101049868766402540e+01,1.511745406824146869e+02,nan,nan
7.072541507024264718e+01,1.513512132822477554e+02,9.268724279835390689e+01,8.144032921810698156e+01
6.994465894465893996e+01,1.515855855855855623e+02,9.261904761904762040e+01,8.105590062111801331e+01
6.961257861635219513e+01,1.518767295597484122e+02,9.261904761904762040e+01,8.105590062111801331e+01
6.858425584255842011e+01,1.524022140221402140e+02,9.257884231536925768e+01,7.990019960079840189e+01
6.783709273182957133e+01,1.529874686716791814e+02,9.255555555555555713e+01,8.003497942386830744e+01
6.747692307692307168e+01,1.532679487179487126e+02,9.257115009746588896e+01,7.969980506822611233e+01
6.707171314741036383e+01,1.534940239043824590e+02,9.259195402298850297e+01,7.942337164750956902e+01
6.664258555133079653e+01,1.538707224334600880e+02,9.246586345381525973e+01,7.890763052208835404e+01
6.630512820512819872e+01,1.539166666666666572e+02,9.242479674796747702e+01,7.850813008130080561e+01
6.590272373540855710e+01,1.543916990920881744e+02,9.242740286298568719e+01,7.823108384458078035e+01
6.527843137254902217e+01,1.548784313725490165e+02,9.242914171656686051e+01,7.845309381237524349e+01
6.542620865139947739e+01,1.547608142493638468e+02,9.248577235772357596e+01,7.852032520325202825e+01
6.485971685971685474e+01,1.552586872586872460e+02,9.244315992292870021e+01,7.776300578034681621e+01
6.444056847545218147e+01,1.553785529715762266e+02,9.244111776447105910e+01,7.715369261477044915e+01
6.384555984555984764e+01,1.560424710424710497e+02,9.229434697855749903e+01,7.682066276803118399e+01
6.333202099737532365e+01,1.566076115485564060e+02,9.231984585741810179e+01,7.688053949903660111e+01
6.307956104252399854e+01,1.572235939643346967e+02,9.229191321499013156e+01,7.667652859960551837e+01
6.292741935483871174e+01,1.574475806451612812e+02,9.215432098765431590e+01,7.600823045267489420e+01
6.268571428571428328e+01,1.579306122448979579e+02,9.195180722891566916e+01,7.507630522088352620e+01
6.237215528781793950e+01,1.584216867469879446e+02,9.194512195121950526e+01,7.485772357723577386e+01
6.216124661246612249e+01,1.591002710027100306e+02,nan,nan
6.198287220026350042e+01,1.597088274044795639e+02,nan,nan
6.179727891156461794e+01,1.601551020408163311e+02,nan,nan
6.136206896551723844e+01,1.615603448275862206e+02,9.181191806331470673e+01,7.397765363128492311e+01
6.123109243697479087e+01,1.622843137254901933e+02,9.183429672447012138e+01,7.386127167630057500e+01
6.124661246612465959e+01,1.622032520325203393e+02,9.183429672447012138e+01,7.386127167630057500e+01
6.108133333333332615e+01,1.633120000000000118e+02,9.185037878787878185e+01,7.359659090909090651e+01
6.091828793774318740e+01,1.639571984435797560e+02,9.185037878787878185e+01,7.359659090909090651e+01
6.088292011019283478e+01,1.647809917355371851e+02,9.196491228070175339e+01,7.277387914230018851e+01
6.090608465608465139e+01,1.648849206349206327e+02,9.199063670411983651e+01,7.250936329588014928e+01
6.091432396251673254e+01,1.661499330655956896e+02,9.198724954462657877e+01,7.275591985428050634e+01
6.084203480589022206e+01,1.668688085676037360e+02,9.218813905930470298e+01,7.258895705521472053e+01
6.076706827309237013e+01,1.674364123159303688e+02,9.229065040650405649e+01,7.254471544715445930e+01
6.072503242542152435e+01,1.678625162127107444e+02,nan,nan
6.092392807745504513e+01,1.702378976486860154e+02,nan,nan
6.087787356321838672e+01,1.707974137931034591e+02,nan,nan
6.115701415701415300e+01,1.713526383526383370e+02,nan,nan
6.110052910052909425e+01,1.718756613756613660e+02,nan,nan
6.146347941567064765e+01,1.731806108897742149e+02,9.226789366053169772e+01,7.201226993865030579e+01
6.179518072289156549e+01,1.744417670682730943e+02,nan,nan
6.192388451443569153e+01,1.750958005249343614e+02,nan,nan
6.219678714859437463e+01,1.757751004016064371e+02,nan,nan
6.230510752688172005e+01,1.762311827956989134e+02,9.204651162790698038e+01,7.144961240310077244e+01
6.235978835978836088e+01,1.766362433862433647e+02,9.200564971751411747e+01,7.098681732580037362e+01
6.282196969696969546e+01,1.775239898989898677e+02,9.195428571428571729e+01,7.092952380952380054e+01
6.280522875816993178e+01,1.779882352941176578e+02,9.196252465483235028e+01,7.093293885601578097e+01
6.325826972010177229e+01,1.788600508905852280e+02,9.196571428571428442e+01,7.096380952380951612e+01
6.371580345285524061e+01,1.796387782204515133e+02,9.224063116370808757e+01,7.038461538461538680e+01
6.371633986928104321e+01,1.800614379084967140e+02,9.238716356107659067e+01,7.041614906832298004e+01
6.411023622047244430e+01,1.808425196850393775e+02,9.238683127572015508e+01,7.039094650205760217e+01
6.453145917001337750e+01,1.814404283801873987e+02,9.238683127572015508e+01,7.039094650205760217e+01
6.468915343915344351e+01,1.817275132275132137e+02,9.283921568627449972e+01,6.957450980392157192e+01
6.490188679245282799e+01,1.822515723270440162e+02,9.360623781676413557e+01,6.958674463937620658e+01
6.551719576719575855e+01,1.832103174603174693e+02,9.502395209580838298e+01,6.967465069860278959e+01
6.568789013732832416e+01,1.835667915106117221e+02,9.570392156862745026e+01,7.003137254901960773e+01
6.576953125000000000e+01,1.839492187500000000e+02,9.686746987951806886e+01,6.981526104417669387e+01
6.591666666666667140e+01,1.843409090909090935e+02,9.782435129740518676e+01,6.973453093812375414e+01
6.685228758169934338e+01,1.855150326797385389e+02,9.855761316872427358e+01,6.960493827160493652e+01
6.710317460317460814e+01,1.861150793650793673e+02,9.915541922290387333e+01,6.992024539877300526e+01
6.777595628415299700e+01,1.869808743169398610e+02,nan,nan
6.777556440903053669e+01,1.870730411686586763e+02,nan,nan
6.841307189542483513e+01,1.879673202614378908e+02,1.007565543071160903e+02,6.978464419475655234e+01
6.858099062918338973e+01,1.882878179384203463e+02,1.017017543859649180e+02,6.953021442495126792e+01
6.903112840466926059e+01,1.889636835278858484e+02,1.020473372781065109e+02,6.943984220907297811e+01
6.900735294117646390e+01,1.890563725490195850e+02,1.023644688644688614e+02,6.937362637362637940e+01
6.920121212121212295e+01,1.894242424242424079e+02,1.024419889502762402e+02,6.940515653775321425e+01
7.000000000000000000e+01,1.905381679389313092e+02,1.024469273743016799e+02,6.943761638733704444e+01
7.039107611548556065e+01,1.912467191601049876e+02,1.034399224806201403e+02,6.925000000000000000e+01
7.077997364953886006e+01,1.918326745718050006e+02,1.033173652694610780e+02,6.950499001996007564e+01
7.111840411840411491e+01,1.923075933075932937e+02,1.035100401606425606e+02,6.954016064257027097e+01
7.147619047619046739e+01,1.928764478764478838e+02,1.035100401606425606e+02,6.954016064257027097e+01
7.193256997455470980e+01,1.935139949109414772e+02,1.033898989898989811e+02,6.974141414141413975e+01
7.232201257861635213e+01,1.940578616352201209e+02,1.035753968253968083e+02,6.997023809523810201e+01
7.284654088050314158e+01,1.948905660377358515e+02,1.033171717171717034e+02,7.010303030303030880e+01
7.349236641221374100e+01,1.958244274809160288e+02,1.039463601532566912e+02,7.004406130268198183e+01
7.395669291338582241e+01,1.963307086614173329e+02,1.040503875968992133e+02,7.003875968992247181e+01
7.418757921419518198e+01,1.968542458808618392e+02,1.040503875968992133e+02,7.003875968992247181e+01
7.468289637952558735e+01,1.976841448189762787e+02,1.044463276836158201e+02,7.012052730696797198e+01
7.517237008871988735e+01,1.983117870722433338e+02,1.045649717514124291e+02,7.031826741996232499e+01
7.588400000000000034e+01,1.992586666666666702e+02,1.047836257309941459e+02,7.030019493177387346e+01
7.612710765239947364e+01,1.996316472114137355e+02,1.045600000000000023e+02,7.032761904761903793e+01
7.634090909090909349e+01,2.000176767676767611e+02,1.044750957854406010e+02,7.063026819923371136e+01
7.725793650793650613e+01,2.011031746031746081e+02,1.047810650887574013e+02,7.062327416173569361e+01
7.797126436781609016e+01,2.021005747126436631e+02,1.050153256704980720e+02,7.076628352490421037e+01
7.827622841965471423e+01,2.022828685258964185e+02,1.053294346978557456e+02,7.073684210526316463e+01
7.857198443579765978e+01,2.027626459143968987e+02,1.052978303747534454e+02,7.077514792899408747e+01
7.947135416666665719e+01,2.034960937500000000e+02,1.053333333333333144e+02,7.075813008130080561e+01
7.995590142671854039e+01,2.039014267185473273e+02,1.049885714285714329e+02,7.124571428571428555e+01
8.112549019607843093e+01,2.047934640522875611e+02,1.060627450980392013e+02,7.096274509803920694e+01
8.192810457516338829e+01,2.054601307189542183e+02,1.058825757575757507e+02,7.078219696969696884e+01
8.255901426718546077e+01,2.058845654993514813e+02,1.058825757575757507e+02,7.078219696969696884e+01
8.325775978407556011e+01,2.062887989203778432e+02,1.057827715355805225e+02,7.085955056179774658e+01
8.434024896265560756e+01,2.068354080221299967e+02,1.058361581920903944e+02,7.084369114877588913e+01
8.500144300144299336e+01,2.073463203463203399e+02,1.056057142857142850e+02,7.005904761904761813e+01
8.550748299319727153e+01,2.076421768707482727e+02,1.055303030303030170e+02,6.974621212121211045e+01
8.616111111111109722e+01,2.079611111111111086e+02,1.055142857142857196e+02,6.973333333333332007e+01
8.726811594202897027e+01,2.083884057971014272e+02,1.057150837988826879e+02,6.957355679702048690e+01
8.767932489451476386e+01,2.086244725738396539e+02,1.062080924855491304e+02,6.904431599229286576e+01
8.862995594713656544e+01,2.091204111600587225e+02,1.065536398467432946e+02,6.866283524904213209e+01
8.954096045197739784e+01,2.094576271186440692e+02,1.070509803921568448e+02,6.835686274509804150e+01
9.046808510638297207e+01,2.097191489361701997e+02,1.070509803921568448e+02,6.835686274509804150e+01
9.088979591836734073e+01,2.098326530612244767e+02,1.071864406779661039e+02,6.822787193973634601e+01
9.162447257383966814e+01,2.101462728551336170e+02,1.071864406779661039e+02,6.822787193973634601e+01
9.320370370370370949e+01,2.107515432098765302e+02,nan,nan
9.420411160058736755e+01,2.109794419970631338e+02,1.079477911646586250e+02,6.721084337349397231e+01
9.457350800582240424e+01,2.111164483260552913e+02,1.079526748971193371e+02,6.706172839506173489e+01
9.529941002949851736e+01,2.113377581120943773e+02,1.080898203592814326e+02,6.692415169660678487e+01
9.564038727524204830e+01,2.114329183955739779e+02,1.079801587301587205e+02,6.685119047619048160e+01
9.658790436005625679e+01,2.116638537271448399e+02,1.082434456928838813e+02,6.642696629213483561e+01
9.694628099173553437e+01,2.119118457300275509e+02,1.083220973782771495e+02,6.622846441947565665e+01
9.797188755020080464e+01,2.119892904953145774e+02,1.086267465069860094e+02,6.611576846307384869e+01
9.846950354609928979e+01,2.121347517730496293e+02,1.087267441860465169e+02,6.593992248062015449e+01
9.961233480176211685e+01,2.121674008810572616e+02,1.088069105691056819e+02,6.569918699186990807e+01
9.960165975103734581e+01,2.122074688796680562e+02,1.090751445086705189e+02,6.558574181117532476e+01
1.007953929539295359e+02,2.118983739837398446e+02,1.092715355805243433e+02,6.554868913857677626e+01
1.012134387351778599e+02,2.117760210803688778e+02,1.092859848484848442e+02,6.551515151515151558e+01
1.025059288537549378e+02,2.112872200263504396e+02,1.092715355805243433e+02,6.554868913857677626e+01
1.031315104166666572e+02,2.109531250000000000e+02,1.099844961240309971e+02,6.507558139534883423e+01
1.038518518518518476e+02,2.104827586206896513e+02,1.099123809523809427e+02,6.511619047619046796e+01
1.036216216216216282e+02,2.109485199485199303e+02,1.103275193798449578e+02,6.518992248062015449e+01
1.042484157160963179e+02,2.103130544993662738e+02,1.101595959595959471e+02,6.524848484848484986e+01
1.046767676767676676e+02,2.099305555555555429e+02,1.109435028248587543e+02,6.521657250470809686e+01
1.052506265664160310e+02,2.095814536340851930e+02,1.108770949720670416e+02,6.525325884543761390e+01
1.055577172503242451e+02,2.092775616083008856e+02,1.114753451676528471e+02,6.509072978303747448e+01
1.060516795865632957e+02,2.086757105943152339e+02,1.123895582329317193e+02,6.501204819277108982e+01
1.065177865612648276e+02,2.082028985507246261e+02,1.123215686274509721e+02,6.496470588235294485e+01
1.066493333333333311e+02,2.080013333333333208e+02,1.123052208835341190e+02,6.503614457831325524e+01
1.072209150326797271e+02,2.073385620915032348e+02,1.124424242424242379e+02,6.506868686868686780e+01
1.075327978580990589e+02,2.068580990629183418e+02,1.129526627218934891e+02,6.512623274161734344e+01
1.073699186991869965e+02,2.071246612466124475e+02,1.135863453815261011e+02,6.552811244979919536e+01
1.077448559670781947e+02,2.058724279835390973e+02,nan,nan
1.077244094488189035e+02,2.055761154855642872e+02,1.154362139917695345e+02,6.703497942386830744e+01
1.078032128514056183e+02,2.051633199464524751e+02,1.162721893491124234e+02,6.747928994082840859e+01
1.078218829516539330e+02,2.047302798982188108e+02,1.171469979296066128e+02,6.804347826086956275e+01
1.077990012484394526e+02,2.043383270911360512e+02,1.178323699421965358e+02,6.859922928709055157e+01
1.078625954198473238e+02,2.032798982188294872e+02,1.180440613026819818e+02,6.873180076628351287e+01
1.076706827309237013e+02,2.026278447121820534e+02,1.194161849710982608e+02,6.940847784200384751e+01
1.075530303030302974e+02,2.019482323232323040e+02,1.202369942196531838e+02,6.966281310211945765e+01
1.074913678618857915e+02,2.013014608233731622e+02,1.218027613412228618e+02,7.026232741617356226e+01
1.073164721141374827e+02,2.003527885862516200e+02,1.220571428571428640e+02,7.045333333333333314e+01
1.072898009950248621e+02,1.996504975124377950e+02,1.225176908752327591e+02,7.063687150837988327e+01
1.070664062500000000e+02,1.989036458333333144e+02,1.231015325670498015e+02,7.066283524904213209e+01
1.066705577172503183e+02,1.975330739299610912e+02,1.243314285714285745e+02,7.095238095238094900e+01
1.064898785425101266e+02,1.965654520917678667e+02,1.248934911242603505e+02,7.111637080867849647e+01
1.063244274809160288e+02,1.957786259541984748e+02,1.253927203065133966e+02,7.120881226053639068e+01
1.061627906976744242e+02,1.951795865633074811e+02,1.268353909465020450e+02,7.156172839506173489e+01
1.060102960102960026e+02,1.944079794079794112e+02,1.271450980392156680e+02,7.173921568627450540e+01
1.056640726329442259e+02,1.931309987029831348e+02,1.278047337278106568e+02,7.165877712031557678e+01
1.054807930607187103e+02,1.926195786864931847e+02,1.286973180076628296e+02,7.173563218390805218e+01
1.052730627306273021e+02,1.918450184501845115e+02,1.291522157996146234e+02,7.177071290944122950e+01
1.048598484848484844e+02,1.903535353535353352e+02,1.302716763005780365e+02,7.197109826589596082e+01
1.046950904392764841e+02,1.895180878552971535e+02,1.308070175438596436e+02,7.195126705653021304e+01
1.044337349397590344e+02,1.887309236947791078e+02,1.321597633136094601e+02,7.203944773175541627e+01
1.042948207171314721e+02,1.879867197875165914e+02,1.331666666666666572e+02,7.221084337349397231e+01
1.039146341463414700e+02,1.867967479674796607e+02,1.334000000000000057e+02,7.243434343434343248e+01
1.034603825136612016e+02,1.850245901639344197e+02,1.350909090909090935e+02,7.271111111111110858e+01
1.032396251673360013e+02,1.845568942436412101e+02,1.355162601626016112e+02,7.268902439024390105e+01
1.030316804407713391e+02,1.838526170798897965e+02,1.362929292929292728e+02,7.277171717171717091e+01
1.028278688524590194e+02,1.829439890710382315e+02,1.368980392156862536e+02,7.283529411764705230e+01
1.026036036036036023e+02,1.821531531531531414e+02,1.376549019607843150e+02,7.287843137254901649e+01
1.022819499341238441e+02,1.807299077733860315e+02,1.378670634920634654e+02,7.301388888888888573e+01
1.019595141700404923e+02,1.801659919028340084e+02,1.386240310077519382e+02,7.317441860465116577e+01
1.017192982456140271e+02,1.789905533063427754e+02,1.395555555555555429e+02,7.348343079922027243e+01
1.015973856209150341e+02,1.787215686274509778e+02,1.402339181286549774e+02,7.342884990253411104e+01
1.010896921017402832e+02,1.773012048192771033e+02,1.404914285714285711e+02,7.351809523809522773e+01
1.004101562500000000e+02,1.758789062500000000e+02,1.406849816849816648e+02,7.358241758241757680e+01
1.000348058902275739e+02,1.750923694779116602e+02,1.421618497109826649e+02,7.407514450867051892e+01
9.966929133858268131e+01,1.742834645669291262e+02,1.418381502890173351e+02,7.375529865125240292e+01
9.909987029831387417e+01,1.734435797665369705e+02,1.423276836158192111e+02,7.376082862523540484e+01
9.886928104575162024e+01,1.726718954248365776e+02,1.426312849162011105e+02,7.366294227188082289e+01
9.807630522088354041e+01,1.717817938420348014e+02,1.430655737704917954e+02,7.386156648451729723e+01
9.751190476190475920e+01,1.711137566137566068e+02,1.443043478260869676e+02,7.408488612836438847e+01
9.675782312925169037e+01,1.703918367346938680e+02,1.443043478260869676e+02,7.408488612836438847e+01
9.625068870523415399e+01,1.697314049586776719e+02,1.445530303030302832e+02,7.396780303030301695e+01
9.567989417989417689e+01,1.692328042328042272e+02,1.451040462427745581e+02,7.405009633911367928e+01
9.477566539923954281e+01,1.687249683143219272e+02,1.453053892215568794e+02,7.405788423153691724e+01
9.333055555555554861e+01,1.679333333333333371e+02,1.458445692883894935e+02,7.423033707865168651e+01
9.274261603375526875e+01,1.676863572433192644e+02,1.458424908424908324e+02,7.424175824175824800e+01
9.218775510204081058e+01,1.673823129251700550e+02,1.467878787878787818e+02,7.446022727272726627e+01
9.081232492997197880e+01,1.671022408963585235e+02,1.469507575757575637e+02,7.418750000000000000e+01
9.041975308641974607e+01,1.667475994513031310e+02,1.473393213572854279e+02,7.429141716566866194e+01
9.012820512820512420e+01,1.665060728744939240e+02,1.477859848484848442e+02,7.432386363636364024e+01
8.894149659863944635e+01,1.662394557823129162e+02,1.476831501831501896e+02,7.426373626373626280e+01
8.743952802359881105e+01,1.658554572271386292e+02,1.484369918699186712e+02,7.421951219512195053e+01
8.701424501424500590e+01,1.657663817663817554e+02,1.490920245398773147e+02,7.424948875255623193e+01
8.671717171717170913e+01,1.656738816738816524e+02,1.492208588957055326e+02,7.419427402862984877e+01
8.575163398692809835e+01,1.654901960784313815e+02,1.499424603174603021e+02,7.411309523809524080e+01
8.565205843293492194e+01,1.654794156706507238e+02,1.498381502890173351e+02,7.389017341040462838e+01
8.438271604938272219e+01,1.654499314128943581e+02,1.507549019607843093e+02,7.402549019607842240e+01
8.395218579234972367e+01,1.654713114754098342e+02,1.509595375722543338e+02,7.383044315992292184e+01
8.329657794676806759e+01,1.654245880861850253e+02,1.510865561694290875e+02,7.379005524861878484e+01
8.196598639455781665e+01,1.657931972789115491e+02,1.522148594377509880e+02,7.393373493975903443e+01
8.124195624195623111e+01,1.658339768339768341e+02,1.526047904191616738e+02,7.381836327345308746e+01
7.974550484094051228e+01,1.662406639004149440e+02,1.531387283236994108e+02,7.388824662813101440e+01
7.907712418300653212e+01,1.664274509803921660e+02,1.536949152542372872e+02,7.391337099811676126e+01
7.784153005464480657e+01,1.669207650273224033e+02,1.542114695340501669e+02,7.392831541218637881e+01
7.724088541666665719e+01,1.670924479166666572e+02,1.549613259668508363e+02,7.414732965009207533e+01
7.652248677248675790e+01,1.674947089947089864e+02,1.557930402930402920e+02,7.428571428571429180e+01
7.558169934640523024e+01,1.676758169934640250e+02,1.564031007751937921e+02,7.431007751937983130e+01
7.516537467700257480e+01,1.680297157622738951e+02,1.571187739463601361e+02,7.445977011494252906e+01
7.435026041666665719e+01,1.685533854166666572e+02,1.580265151515151274e+02,7.461931818181818699e+01
7.369733333333333292e+01,1.689426666666666677e+02,1.582681564245810080e+02,7.478026070763500854e+01
7.338152610441767365e+01,1.691070950468540843e+02,1.597005649717514189e+02,7.522222222222221433e+01
7.242240215924425684e+01,1.699001349527665070e+02,1.600038986354775545e+02,7.507797270955164493e+01
7.224393358876116622e+01,1.700919540229885172e+02,1.605608465608465565e+02,7.518694885361551883e+01
7.171647509578544089e+01,1.707279693486590020e+02,1.613156028368794352e+02,7.536702127659575012e+01
7.133077905491698800e+01,1.709974457215836310e+02,1.630285714285714391e+02,7.595809523809523967e+01
7.063213811420982324e+01,1.719322709163346588e+02,1.636784313725489994e+02,7.599607843137253838e+01
6.998364779874212616e+01,1.728150943396226467e+02,1.638843930635838149e+02,7.595953757225433378e+01
6.954325699745547240e+01,1.736882951653943792e+02,1.648007662835248937e+02,7.611685823754788771e+01
6.932327044025156226e+01,1.739698113207547294e+02,1.651273408239700302e+02,7.626029962546816421e+01
6.878542510121457099e+01,1.749959514170040507e+02,1.660156862745097897e+02,7.661372549019607447e+01
6.835907859078589865e+01,1.759864498644986384e+02,1.658643410852712918e+02,7.658720930232557578e+01
6.781057268722466347e+01,1.771233480176211401e+02,1.672254335260115568e+02,7.713487475915221125e+01
6.777992277992278503e+01,1.771402831402831168e+02,1.676363636363636260e+02,7.731313131313130782e+01
6.734895833333332860e+01,1.783502604166666572e+02,1.673856589147286797e+02,7.711821705426355322e+01
6.698287220026350042e+01,1.794940711462450622e+02,1.679349112426035617e+02,7.730966469428007315e+01
6.696694214876032447e+01,1.796639118457300128e+02,1.680760233918128677e+02,7.734892787524366042e+01
6.657179487179486443e+01,1.803410256410256238e+02,1.688919925512104214e+02,7.778026070763500854e+01
6.637603305785124519e+01,1.809490358126721787e+02,1.691656804733727881e+02,7.782642998027613146e+01
6.620798898071625160e+01,1.820275482093663868e+02,1.691776447105788179e+02,7.784231536926147044e+01
6.600944669365721040e+01,1.831228070175438347e+02,1.693639846743294868e+02,7.791954022988505812e+01
6.577016129032257652e+01,1.837688172043010582e+02,1.698454376163873292e+02,7.812849162011173121e+01
6.552168021680216725e+01,1.843441734417343980e+02,1.702378167641325319e+02,7.834307992202728599e+01
6.520762711864406924e+01,1.855042372881355845e+02,1.702427983539094498e+02,7.831481481481480955e+01
6.514784946236558483e+01,1.861008064516128968e+02,1.702427983539094498e+02,7.831481481481480955e+01
6.491492329149232887e+01,1.870725244072524163e+02,1.705923809523809496e+02,7.865333333333332178e+01
6.485542168674699326e+01,1.878795180722891587e+02,1.705416666666666572e+02,7.862500000000000000e+01
6.463809523809523228e+01,1.888911564625850019e+02,1.710131826741996122e+02,7.901129943502824915e+01
6.441912798874824375e+01,1.893389592123769205e+02,1.713130755064456707e+02,7.937937384898710036e+01
6.420728291316525826e+01,1.910000000000000000e+02,1.713130755064456707e+02,7.937937384898710036e+01
6.423359580052492390e+01,1.912467191601049876e+02,1.713040293040292852e+02,7.953479853479852579e+01
6.440277777777777146e+01,1.923986111111111086e+02,1.716526104417670524e+02,7.992971887550200449e+01
6.463829787234043067e+01,1.936780141843971421e+02,1.712300724637680958e+02,7.983876811594201683e+01
6.473199999999999932e+01,1.945346666666666522e+02,1.711824561403508653e+02,7.989473684210526017e+01
6.480784313725490620e+01,1.951777777777777487e+02,1.712114695340501669e+02,7.977956989247311981e+01
6.516266666666666652e+01,1.965786666666666633e+02,1.715238095238095184e+02,7.996952380952380679e+01
6.548373983739837456e+01,1.974864498644986384e+02,1.717616279069767415e+02,8.012984496124030898e+01
6.557086614173228156e+01,1.979422572178477537e+02,1.719444444444444287e+02,8.021264367816091578e+01
6.590960451977400680e+01,1.988502824858757094e+02,1.724000000000000057e+02,8.056666666666666288e+01
6.586585365853657947e+01,1.994241192411923862e+02,1.726912065439672688e+02,8.074028629856850614e+01
6.644217687074829826e+01,2.006530612244897895e+02,1.724000000000000057e+02,8.056666666666666288e+01
6.698954248366013076e+01,2.016901960784313701e+02,1.725389221556886241e+02,8.049301397205587705e+01
6.707362784471217765e+01,2.020910307898259646e+02,1.729680638722554704e+02,8.065069860279440661e+01
6.744705882352941728e+01,2.028078431372549062e+02,1.730138888888888857e+02,8.061904761904762040e+01
6.795424836601306140e+01,2.039176470588235190e+02,1.730623781676412989e+02,8.059454191033138670e+01
6.818034825870645932e+01,2.043109452736318303e+02,1.732894211576846146e+02,8.053892215568862412e+01
6.841323345817727386e+01,2.047702871410736520e+02,1.731451942740286256e+02,8.055828220858896316e+01
6.886900129701685103e+01,2.058936446173800050e+02,1.735711382113821060e+02,8.070121951219512368e+01
6.942045454545454675e+01,2.065744949494949481e+02,1.735705521472392547e+02,8.072597137014314228e+01
6.985400516795864689e+01,2.073126614987079961e+02,1.735788423153692577e+02,8.069261477045907327e+01
7.025283018867924056e+01,2.076389937106918069e+02,1.738693181818181870e+02,8.084280303030301695e+01
7.105706874189363020e+01,2.085590142671854608e+02,1.740682261208576733e+02,8.101559454191033183e+01
7.144276729559747707e+01,2.090138364779874109e+02,1.742372549019607675e+02,8.095294117647058840e+01
7.295128205128204968e+01,2.099153846153846246e+02,1.741222879684418103e+02,8.088560157790927008e+01
7.379919678714858833e+01,2.106385542168674760e+02,1.739709302325581461e+02,8.077519379844960667e+01
7.486950904392764983e+01,2.111111111111111143e+02,1.739709302325581461e+02,8.077519379844960667e+01
7.518279569892472125e+01,2.113387096774193594e+02,1.741222879684418103e+02,8.088560157790927008e+01
7.649435028248586832e+01,2.120536723163841657e+02,1.745313725490196077e+02,8.119019607843137010e+01
7.698443579766536971e+01,2.123151750972762670e+02,1.743199999999999932e+02,8.103809523809523796e+01
7.716479400749064155e+01,2.125330836454431847e+02,1.746388888888888857e+02,8.126388888888888573e+01
7.836772486772485991e+01,2.130343915343915171e+02,1.746388888888888857e+02,8.126388888888888573e+01
7.876246719160104703e+01,2.132874015748031411e+02,1.746388888888888857e+02,8.126388888888888573e+01
7.932266666666666310e+01,2.135840000000000032e+02,1.739941176470588289e+02,8.065098039215685333e+01
8.015830115830115687e+01,2.138648648648648702e+02,1.740058139534883708e+02,8.062596899224806180e+01
8.119871794871794179e+01,2.141461538461538510e+02,1.741577909270216935e+02,8.073964497041420429e+01
8.207464607464606843e+01,2.144453024453024170e+02,1.741577909270216935e+02,8.073964497041420429e+01
8.284823848238481503e+01,2.147560975609756042e+02,1.741577909270216935e+02,8.073964497041420429e+01
8.343250688705232676e+01,2.148292011019283620e+02,1.746035502958579855e+02,8.082051282051281760e+01
8.389542483660130756e+01,2.149816993464052075e+02,1.747274509803921489e+02,8.085294117647059409e+01
8.507827260458839191e+01,2.151349527665316828e+02,1.747274509803921489e+02,8.085294117647059409e+01
8.581159420289854722e+01,2.154521739130434810e+02,1.747274509803921489e+02,8.085294117647059409e+01
8.658597883597882117e+01,2.156772486772486559e+02,1.747274509803921489e+02,8.085294117647059409e+01
8.733197831978318959e+01,2.155203252032520425e+02,1.750697674418604777e+02,8.092635658914727514e+01
8.777290836653386918e+01,2.157901726427622577e+02,1.751078998073217576e+02,8.099229287090558671e+01
8.943306010928961314e+01,2.155642076502732039e+02,1.749608938547486048e+02,8.084543761638732917e+01
8.994861660079051546e+01,2.156284584980237184e+02,1.750416666666666572e+02,8.086363636363635976e+01
9.008165997322623753e+01,2.157175368139223508e+02,1.749265536723163734e+02,8.078154425612052592e+01
9.125277777777776578e+01,2.157138888888888744e+02,1.748007246376811565e+02,8.054347826086956275e+01
9.265466666666665674e+01,2.153853333333333069e+02,1.747522281639928678e+02,8.045276292335115897e+01
9.252342704149933184e+01,2.154926372155287595e+02,1.747582417582417520e+02,8.036446886446886140e+01
9.368005354752342839e+01,2.154082998661311876e+02,1.752823529411764696e+02,8.053137254901960773e+01
9.420430107526880192e+01,2.153427419354838719e+02,1.754496124031007582e+02,8.064728682170542129e+01
9.410349462365590512e+01,2.155510752688171863e+02,1.755260115606936324e+02,8.073025048169556328e+01
9.533609958506224302e+01,2.150248962655601588e+02,1.756984126984126817e+02,8.082142857142856940e+01
9.539066666666666094e+01,2.149120000000000061e+02,1.757368421052631504e+02,8.089863547758284312e+01
9.575062656641603098e+01,2.144899749373433337e+02,1.755775193798449436e+02,8.074612403100773861e+01
9.598717948717947479e+01,2.142666666666666515e+02,1.753844696969696884e+02,8.052272727272726627e+01
9.665471447543160366e+01,2.133439575033200413e+02,1.749495495495495447e+02,8.033873873873874061e+01
9.674656679151060246e+01,2.132484394506866181e+02,1.755109890109890216e+02,8.084615384615383959e+01
9.713675213675213627e+01,2.127631257631257427e+02,1.755166666666666799e+02,8.088333333333333997e+01
9.734932349323491962e+01,2.122337023370233453e+02,1.756576086956521863e+02,8.096739130434782794e+01
9.788219544846049303e+01,2.112088353413654715e+02,1.758611111111111143e+02,8.112222222222222001e+01
9.787634408602150415e+01,2.107123655913978268e+02,1.762554347826086882e+02,8.119746376811593791e+01
9.819010416666665719e+01,2.104778645833333144e+02,1.764042145593869577e+02,8.148850574712643891e+01
9.841097724230253618e+01,2.096586345381525973e+02,1.762598870056497162e+02,8.138041431261770242e+01
9.876788124156544768e+01,2.082105263157894797e+02,1.768576576576576542e+02,8.181261261261261097e+01
9.886178861788617667e+01,2.078590785907858844e+02,1.767575757575757507e+02,8.175044563279857357e+01
9.914285714285713880e+01,2.066680272108843326e+02,1.771730418943533607e+02,8.191438979963569977e+01
9.924932249322492339e+01,2.061314363143631283e+02,1.771296296296296191e+02,8.215370370370369812e+01
9.941700404858299578e+01,2.053400809716599156e+02,1.771423220973782691e+02,8.219475655430711925e+01
9.955426356589147474e+01,2.047377260981911888e+02,1.776974637681159379e+02,8.251086956521739069e+01
9.962266666666666026e+01,2.042160000000000082e+02,1.777051282051282044e+02,8.247802197802197099e+01
9.994979079497908003e+01,2.021841004184100541e+02,1.780301318267419788e+02,8.276836158192089954e+01
9.996190476190474783e+01,2.022068027210884225e+02,1.781404494382022392e+02,8.285580524344568687e+01
1.001882845188284534e+02,2.009107391910739011e+02,1.781569767441860392e+02,8.297286821705425552e+01
1.002435897435897374e+02,1.998774928774928696e+02,1.783493013972055792e+02,8.305389221556886525e+01
1.002865013774104597e+02,1.990840220385674684e+02,1.785174418604651123e+02,8.325968992248061795e+01
1.003291316526610615e+02,1.979005602240896167e+02,1.783743016759776481e+02,8.324953445065176538e+01
1.003568464730290515e+02,1.977662517289073207e+02,1.785128205128204968e+02,8.329670329670329920e+01
1.005677966101694949e+02,1.961539548022598751e+02,1.786107899807321644e+02,8.347206165703275360e+01
1.004556040756914115e+02,1.955604075691411765e+02,1.787649325626204302e+02,8.355491329479768581e+01
1.004625000000000057e+02,1.951847222222222058e+02,1.787078651685393140e+02,8.350187265917602986e+01
1.006039886039885971e+02,1.937834757834757511e+02,1.789655797101449082e+02,8.394202898550723546e+01
1.006448087431693921e+02,1.935396174863387841e+02,1.791175337186897707e+02,8.409248554913294527e+01
1.006680384087791396e+02,1.922537722908093087e+02,1.796136363636363740e+02,8.458712121212120394e+01
1.006220472440944889e+02,1.916299212598425186e+02,1.796704761904761938e+02,8.465714285714285836e+01
1.005550964187327736e+02,1.902231404958677672e+02,1.795092592592592382e+02,8.515185185185184480e+01
1.005472222222222172e+02,1.895763888888888573e+02,1.790160427807486769e+02,8.475935828877005918e+01
1.006138211382113781e+02,1.889146341463414558e+02,1.793386524822694810e+02,8.521453900709219909e+01
1.003278008298755140e+02,1.873886583679114608e+02,1.796541218637992756e+02,8.572401433691756267e+01
1.002788844621513960e+02,1.868074369189907031e+02,1.798168498168498104e+02,8.591025641025640880e+01
1.000050314465408690e+02,1.855094339622641542e+02,1.800099206349206327e+02,8.657936507936507553e+01
9.967322834645669616e+01,1.843622047244094517e+02,1.803232323232323040e+02,8.716363636363635692e+01
9.951851851851850483e+01,1.834603174603174693e+02,1.806302681992337114e+02,8.738888888888888573e+01
9.935945273631840280e+01,1.829402985074626997e+02,1.806302681992337114e+02,8.738888888888888573e+01
9.905401844532278233e+01,1.817075098814229364e+02,1.807028571428571411e+02,8.770476190476189515e+01
9.885714285714286120e+01,1.808095238095237960e+02,1.807028571428571411e+02,8.770476190476189515e+01
9.836036036036036023e+01,1.796332046332046275e+02,1.807931726907630434e+02,8.792570281124497455e+01
9.819896640826873124e+01,1.786873385012919755e+02,1.807069597069596796e+02,8.784432234432233599e+01
9.793891102257634884e+01,1.779322709163346588e+02,1.813835341365461602e+02,8.864257028112449177e+01
9.781182795698924792e+01,1.775873655913978268e+02,1.811051587301587062e+02,8.880952380952381020e+01
9.748828125000000000e+01,1.764244791666666572e+02,1.806608187134502828e+02,8.939961013645223886e+01
9.696957671957672176e+01,1.752314814814814667e+02,1.800540540540540633e+02,8.962702702702702595e+01
9.677051282051282044e+01,1.744705128205127949e+02,1.799213483146067460e+02,9.070037453183520881e+01
9.671784776902886449e+01,1.741469816272965829e+02,1.796872659176029856e+02,9.056928838951310468e+01
9.651200000000000045e+01,1.735386666666666429e+02,1.795074906367041194e+02,9.173408239700374622e+01
9.605128205128204399e+01,1.724987179487179390e+02,1.791135940409683371e+02,9.219366852886405184e+01
9.573970783532536188e+01,1.716254980079681332e+02,1.787150837988826879e+02,9.242830540037242315e+01
9.557493540051679304e+01,1.710284237726098127e+02,1.784516765285995916e+02,9.216568047337278813e+01
9.555645161290323131e+01,1.706787634408601946e+02,1.783762781186094060e+02,9.234355828220859053e+01
9.517654808959156298e+01,1.696837944664031568e+02,1.782042389210019167e+02,9.279190751445086960e+01
9.528682170542636243e+01,1.695529715762273781e+02,1.778509803921568562e+02,9.351960784313725128e+01
9.466139657444004740e+01,1.685612648221343761e+02,1.774018518518518590e+02,9.326296296296295907e+01
9.416408268733849241e+01,1.672157622739017881e+02,1.771833333333333371e+02,9.348518518518517340e+01
9.395238095238094900e+01,1.667760617760617663e+02,1.770204841713221526e+02,9.324581005586591687e+01
9.383267973856209210e+01,1.661228758169934565e+02,1.770368324125230117e+02,9.337569060773481056e+01
9.357006802721087979e+01,1.653727891156462420e+02,1.765714285714285836e+02,9.385164835164835040e+01
9.323346828609984982e+01,1.646315789473684106e+02,1.759180327868852487e+02,9.375956284153005527e+01
9.318699186991869965e+01,1.642222222222222001e+02,1.751821493624772188e+02,9.333151183970855413e+01
9.278823529411764071e+01,1.632627450980392041e+02,1.745870370370370210e+02,9.357407407407406197e+01
9.272435897435896379e+01,1.632243589743589496e+02,1.740944123314065450e+02,9.362813102119460495e+01
9.266933333333332712e+01,1.627053333333333001e+02,1.737166666666666686e+02,9.317222222222221717e+01
9.210138888888887720e+01,1.614416666666666629e+02,1.728822463768115938e+02,9.298913043478260931e+01
9.209505208333332860e+01,1.612044270833333144e+02,1.718950276243093924e+02,9.293922651933701218e+01
9.206330749354005150e+01,1.607803617571059362e+02,1.715883424408014548e+02,9.261384335154826886e+01
9.181646423751685404e+01,1.600202429149797467e+02,1.706296296296296191e+02,9.278518518518518476e+01
9.141076115485563491e+01,1.592349081364829431e+02,1.701178637200736716e+02,9.258195211786370749e+01
9.131620553359684322e+01,1.590303030303030312e+02,1.695439560439560580e+02,9.239194139194138700e+01
9.101437908496731666e+01,1.581843137254901990e+02,1.687591522157996167e+02,9.239691714836223468e+01
9.103030303030301695e+01,1.579209486166007821e+02,1.681072796934865892e+02,9.258620689655172953e+01
9.068898186889818192e+01,1.571046025104602393e+02,1.679314814814814554e+02,9.246111111111110858e+01
9.063877266387726195e+01,1.567196652719665337e+02,1.676981481481481353e+02,9.256111111111111711e+01
9.008333333333332860e+01,1.559125683060109111e+02,1.673314606741573130e+02,9.226217228464417985e+01
9.024967320261437465e+01,1.558470588235294088e+02,1.670000000000000000e+02,9.218939393939393767e+01
9.013550135501354532e+01,1.554539295392953875e+02,1.667731755424063067e+02,9.226035502958579571e+01
8.984811827956988850e+01,1.548118279569892195e+02,1.666704761904761938e+02,9.201904761904761187e+01
8.997033898305085131e+01,1.546624293785310442e+02,1.666704761904761938e+02,9.201904761904761187e+01
8.981806108897741581e+01,1.541381142098273358e+02,1.659506172839506064e+02,9.203703703703703809e+01
8.980086580086580739e+01,1.538513708513708309e+02,1.658015873015872899e+02,9.185714285714286120e+01
9.000937081659972705e+01,1.540040160642570299e+02,1.659104761904761745e+02,9.171047619047618582e+01
8.977914951989025383e+01,1.529780521262002537e+02,1.653043478260869676e+02,9.192934782608695343e+01
8.979183135704874985e+01,1.527299077733860315e+02,1.653043478260869676e+02,9.192934782608695343e+01
8.987482993197278347e+01,1.517374149659863747e+02,1.652388888888888800e+02,9.204629629629629051e+01
9.007588075880757117e+01,1.515826558265582378e+02,1.650558659217876993e+02,9.214338919925511107e+01
8.999035812672175894e+01,1.511074380165289313e+02,1.648951310861423281e+02,9.228089887640449263e+01
8.999035812672175894e+01,1.511074380165289313e+02,1.647122040072859761e+02,9.233879781420765198e+01
9.001088435374148844e+01,1.500285714285714391e+02,1.640409683426443053e+02,9.297020484171321186e+01
9.006956521739130039e+01,1.495347826086956502e+02,1.633429118773946129e+02,9.333333333333332860e+01
9.030252100840336027e+01,1.485602240896358239e+02,1.630224719101123583e+02,9.363108614232208993e+01
9.049579831932773288e+01,1.486512605042016730e+02,1.627970204841712984e+02,9.404841713221600230e+01
9.024390243902439579e+01,1.485094850948509304e+02,1.626449275362318758e+02,9.472826086956521863e+01
9.022677595628414338e+01,1.486857923497267677e+02,1.613222836095764308e+02,9.598158379373847993e+01
9.083053221288514578e+01,1.464047619047618980e+02,1.603091247672253132e+02,9.679329608938547835e+01
9.095382395382394236e+01,1.461803751803751652e+02,1.594285714285714164e+02,9.784981684981683259e+01
9.106085753803594685e+01,1.455311203319502056e+02,1.584551971326164619e+02,9.917204301075268802e+01
9.118915343915342930e+01,1.450330687830687566e+02,1.579023569023568996e+02,9.974747474747475451e+01
9.132380952380951555e+01,1.445455782312924953e+02,1.565307262569832290e+02,1.011918063314711276e+02
9.170233196159121292e+01,1.434526748971193513e+02,1.557984934086628925e+02,1.020677966101694949e+02
9.193466666666665787e+01,1.430146666666666704e+02,1.551265597147950075e+02,1.028983957219251266e+02
9.220799999999999841e+01,1.427959999999999923e+02,1.542383512544802784e+02,1.038261648745519636e+02
9.281182795698924792e+01,1.420645161290322562e+02,1.535451197053406815e+02,1.044659300184162021e+02
9.301908396946565460e+01,1.418447837150127100e+02,1.523629629629629676e+02,1.056370370370370182e+02
9.378385416666665719e+01,1.410299479166666572e+02,1.519503546099290645e+02,1.060620567375886338e+02
9.402075226977950706e+01,1.409377431906614788e+02,1.514744268077601248e+02,1.066437389770723030e+02
9.500416666666666288e+01,1.402166666666666686e+02,1.509559082892416200e+02,1.071851851851851904e+02
9.553501400560223544e+01,1.397899159663865589e+02,1.499413919413919416e+02,1.079652014652014458e+02
9.590655509065550177e+01,1.394839609483960885e+02,1.493104761904761801e+02,1.085028571428571382e+02
9.642424242424240788e+01,1.390385674931129358e+02,1.482872340425531945e+02,1.091932624113475043e+02
9.641245136186770992e+01,1.391037613488975353e+02,1.480964467005076131e+02,1.094754653130287494e+02
9.661752988047808799e+01,1.389136786188578867e+02,1.470360360360360232e+02,1.103297297297297348e+02
9.791873278236914757e+01,1.383223140495867653e+02,1.465658119658119460e+02,1.108341880341880170e+02
9.770954356846472422e+01,1.383997233748270901e+02,1.457336956521739069e+02,1.113333333333333286e+02
9.827506775067749345e+01,1.381517615176151423e+02,1.448421052631578902e+02,1.121789473684210492e+02
9.840163934426229275e+01,1.378702185792349439e+02,1.446234234234234179e+02,1.123441441441441242e+02
9.884027777777777146e+01,1.378652777777777771e+02,1.440710382513661330e+02,1.129180327868852487e+02
9.932062146892654653e+01,1.379887005649717366e+02,1.437448979591836746e+02,1.130731292517006779e+02
9.848238482384823556e+01,1.379444444444444287e+02,1.428333333333333144e+02,1.136177536231883920e+02
1.001969696969696884e+02,1.379889807162534225e+02,1.419662921348314626e+02,1.142602996254681642e+02
9.982930107526880192e+01,1.378696236559139550e+02,1.414161958568737987e+02,1.148022598870056470e+02
1.002000000000000028e+02,1.380575163398692666e+02,1.412127659574468055e+02,1.148368794326241016e+02
1.004526748971193371e+02,1.382139917695473343e+02,1.404892473118279668e+02,1.152275985663082309e+02
1.005142857142857196e+02,1.383142857142857167e+02,1.391676190476190413e+02,1.153980952380952232e+02
1.012424242424242351e+02,1.383842975206611641e+02,1.378794726930319996e+02,1.156685499058380344e+02
1.012918287937743145e+02,1.384020752269779280e+02,1.366592592592592439e+02,1.160555555555555571e+02
1.016840696117804441e+02,1.385502008032128458e+02,1.363606557377049171e+02,1.162586520947176609e+02
1.021111111111111001e+02,1.387777777777777715e+02,1.355363128491620159e+02,1.166294227188081862e+02
1.019651162790697612e+02,1.388746770025839794e+02,1.347903780068728565e+02,1.169158075601374378e+02
1.020674603174603163e+02,1.390489417989417689e+02,1.329481481481481353e+02,1.175962962962962877e+02
1.022380952380952266e+02,1.393333333333333144e+02,1.312810077519379774e+02,1.182209302325581461e+02
1.024871794871794890e+02,1.398164642375168683e+02,1.310381526104417560e+02,1.183253012048192829e+02
1.026572580645161281e+02,1.401653225806451530e+02,1.294246031746031633e+02,1.191607142857142918e+02
1.027653333333333308e+02,1.404919999999999902e+02,1.284789272030651262e+02,1.194942528735632123e+02
1.026392156862745111e+02,1.403869281045751620e+02,1.274346978557504855e+02,1.198810916179337056e+02
1.025524568393094142e+02,1.405006640106241491e+02,1.267419962335216468e+02,1.202749529190207056e+02
1.030197628458497974e+02,1.415388669301712525e+02,1.261405405405405418e+02,1.207045045045044986e+02
1.031692506459948220e+02,1.419638242894056646e+02,1.256899641577060862e+02,1.210107526881720474e+02
1.035910931174089029e+02,1.431376518218623346e+02,1.247026515151515014e+02,1.214166666666666572e+02
1.036420765027322375e+02,1.433565573770491710e+02,1.237861271676300561e+02,1.217976878612716831e+02
1.038515519568151149e+02,1.439959514170040507e+02,1.232670250896057240e+02,1.221344086021505433e+02
1.041983471074380105e+02,1.448870523415977800e+02,1.228972972972972997e+02,1.224666666666666544e+02
1.043019125683059940e+02,1.455997267759562703e+02,1.223091247672253132e+02,1.230167597765363183e+02
1.046780141843971563e+02,1.471234042553191443e+02,1.217049808429118656e+02,1.234885057471264389e+02
1.051597796143250605e+02,1.487699724517906077e+02,1.206488095238095184e+02,1.241686507936507837e+02
1.055163934426229559e+02,1.495068306010928723e+02,1.203541666666666572e+02,1.246893939393939377e+02
1.055799457994579882e+02,1.499579945799457903e+02,1.201989795918367321e+02,1.248673469387755119e+02
1.059449035812672122e+02,1.509986225895316636e+02,1.195141843971631062e+02,1.258882978723404307e+02
1.064246196403872773e+02,1.525947441217150526e+02,1.191150592216581998e+02,1.263959390862944190e+02
1.068319327731092443e+02,1.537128851540616097e+02,1.187583774250440882e+02,1.269576719576719626e+02
1.071160593792172619e+02,1.545222672064777214e+02,1.186020408163265358e+02,1.276445578231292473e+02
1.073748271092669313e+02,1.552793914246196323e+02,1.184178861788617780e+02,1.279902439024390191e+02
1.079614325068870357e+02,1.564696969696969688e+02,1.177543859649122737e+02,1.292614035087719060e+02
1.081604426002766104e+02,1.574937759336099532e+02,1.173420138888888715e+02,1.299357638888888857e+02
1.083833992094861713e+02,1.580961791831356891e+02,1.162870370370370239e+02,1.312388888888888800e+02
1.088848238482384687e+02,1.592967479674796607e+02,1.160416666666666572e+02,1.316086956521739069e+02
1.092235939643346967e+02,1.604691358024691397e+02,1.158888888888888857e+02,1.320753295668549754e+02
1.098879184861717562e+02,1.618922852983988037e+02,1.153981981981981875e+02,1.328378378378378386e+02
1.100857142857142890e+02,1.625673469387755006e+02,1.152228070175438575e+02,1.330245614035087556e+02
1.102634408602150557e+02,1.632123655913978268e+02,1.145468750000000000e+02,1.337361111111111143e+02
1.108984910836762623e+02,1.648010973936899859e+02,1.141528545119705171e+02,1.342928176795579986e+02
1.112172739541160524e+02,1.654237516869095828e+02,1.142504504504504439e+02,1.344018018018017813e+02
1.115228494623655848e+02,1.664986559139784958e+02,1.138342151675484928e+02,1.347231040564373643e+02
1.120299319727891145e+02,1.678272108843537183e+02,1.133209876543209731e+02,1.353068783068783034e+02
1.121268556005398125e+02,1.682159244264507265e+02,1.132602040816326507e+02,1.354200680272108741e+02
1.125026455026454926e+02,1.691931216931216966e+02,1.125462478184991255e+02,1.359808027923211000e+02
1.128650137741046819e+02,1.704476584022038423e+02,1.122481060606060481e+02,1.361912878787878753e+02
1.133373983739837456e+02,1.713197831978319812e+02,1.119881656804733723e+02,1.363076923076923208e+02
1.136385372714486550e+02,1.724106891701828204e+02,1.116797020484171128e+02,1.365083798882681663e+02
1.136753246753246742e+02,1.730606060606060623e+02,1.111085714285714232e+02,1.369752380952380690e+02
1.137663817663817554e+02,1.741780626780626733e+02,1.108342644320297836e+02,1.369702048417132119e+02
1.138816326530612315e+02,1.755020408163265415e+02,1.108137802607076168e+02,1.369497206703910592e+02
1.136439089692101732e+02,1.767911646586345285e+02,1.105423423423423372e+02,1.373513513513513544e+02
1.132679738562091387e+02,1.782091503267973565e+02,1.101358695652173907e+02,1.374474637681159379e+02
1.130640465793304088e+02,1.797627365356622988e+02,1.096646341463414700e+02,1.373800813008130035e+02
1.129126984126984183e+02,1.801812169312169090e+02,1.092730696798493284e+02,1.375574387947269202e+02
1.128223086900129601e+02,1.808599221789883131e+02,1.090578842315369172e+02,1.374231536926147612e+02
1.124916985951468718e+02,1.818084291187739439e+02,1.087965116279069804e+02,1.371182170542635674e+02
1.117816091954022966e+02,1.835143678160919194e+02,1.088284600389863357e+02,1.371617933723196643e+02
1.114127659574468083e+02,1.842936170212765887e+02,1.081104417670682665e+02,1.372269076305220779e+02
1.110450070323487921e+02,1.853502109704641327e+02,1.082301587301587205e+02,1.372123015873015675e+02
1.108813333333333304e+02,1.856613333333333173e+02,1.081468253968253777e+02,1.372003968253968083e+02
1.108755020080321287e+02,1.859397590361445793e+02,1.077957610789980549e+02,1.369768786127167743e+02
1.104971509971509960e+02,1.870113960113959877e+02,1.077409523809523648e+02,1.370495238095238051e+02
1.098124098124097969e+02,1.882236652236652219e+02,1.073682373472949365e+02,1.375235602094240903e+02
1.094411347517730348e+02,1.887489361702127724e+02,1.070963391136801448e+02,1.378728323699421878e+02
1.092855191256830523e+02,1.891598360655737565e+02,1.068846153846153868e+02,1.381172161172161168e+02
1.088155737704918096e+02,1.898770491803278730e+02,1.070699815837937194e+02,1.379171270718232165e+02
1.085404255319148916e+02,1.905446808510638164e+02,1.066841186736474612e+02,1.382303664921466009e+02
1.081178160919540119e+02,1.911824712643677913e+02,1.064202898550724541e+02,1.386068840579710013e+02
1.080278940027893952e+02,1.913668061366805944e+02,1.062786885245901658e+02,1.388925318761384347e+02
1.079122807017543835e+02,1.915087719298245474e+02,1.055681003584229245e+02,1.397831541218637881e+02
1.077081659973226238e+02,1.916479250334671747e+02,1.057748691099476446e+02,1.395933682373472777e+02
1.074319444444444400e+02,1.919333333333333371e+02,1.051566484517304048e+02,1.402950819672131217e+02
1.069367588932806257e+02,1.921765480895915630e+02,1.046611721611721606e+02,1.408681318681318544e+02
1.062724757952973675e+02,1.926141078838174394e+02,1.044258289703315796e+02,1.415567190226876164e+02
1.058244897959183675e+02,1.928027210884353622e+02,1.042871794871794862e+02,1.416752136752136551e+02
1.048851063829787194e+02,1.933007092198581347e+02,1.038306878306878360e+02,1.424091710758377474e+02
1.046908831908831843e+02,1.934116809116808895e+02,1.034761904761904674e+02,1.431043956043955916e+02
1.037688888888888954e+02,1.938562962962962786e+02,1.029864341085271207e+02,1.445542635658914605e+02
1.031845493562231724e+02,1.939570815450643693e+02,1.027303370786516865e+02,1.456647940074906273e+02
1.026735253772290690e+02,1.941042524005486882e+02,1.022793834296724356e+02,1.467321772639691631e+02
1.022432045779685126e+02,1.942045779685264506e+02,1.017931034482758577e+02,1.481168582375478877e+02
1.017031963470319624e+02,1.944916286149162659e+02,1.018659217877094960e+02,1.491378026070763383e+02
1.012894736842105203e+02,1.945204678362572963e+02,1.016187739463601361e+02,1.504501915708812305e+02
1.004374120956399281e+02,1.947046413502109772e+02,1.012947976878612764e+02,1.516473988439306311e+02
9.999449035812671127e+01,1.947865013774104455e+02,1.010239410681399619e+02,1.527348066298342530e+02
9.887394957983192967e+01,1.949061624649859823e+02,1.007655677655677522e+02,1.537179487179487012e+02
9.864761904761903111e+01,1.949891156462584831e+02,1.006129629629629534e+02,1.545925925925925810e+02
9.868139223560909556e+01,1.951258366800535384e+02,1.003333333333333286e+02,1.557624309392265332e+02
9.710138888888887720e+01,1.950986111111110972e+02,1.001223404255319167e+02,1.565886524822694810e+02
9.638346883468834392e+01,1.951883468834688244e+02,9.998901098901099260e+01,1.572783882783882632e+02
9.557823129251700323e+01,1.952517006802721085e+02,9.979742173112337866e+01,1.577624309392265332e+02
9.466393442622950261e+01,1.951939890710382315e+02,9.936111111111111427e+01,1.589925925925925867e+02
9.361904761904762040e+01,1.951288515406162389e+02,9.911111111111111427e+01,1.593851851851851791e+02
9.209971509971509818e+01,1.951951566951566974e+02,9.909659090909090651e+01,1.596382575757575637e+02
9.118518518518519045e+01,1.951536351165980534e+02,9.919186046511627808e+01,1.595717054263565728e+02
9.015245478036175086e+01,1.950219638242894007e+02,9.919186046511627808e+01,1.595717054263565728e+02
8.926720647773279893e+01,1.950013495276652975e+02,9.912777777777777999e+01,1.599703703703703468e+02
8.661861861861861200e+01,1.944309309309309128e+02,9.930470347648261509e+01,1.602249488752556204e+02
8.606113537117903434e+01,1.944192139737991170e+02,9.928901734104046284e+01,1.603988439306358487e+02
8.524074074074073337e+01,1.941823361823361722e+02,9.935928143712574467e+01,1.604910179640718582e+02
8.420480225988700340e+01,1.939350282485875709e+02,9.937698412698412653e+01,1.604186507936507837e+02
8.293304221251818831e+01,1.934148471615720553e+02,9.939837398373983035e+01,1.602235772357723533e+02
8.180892608089260420e+01,1.930251046025104529e+02,9.932121212121212750e+01,1.607272727272727195e+02
8.102510460251046709e+01,1.927015341701533941e+02,9.938683127572015508e+01,1.611687242798353736e+02
8.031101813110180387e+01,1.924951185495118295e+02,9.954117647058824048e+01,1.605568627450980159e+02
7.926246719160104703e+01,1.921181102362204740e+02,9.949418604651162923e+01,1.606434108527131741e+02
7.846090534979424547e+01,1.916543209876543301e+02,9.949418604651162923e+01,1.606434108527131741e+02
7.769433962264150750e+01,1.911132075471698215e+02,9.915768463073851535e+01,1.616926147704590733e+02
7.690712468193383700e+01,1.904643765903307724e+02,9.934291187739462714e+01,1.619808429118773745e+02
7.590234375000000000e+01,1.895742187500000000e+02,9.938353413654617441e+01,1.617630522088353189e+02
7.535989375830013159e+01,1.890185922974767436e+02,9.938353413654617441e+01,1.617630522088353189e+02
7.459288537549407749e+01,1.883399209486165944e+02,9.925757575757575069e+01,1.625984848484848442e+02
7.376923076923077360e+01,1.873404558404558315e+02,nan,nan
7.350137741046830797e+01,1.870482093663911769e+02,9.896862745098037806e+01,1.637490196078431381e+02
7.273720608575379742e+01,1.863333333333333144e+02,9.901431492842534965e+01,1.640961145194273740e+02
7.275000000000000000e+01,1.864193121693121498e+02,9.909146341463414842e+01,1.645995934959349540e+02
7.190112994350280928e+01,1.856016949152542281e+02,9.917695473251028204e+01,1.644773662551440339e+02
7.145541838134430179e+01,1.848299039780521298e+02,nan,nan
7.111904761904762040e+01,1.844629629629629619e+02,9.910766045548653835e+01,1.651490683229813783e+02
7.092921492921492188e+01,1.841158301158301072e+02,9.910766045548653835e+01,1.651490683229813783e+02
7.051058201058199870e+01,1.834788359788359742e+02,9.908730158730156745e+01,1.656210317460317469e+02
7.006824146981627166e+01,1.827572178477689988e+02,9.911568627450978397e+01,1.654901960784313530e+02
6.952755905511810397e+01,1.818608923884514468e+02,9.941242937853107264e+01,1.658210922787193908e+02
6.931349206349206327e+01,1.816018518518518476e+02,9.941287878787876764e+01,1.658674242424242209e+02
6.895716198125836627e+01,1.809156626506023997e+02,9.941287878787876764e+01,1.658674242424242209e+02
6.856349206349206327e+01,1.798743386243386055e+02,9.929479768786127636e+01,1.662543352601155959e+02
6.826151761517614602e+01,1.790948509485094746e+02,9.925730994152046094e+01,1.663040935672514706e+02
6.799867197875164493e+01,1.780624169986719778e+02,9.928323699421964932e+01,1.669210019267822531e+02
6.788933333333332598e+01,1.774653333333333194e+02,9.927254901960783684e+01,1.669254901960784139e+02
6.775866666666665594e+01,1.764173333333333176e+02,9.935975609756097526e+01,1.669471544715447067e+02
6.774421768707482272e+01,1.759700680272108855e+02,9.934764826175869246e+01,1.670306748466257716e+02
6.762994350282485811e+01,1.749336158192090238e+02,9.944444444444444287e+01,1.677839506172839492e+02
6.758055555555554861e+01,1.743888888888888573e+02,9.961271676300577838e+01,1.677803468208092568e+02
6.755829903978050766e+01,1.739451303155006769e+02,9.962711864406779227e+01,1.682429378531073496e+02
6.761591220850479544e+01,1.725500685871056135e+02,9.967992424242423510e+01,1.682746212121212182e+02
6.743015214384509193e+01,1.719031811894882367e+02,9.963841807909604142e+01,1.684237288135593360e+02
6.732399999999999807e+01,1.710493333333333226e+02,9.975905797101448513e+01,1.687681159420289703e+02
6.739393939393939092e+01,1.699038208168642825e+02,9.996969696969696884e+01,1.690949494949494749e+02
6.745945945945945255e+01,1.696357786357786210e+02,9.984023668639052573e+01,1.698678500986193285e+02
6.769670958512159586e+01,1.678955650929899832e+02,9.997286821705425552e+01,1.698333333333333144e+02
6.780165289256198946e+01,1.670633608815426783e+02,9.975102880658435822e+01,1.704773662551440339e+02
6.770734908136482488e+01,1.665170603674540359e+02,9.983235867446393286e+01,1.704892787524366327e+02
6.780743691899068892e+01,1.654183266932271010e+02,9.984325396825394705e+01,1.711924603174603021e+02
6.803129251700678992e+01,1.640789115646258267e+02,9.986862745098038374e+01,1.717686274509803752e+02
6.829419703103913264e+01,1.624804318488529020e+02,9.987596899224804758e+01,1.716782945736433987e+02
6.831436314363142515e+01,1.620013550135501248e+02,9.986240310077518245e+01,1.721395348837209269e+02
6.863346613545816410e+01,1.599548472775564392e+02,9.986240310077518245e+01,1.721395348837209269e+02
6.898775510204082195e+01,1.590598639455782290e+02,9.986666666666666003e+01,1.732117647058823593e+02
6.904913678618856920e+01,1.580517928286852509e+02,9.995785440613025230e+01,1.739291187739463567e+02
6.917039800995023313e+01,1.571878109452736112e+02,9.996934865900381340e+01,1.741877394636015310e+02
6.958629776021079749e+01,1.560592885375494063e+02,9.998285714285714221e+01,1.749257142857142924e+02
6.968427672955974117e+01,1.555433962264150978e+02,9.998285714285714221e+01,1.749257142857142924e+02
7.024547803617571162e+01,1.541382428940568445e+02,9.993253968253966946e+01,1.758115079365079225e+02
7.066149870801032762e+01,1.529987080103359176e+02,9.996531791907514730e+01,1.761213872832369987e+02
7.084510532837670382e+01,1.523457249070631860e+02,1.000140562248995906e+02,1.763654618473895539e+02
7.180338541666665719e+01,1.506471354166666572e+02,1.000271317829457161e+02,1.770271317829457303e+02
7.178823529411764071e+01,1.502627450980392041e+02,1.000118343195266277e+02,1.771952662721893432e+02
7.285618279569891342e+01,1.485658602150537320e+02,1.000264227642276325e+02,1.779776422764227561e+02
7.345182291666665719e+01,1.477226562500000000e+02,1.000079365079365061e+02,1.782896825396825307e+02
7.365550906555090194e+01,1.470571827057182475e+02,1.000220883534136362e+02,1.783052208835341332e+02
7.421715076071922113e+01,1.463845089903180963e+02,1.000284552845528339e+02,1.793821138211382049e+02
7.432671957671956875e+01,1.459656084656084545e+02,1.000444444444444372e+02,1.793212121212121133e+02
7.486021505376344010e+01,1.447741935483871032e+02,9.997171717171715954e+01,1.798848484848484759e+02
7.520533333333332848e+01,1.442693333333333214e+02,9.997171717171715954e+01,1.800787878787878924e+02
7.542692307692307452e+01,1.437423076923076906e+02,1.000433925049309636e+02,1.799230769230769340e+02
7.565293383270910965e+01,1.431897627965043682e+02,9.999595959595959016e+01,1.810303030303030312e+02
7.601383647798741094e+01,1.425157232704402475e+02,1.000078895463510804e+02,1.810414201183431828e+02
7.676741293532337806e+01,1.416778606965173992e+02,9.994377510040159507e+01,1.816104417670682665e+02
7.702417302798981780e+01,1.414020356234096596e+02,9.980158730158728986e+01,1.820634920634920491e+02
7.778333333333331723e+01,1.403102564102564145e+02,9.979674796747967491e+01,1.824613821138211165e+02
7.815364583333332860e+01,1.398528645833333144e+02,9.968031189083819754e+01,1.830409356725146210e+02
7.881782945736433987e+01,1.391627906976744100e+02,9.968916155419222491e+01,1.839877300613496800e+02
7.981407702523239323e+01,1.382390438247011843e+02,9.952894211576845862e+01,1.845489021956087754e+02
8.002362204724408912e+01,1.377585301837270322e+02,9.950000000000000000e+01,1.851285140562249012e+02
8.065466666666665674e+01,1.369906666666666695e+02,9.938955823293171932e+01,1.851887550200803219e+02
8.115267175572519420e+01,1.363740458015267052e+02,9.938791423001948999e+01,1.860409356725146210e+02
8.174646074646074112e+01,1.358429858429858257e+02,9.936030828516376801e+01,1.864200385356454603e+02
8.252213541666665719e+01,1.350533854166666572e+02,9.920155038759688182e+01,1.871899224806201403e+02
8.297416020671833792e+01,1.346976744186046631e+02,9.887709497206704157e+01,1.880558659217876993e+02
8.404855643044618319e+01,1.338713910761154580e+02,9.892124542124540199e+01,1.880860805860805840e+02
8.405534591194967220e+01,1.337949685534591140e+02,9.878752436647171464e+01,1.887309941520467760e+02
8.457742782152230632e+01,1.333792650918634877e+02,9.851595744680851396e+01,1.893900709219857958e+02
8.508165997322623753e+01,1.328621151271753718e+02,9.825585585585585591e+01,1.904648648648648646e+02
8.558801498127340324e+01,1.324444444444444287e+02,9.822283609576426500e+01,1.907918968692449084e+02
8.635149156939040438e+01,1.319546044098572963e+02,9.807092198581560183e+01,1.910336879432623789e+02
8.678880407124681540e+01,1.318486005089058324e+02,9.767771639042355503e+01,1.923701657458563545e+02
8.816804407713497937e+01,1.312052341597795930e+02,9.774074074074073337e+01,1.930955165692007540e+02
8.860165975103734581e+01,1.307842323651452148e+02,9.754043392504929955e+01,1.938757396449704231e+02
8.995159059474411833e+01,1.303734439834024954e+02,9.734104046242774189e+01,1.946319845857417761e+02
9.002755905511810397e+01,1.301719160104986770e+02,9.729924242424240788e+01,1.948617424242424079e+02
9.022045152722442651e+01,1.298618857901726358e+02,9.684469696969695462e+01,1.961856060606060339e+02
9.113436692506458314e+01,1.294728682170542697e+02,9.692134831460674604e+01,1.963520599250936129e+02
9.270430107526880192e+01,1.288924731182795540e+02,9.680116959064326920e+01,1.969941520467836256e+02
9.263942931258105773e+01,1.288041504539558844e+02,nan,nan
9.296437659033078660e+01,1.285127226463104080e+02,9.616279069767442422e+01,1.987577519379844659e+02
9.366795865633073959e+01,1.282351421188630525e+02,9.616279069767442422e+01,1.987577519379844659e+02
9.476266666666666083e+01,1.279093333333333220e+02,9.613652482269502286e+01,1.994769503546099259e+02
9.530027548209365307e+01,1.276694214876033016e+02,9.593055555555554292e+01,2.010515873015872899e+02
9.644121715076072121e+01,1.276597510373443924e+02,9.549340866290017971e+01,2.021939736346515701e+02
9.650340136054421691e+01,1.274571428571428555e+02,9.495783132530119985e+01,2.031064257028112365e+02
9.663660130718953667e+01,1.272993464052287464e+02,9.469904761904761870e+01,2.043199999999999932e+02
9.732816537467699902e+01,1.271279069767441854e+02,9.424105461393595817e+01,2.056610169491525539e+02
9.818266666666666254e+01,1.272706666666666564e+02,9.385057471264367734e+01,2.066168582375478593e+02
9.891083676268860359e+01,1.274142661179698166e+02,9.363026819923371136e+01,2.070842911877394386e+02
9.938933333333332598e+01,1.273386666666666542e+02,9.363026819923371136e+01,2.070842911877394386e+02
9.944871794871794179e+01,1.272576923076923094e+02,9.335567010309277691e+01,2.079914089347078914e+02
1.001673360107094908e+02,1.273761713520749623e+02,9.300188323917136302e+01,2.091694915254237230e+02
1.004653061224489790e+02,1.273360544217687078e+02,9.268571428571428328e+01,2.100914285714285654e+02
1.009692101740294419e+02,1.275542168674698758e+02,9.232037037037035532e+01,2.106574074074073906e+02
1.012148760330578483e+02,1.276239669421487548e+02,9.232037037037035532e+01,2.106574074074073906e+02
1.014229249011857661e+02,1.276060606060605949e+02,9.208433734939758608e+01,2.116465863453815075e+02
1.019460188933873042e+02,1.276896086369770558e+02,9.201724137931034875e+01,2.120478927203064927e+02
1.027336065573770441e+02,1.280642076502732039e+02,nan,nan
1.027161981258366694e+02,1.280896921017402974e+02,9.109746588693957392e+01,2.133216374269005939e+02
1.028599439775910298e+02,1.283235294117646959e+02,9.087179487179486159e+01,2.137080867850098400e+02
1.026514575411913768e+02,1.282991128010139334e+02,9.048850574712643891e+01,2.144137931034482847e+02
1.027944862155388392e+02,1.284987468671679096e+02,8.999099099099097998e+01,2.148864864864864899e+02
1.033385826771653484e+02,1.292060367454068057e+02,8.936571428571429010e+01,2.151371428571428623e+02
1.031730769230769198e+02,1.290012820512820326e+02,8.870879120879121160e+01,2.157875457875457528e+02
1.032692810457516259e+02,1.293633986928104491e+02,8.810392156862744173e+01,2.166039215686274417e+02
1.033884615384615415e+02,1.297410256410256295e+02,8.790502793296089123e+01,2.169106145251396640e+02
1.033664122137404604e+02,1.300394402035623216e+02,8.711538461538461320e+01,2.174926739926739856e+02
1.036947637292464890e+02,1.308199233716475192e+02,8.677954144620809984e+01,2.177601410934744024e+02
1.038110661268555930e+02,1.312523616734142990e+02,8.631261770244820752e+01,2.183050847457627128e+02
1.037628726287262708e+02,1.315203252032520425e+02,8.624953445065176538e+01,2.182234636871508258e+02
1.038722222222222200e+02,1.321027777777777601e+02,8.565760869565217206e+01,2.188061594202898164e+02
1.038540772532188896e+02,1.323347639484978515e+02,8.565760869565217206e+01,2.188061594202898164e+02
1.038683127572016502e+02,1.331207133058984766e+02,8.534990791896868245e+01,2.191988950276243031e+02
1.038453900709219795e+02,1.338340425531914946e+02,8.530783242258651455e+01,2.193041894353369514e+02
1.039475177304964433e+02,1.344652482269503366e+02,8.523488773747840241e+01,2.193816925734024039e+02
1.040274170274170160e+02,1.351399711399711236e+02,8.463829787234043067e+01,2.194379432624113235e+02
1.040468540829986495e+02,1.357282463186077450e+02,8.446703296703296360e+01,2.199304029304028916e+02
1.042018970189701861e+02,1.366382113821138091e+02,8.407885304659497194e+01,2.197921146953404730e+02
1.040278940027893952e+02,1.374951185495118295e+02,8.388132635253053593e+01,2.195951134380453595e+02
1.042188841201716798e+02,1.386666666666666572e+02,8.370707070707071296e+01,2.198686868686868650e+02
1.042251082251082295e+02,1.389148629148629084e+02,8.348468468468468018e+01,2.200630630630630549e+02
1.042134986225895261e+02,1.393539944903581045e+02,8.343508771929823808e+01,2.201684210526315724e+02
1.042398373983739788e+02,1.398766937669376489e+02,8.373992673992673019e+01,2.190842490842490520e+02
1.043081232492997117e+02,1.408305322128851458e+02,8.354212454212454020e+01,2.190952380952380736e+02
1.045110132158590375e+02,1.420102790014684331e+02,8.337477477477476384e+01,2.191873873873873606e+02
1.044849785407725307e+02,1.425979971387696423e+02,8.337477477477476384e+01,2.191873873873873606e+02
1.045036075036074976e+02,1.427070707070706987e+02,8.302476190476190254e+01,2.194152380952380952e+02
1.046492753623188321e+02,1.439115942028985273e+02,8.287765957446808329e+01,2.191187943262411011e+02
1.047105263157894797e+02,1.450774853801169400e+02,8.271220400728596189e+01,2.189271402550091068e+02
1.047208672086720753e+02,1.454051490514904970e+02,8.280633147113593395e+01,2.188808193668528759e+02
1.048156028368794210e+02,1.467929078014184086e+02,8.280633147113593395e+01,2.188808193668528759e+02
1.048987854251012095e+02,1.470661268556005155e+02,8.235405872193436494e+01,2.190984455958549120e+02
1.050450819672131217e+02,1.483346994535519059e+02,8.179189686924492264e+01,2.194033149171270622e+02
1.051453333333333262e+02,1.491666666666666572e+02,8.238461538461538680e+01,2.186831501831501612e+02
1.053375000000000057e+02,1.504458333333333258e+02,8.282642998027613146e+01,2.184556213017751531e+02
1.055872340425531917e+02,1.516014184397162978e+02,8.309677419354838435e+01,2.182329749103942333e+02
1.055858156028368739e+02,1.517659574468084998e+02,8.342476190476189402e+01,2.175028571428571524e+02
1.056779661016949206e+02,1.524477401129943530e+02,8.378142076502732039e+01,2.172550091074681120e+02
1.060478260869565190e+02,1.541463768115941946e+02,8.410128913443830356e+01,2.172154696132596712e+02
1.060508474576271141e+02,1.548206214689265323e+02,8.410564663023679088e+01,2.171147540983606632e+02
1.061874163319946405e+02,1.554136546184738847e+02,8.410564663023679088e+01,2.171147540983606632e+02
1.062116402116402014e+02,1.556058201058201007e+02,8.410564663023679088e+01,2.172786885245901658e+02
1.065137741046831934e+02,1.575523415977961292e+02,8.423157894736841911e+01,2.171929824561403279e+02
1.065720338983050794e+02,1.580903954802259648e+02,8.407116104868913453e+01,2.173726591760299414e+02
1.064072524407252445e+02,1.587991631799163201e+02,8.387947269303201381e+01,2.175480225988700624e+02
1.061794871794871682e+02,1.598218623481781435e+02,8.396190476190476204e+01,2.175771428571428601e+02
1.060194552529182914e+02,1.603035019455252836e+02,8.372282608695651618e+01,2.175253623188405641e+02
1.055146443514644403e+02,1.616736401673640273e+02,8.341111111111111143e+01,2.171425925925925924e+02
1.052451790633608795e+02,1.624931129476583749e+02,8.325555555555555998e+01,2.172314814814814667e+02
1.051309523809523796e+02,1.630410052910052627e+02,8.323836126629421983e+01,2.172923649906889807e+02
1.052789115646258438e+02,1.630476190476190368e+02,8.289926739926740140e+01,2.172014652014651972e+02
1.046968503937007853e+02,1.644304461942257092e+02,8.289377289377289060e+01,2.171959706959706864e+02
1.042690288713910718e+02,1.648989501312335904e+02,8.277840909090909349e+01,2.169185606060605949e+02
1.039551020408163282e+02,1.658748299319727835e+02,8.268131868131868600e+01,2.174358974358974024e+02
1.037287157287157271e+02,1.663246753246753258e+02,8.248066298342541813e+01,2.178324125230202526e+02
1.033238482384823698e+02,1.670636856368563485e+02,8.254659498207884383e+01,2.177007168458781052e+02
1.032037037037036953e+02,1.673227513227513157e+02,8.183419689119170926e+01,2.184490500863557827e+02
1.030853658536585300e+02,1.682195121951219505e+02,7.296711509715993316e+01,2.192376681614349820e+02
1.025252100840336169e+02,1.691106442577030577e+02,6.414814814814813815e+01,2.212685185185185048e+02
1.022430555555555571e+02,1.695472222222221887e+02,6.436078431372548891e+01,2.258980392156862536e+02
1.027519025875190124e+02,1.690715372907153551e+02,6.560833333333333428e+01,2.274633333333333098e+02
1.017042801556420244e+02,1.706614785992217946e+02,6.655851063829787506e+01,2.286879432624113235e+02
1.014256854256854155e+02,1.712366522366522190e+02,6.709447415329768205e+01,2.290784313725490051e+02
1.014101508916323695e+02,1.717764060356652749e+02,6.767530224525042115e+01,2.298031088082901476e+02
1.010863213811420849e+02,1.720185922974767436e+02,6.770219966159051239e+01,2.294213197969543216e+02
1.010530612244897952e+02,1.723210884353741505e+02,6.770896785109982829e+01,2.294568527918781626e+02
1.009619422572178422e+02,1.725564304461942129e+02,6.824621212121211045e+01,2.303446969696969688e+02
9.989090909090909065e+01,1.743151515151514843e+02,6.851595744680851396e+01,2.308936170212765830e+02
1.000977961432506760e+02,1.745426997245178882e+02,6.888288288288288186e+01,2.308792792792792739e+02
1.001408268733850093e+02,1.746589147286821628e+02,6.920446735395188398e+01,2.315841924398625054e+02
9.962575757575756086e+01,1.755621212121212125e+02,6.943223443223442359e+01,2.323663003663003508e+02
9.999451303155005633e+01,1.754869684499313962e+02,6.944444444444444287e+01,2.321111111111110858e+02
9.972099853157121174e+01,1.760704845814977944e+02,6.981403508771929012e+01,2.321385964912280429e+02
9.923577235772357596e+01,1.768184281842818280e+02,7.003125000000000000e+01,2.325121527777777430e+02
9.932923497267759672e+01,1.769439890710382315e+02,7.003664921465968973e+01,2.324485165794066290e+02
9.940167364016735974e+01,1.775188284518828539e+02,7.001899827288427502e+01,2.323609671848013818e+02
9.938866396761133615e+01,1.778178137651821942e+02,7.031702898550723546e+01,2.328731884057970944e+02
9.912939521800279863e+01,1.781687763713080130e+02,7.048674242424242209e+01,2.331174242424242209e+02
9.913278008298755140e+01,1.783858921161825606e+02,7.080070546737212567e+01,2.340423280423280517e+02
9.905555555555554292e+01,1.788035230352303415e+02,7.075041876046900313e+01,2.332211055276382012e+02
9.911646586345381138e+01,1.790240963855421796e+02,7.099136442141622183e+01,2.345043177892918607e+02
9.901265822784810666e+01,1.797215189873417671e+02,7.099825479930191818e+01,2.346038394415357402e+02
9.892222222222221717e+01,1.802388888888888800e+02,7.137254901960784537e+01,2.347433155080213965e+02
9.893360995850622430e+01,1.802213001383125572e+02,7.161638733705771642e+01,2.348603351955307232e+02
9.898666666666665037e+01,1.807386666666666599e+02,7.162569832402235193e+01,2.348491620111731777e+02
9.882008368200837367e+01,1.813389121338912275e+02,7.162569832402235193e+01,2.348491620111731777e+02
9.869410150891631872e+01,1.816694101508916219e+02,7.161714285714285211e+01,2.350971428571428703e+02
9.873389355742295947e+01,1.819509803921568505e+02,7.227969348659003401e+01,2.352337164750957754e+02
9.866089466089465532e+01,1.823737373737373559e+02,7.218689788053949030e+01,2.354238921001926599e+02
9.863478260869565872e+01,1.825695652173913004e+02,7.226704545454545325e+01,2.352253787878787818e+02
9.862068965517241281e+01,1.826537356321838956e+02,7.256684491978609231e+01,2.360106951871657657e+02
9.846861924686191969e+01,1.832231520223151904e+02,7.256205673758864805e+01,2.359397163120567313e+02
9.846122448979592434e+01,1.835319727891156276e+02,7.272517730496453225e+01,2.368209219858155734e+02
9.818106995884774335e+01,1.844869684499313962e+02,7.266845878136200554e+01,2.373261648745519494e+02
9.825925925925925242e+01,1.843580246913580254e+02,7.290555555555555145e+01,2.375037037037036782e+02
9.835201149425286360e+01,1.844856321839080238e+02,7.321245421245420459e+01,2.379249084249084092e+02
9.815481171548117345e+01,1.852970711297071205e+02,7.321245421245420459e+01,2.379249084249084092e+02
9.808963585434173638e+01,1.854313725490195850e+02,7.329842931937172068e+01,2.380907504363001408e+02
9.814444444444443150e+01,1.857402777777777771e+02,7.349645390070921280e+01,2.389503546099290645e+02
9.826170798898071723e+01,1.859655647382919881e+02,7.362359550561797050e+01,2.396554307116104781e+02
9.850980392156861853e+01,1.858515406162464956e+02,7.362359550561797050e+01,2.396554307116104781e+02
9.879220779220779036e+01,1.867532467532467422e+02,7.372252252252252447e+01,2.405693693693693547e+02
9.895473251028806772e+01,1.871165980795610153e+02,7.389877835951133989e+01,2.407539267015706912e+02
9.929378531073446368e+01,1.880536723163841657e+02,7.391924398625428694e+01,2.411993127147766245e+02
9.946797385620914156e+01,1.877843137254901933e+02,7.395744680851063890e+01,2.414184397163120366e+02
9.959553695955369790e+01,1.882357043235704168e+02,7.425948103792414656e+01,2.412475049900199338e+02
9.994266666666665344e+01,1.887906666666666524e+02,7.425948103792414656e+01,2.412475049900199338e+02
1.000683760683760681e+02,1.890612535612535510e+02,7.432412523020256856e+01,2.417955801104972409e+02
1.004184704184704060e+02,1.900793650793650613e+02,7.432051282051281760e+01,2.418058608058607888e+02
1.005840336134453850e+02,1.903263305322128645e+02,7.429629629629629051e+01,2.418370370370370210e+02
1.010248962655601730e+02,1.910636237897648471e+02,7.427304964539005994e+01,2.422907801418439533e+02
1.010248962655601730e+02,1.910636237897648471e+02,7.424561403508771207e+01,2.423614035087719287e+02
1.016172316384180618e+02,1.922189265536723042e+02,7.413263525305409019e+01,2.433630017452006769e+02
1.017551020408163254e+02,1.922748299319727607e+02,7.414594594594593957e+01,2.433405405405405304e+02
1.017387755102040785e+02,1.921605442176870611e+02,7.414594594594593957e+01,2.433405405405405304e+02
1.021133879781420717e+02,1.928019125683059940e+02,7.412962962962963331e+01,2.440033670033670035e+02
1.020916666666666686e+02,1.929819444444444230e+02,7.404099821746879684e+01,2.450285204991087085e+02
1.024661354581673294e+02,1.934701195219123520e+02,7.387102177554437787e+01,2.461675041876046635e+02
1.027034013605442198e+02,1.937510204081632708e+02,7.397517730496453225e+01,2.468617021276595835e+02
1.029072580645161281e+02,1.941868279569892195e+02,7.397644927536231307e+01,2.476884057971014386e+02
1.031133603238866385e+02,1.941106612685559867e+02,7.397132616487455437e+01,2.480035842293906683e+02
1.031763942931258100e+02,1.941984435797665469e+02,7.382653061224489477e+01,2.486717687074829826e+02
1.037417654808959071e+02,1.947351778656126555e+02,7.349607843137253838e+01,2.492098039215686072e+02
1.043436692506459877e+02,1.953113695090439137e+02,7.343238095238095298e+01,2.494533333333333189e+02
1.042523240371845930e+02,1.952948207171314721e+02,7.343314500941619372e+01,2.493239171374764283e+02
1.050539811066126816e+02,1.957233468286099765e+02,7.303780068728521258e+01,2.503333333333333144e+02
1.053769841269841265e+02,1.959100529100528831e+02,7.303703703703702388e+01,2.500942760942760685e+02
1.058804500703234766e+02,1.964374120956399281e+02,7.323649906890129557e+01,2.509162011173184226e+02
1.065013440860215042e+02,1.968454301075268802e+02,7.341947565543070198e+01,2.512153558052434050e+02
1.067729658792650866e+02,1.970341207349081287e+02,7.336279926335174650e+01,2.509005524861878484e+02
1.072690763052208780e+02,1.972449799196787126e+02,7.331472081218274184e+01,2.512182741116751288e+02
1.075859788359788212e+02,1.974431216931216966e+02,7.327898550724637516e+01,2.518007246376811281e+02
1.085013888888888829e+02,1.981666666666666572e+02,7.342375886524821738e+01,2.520549645390070737e+02
1.092011019283746407e+02,1.985523415977961292e+02,7.357545605306799530e+01,2.525422885572139364e+02
1.094223107569721094e+02,1.988207171314741117e+02,7.355500821018061686e+01,2.526256157635467900e+02
1.100593792172739427e+02,1.991133603238866385e+02,7.357545605306799530e+01,2.525422885572139364e+02
1.105836680053547525e+02,1.993119143239624975e+02,7.358580858085808529e+01,2.526765676567656556e+02
1.114013888888888886e+02,1.999694444444444343e+02,7.367777777777777715e+01,2.525365079365079168e+02
1.120989159891598916e+02,2.002994579945799387e+02,7.363398692810456225e+01,2.524444444444444287e+02
1.128087201125175767e+02,2.007777777777777715e+02,7.363398692810456225e+01,2.524444444444444287e+02
1.130887978142076378e+02,2.008756830601092815e+02,7.363398692810456225e+01,2.524444444444444287e+02
1.135823129251700578e+02,2.011523809523809234e+02,7.405714285714286405e+01,2.528971428571428532e+02
1.148384279475982481e+02,2.018034934497816550e+02,7.416865079365078373e+01,2.523829365079364777e+02
1.150053763440860166e+02,2.020591397849462396e+02,7.414056224899597680e+01,2.523995983935742800e+02
1.155368139223560746e+02,2.023427041499330414e+02,7.412974051896206618e+01,2.523233532934131631e+02
1.158866396761133615e+02,2.025155195681511202e+02,7.425047080979283010e+01,2.527570621468926504e+02
1.168151041666666572e+02,2.030299479166666572e+02,7.524470134874758287e+01,2.549441233140654788e+02
1.174823848238482356e+02,2.035636856368563485e+02,7.526296296296295907e+01,2.556037037037037010e+02
1.178658192090395431e+02,2.036002824858757094e+02,7.523172905525845522e+01,2.561443850267379503e+02
1.180586552217453402e+02,2.038912732474964002e+02,7.561481481481480671e+01,2.567685185185184764e+02
1.189945799457994440e+02,2.043550135501354816e+02,7.555747126436781969e+01,2.567318007662834702e+02
1.191763888888888800e+02,2.042611111111110915e+02,7.562359550561797050e+01,2.567153558052434050e+02
1.198311874105865371e+02,2.047353361945636436e+02,7.582456140350876694e+01,2.568280701754385973e+02
1.205144032921810719e+02,2.049519890260630746e+02,7.597740112994350170e+01,2.573013182674199584e+02
1.205144032921810719e+02,2.049519890260630746e+02,7.631899641577059867e+01,2.573405017921146509e+02
1.213333333333333286e+02,2.054631147540983704e+02,7.636860670194003831e+01,2.573492063492063266e+02
1.216459197786998487e+02,2.053900414937759251e+02,7.650450450450449580e+01,2.575081081081081038e+02
1.221686746987951864e+02,2.055568942436412101e+02,7.696078431372548323e+01,2.584135472370766138e+02
1.236861111111111029e+02,2.057555555555555316e+02,7.702329749103941481e+01,2.581648745519713088e+02
1.241819444444444400e+02,2.057722222222222115e+02,7.706028368794325445e+01,2.582482269503545922e+02
1.253401084010839952e+02,2.057195121951219505e+02,7.731541218637993040e+01,2.582939068100358213e+02
1.254237288135593218e+02,2.057189265536723042e+02,7.755322862129143857e+01,2.587696335078534275e+02
1.266050420168067205e+02,2.056428571428571388e+02,7.774666666666666970e+01,2.594685714285714084e+02
1.272231075697211224e+02,2.056653386454183305e+02,7.770250896057346779e+01,2.592275985663082452e+02
1.277466666666666555e+02,2.056053333333333057e+02,7.802333333333332632e+01,2.591966666666666583e+02
1.280462585034013614e+02,2.055863945578231267e+02,7.784757118927973352e+01,2.585376884422110493e+02
1.282405913978494425e+02,2.057150537634408352e+02,7.812179487179486159e+01,2.592788461538461320e+02
1.295830013280212540e+02,2.055511288180610734e+02,7.846704331450094116e+01,2.601468926553672532e+02
1.299426666666666677e+02,2.054986666666666508e+02,7.862186379928314750e+01,2.603691756272401108e+02
1.301128818061089021e+02,2.054395750332004980e+02,7.861231884057970376e+01,2.604384057971014386e+02
1.303831258644536604e+02,2.054121715076071837e+02,7.861231884057970376e+01,2.604384057971014386e+02
1.317445355191256624e+02,2.051898907103824854e+02,7.900683760683760681e+01,2.603145299145298850e+02
1.322846924177396204e+02,2.051745350500715119e+02,7.927809523809523284e+01,2.603428571428571558e+02
1.324772079772079678e+02,2.051666666666666572e+02,7.973258003766477486e+01,2.613785310734463110e+02
1.325761494252873547e+02,2.051637931034482847e+02,7.973258003766477486e+01,2.613785310734463110e+02
1.329453781512605133e+02,2.050490196078431211e+02,7.973258003766477486e+01,2.613785310734463110e+02
1.333861967694566601e+02,2.048164464023494702e+02,7.973258003766477486e+01,2.613785310734463110e+02
1.341324599708879077e+02,2.048704512372634383e+02,7.990175438596490665e+01,2.615649122807017193e+02
1.344014814814814827e+02,2.049659259259259159e+02,8.003135313531352324e+01,2.616765676567656556e+02
1.340014556040756872e+02,2.049927219796215354e+02,8.018324607329843445e+01,2.621937172774868827e+02
1.344663923182441749e+02,2.048847736625514528e+02,8.056560283687942103e+01,2.625407801418439817e+02
1.346976090014064766e+02,2.048607594936708836e+02,8.056560283687942103e+01,2.625407801418439817e+02
1.356216596343178651e+02,2.045822784810126507e+02,8.064117647058823479e+01,2.630137254901960659e+02
1.362030303030302889e+02,2.046121212121211954e+02,8.081732580037665059e+01,2.630000000000000000e+02
1.365714285714285836e+02,2.045267857142857224e+02,8.090185185185184480e+01,2.631425925925925640e+02
1.359145299145299077e+02,2.046210826210825928e+02,8.099637681159420310e+01,2.632536231884058111e+02
1.362688614540466290e+02,2.045404663923182227e+02,8.108771929824561653e+01,2.632350877192982352e+02
1.369228529839883493e+02,2.043857350800581969e+02,8.131541218637993040e+01,2.632831541218637881e+02
1.372092352092352030e+02,2.043189033189032955e+02,8.150757575757575069e+01,2.639905303030302548e+02
1.373852813852813881e+02,2.043232323232323040e+02,8.150000000000000000e+01,2.642041198501872259e+02
1.374950773558368553e+02,2.043656821378340283e+02,nan,nan
1.377610872675250278e+02,2.043004291845493583e+02,8.199444444444444002e+01,2.643592592592592609e+02
1.379152542372881385e+02,2.042259887005649546e+02,8.206193078324224643e+01,2.644444444444444002e+02
1.387348484848484702e+02,2.041136363636363740e+02,8.216483516483516780e+01,2.655091575091574896e+02
1.387348484848484702e+02,2.041136363636363740e+02,8.213978494623655990e+01,2.652724014336917548e+02
1.388735119047618980e+02,2.041026785714285836e+02,8.266482504604050519e+01,2.659576427255984754e+02
1.390344827586206975e+02,2.041163793103448256e+02,8.269646182495344533e+01,2.661284916201117312e+02
1.397369207772795221e+02,2.039372197309417061e+02,8.293189964157706129e+01,2.665035842293906398e+02
1.399481481481481353e+02,2.039303703703703547e+02,8.295262267343485973e+01,2.668984771573603894e+02
1.399481481481481353e+02,2.039303703703703547e+02,8.320761904761904759e+01,2.676742857142857019e+02
1.399985507246376812e+02,2.037855072463767954e+02,8.356466302367941523e+01,2.676848816029143450e+02
1.398535564853556536e+02,2.037085076708507358e+02,8.359176029962546295e+01,2.676086142322097317e+02
1.398735632183907853e+02,2.038045977011494188e+02,8.372774869109947815e+01,2.680366492146596897e+02
1.405425685425685458e+02,2.037907647907647686e+02,8.397175141242938423e+01,2.688775894538605939e+02
1.409141193595341974e+02,2.037219796215429142e+02,8.393220338983050510e+01,2.689265536723164018e+02
1.407010014306151504e+02,2.037453505007152899e+02,8.441252302025782228e+01,2.696298342541436455e+02
1.405733882030177995e+02,2.036282578875171509e+02,8.457012750455372441e+01,2.697431693989071277e+02
1.411981981981981846e+02,2.036066066066065900e+02,8.487382297551788213e+01,2.702768361581921113e+02
1.414893617021276668e+02,2.037063829787234113e+02,8.509471766848815832e+01,2.705901639344262435e+02
1.413304597701149419e+02,2.039798850574712503e+02,8.559198542805098953e+01,2.707650273224043644e+02
1.410812672176308524e+02,2.039545454545454675e+02,8.637318840579709445e+01,2.707445652173913118e+02
1.413132183908045931e+02,2.040387931034482847e+02,8.762310606060606233e+01,2.713750000000000000e+02
1.420968660968660799e+02,2.043005698005697752e+02,8.848863636363635976e+01,2.713844696969696884e+02
1.424049586776859542e+02,2.046487603305785115e+02,8.945811051693402760e+01,2.716363636363636260e+02
1.423647540983606632e+02,2.046188524590163809e+02,9.020715630885122494e+01,2.715178907721280552e+02
1.424677640603566431e+02,2.048216735253772072e+02,9.123391812865497741e+01,2.715419103313839742e+02
1.425215686274509892e+02,2.047267973856208982e+02,9.202312138728323987e+01,2.715722543352601406e+02
1.429363143631436230e+02,2.051571815718156984e+02,9.289728682170542129e+01,2.717325581395348877e+02
1.431213333333333253e+02,2.053226666666666631e+02,9.377049180327868783e+01,2.718342440801457087e+02
1.432373113854595204e+02,2.052894375857338503e+02,9.454528985507245409e+01,2.718170289855071928e+02
1.439344490934448970e+02,2.058437935843793412e+02,9.534426229508196116e+01,2.717413479052823391e+02
1.440185922974767436e+02,2.060677290836653412e+02,9.627118644067796538e+01,2.718662900188323874e+02
1.438940568475452153e+02,2.061007751937984551e+02,9.646242774566474054e+01,2.716917148362234684e+02
1.436440251572327043e+02,2.059823899371068876e+02,9.694413407821228645e+01,2.716070763500931093e+02
1.439132075471698045e+02,2.061672955974842694e+02,9.760103626943005395e+01,2.717789291882555744e+02
1.440282258064516157e+02,2.064112903225806406e+02,9.881286549707601807e+01,2.717231968810916101e+02
1.444066666666666663e+02,2.068533333333333246e+02,9.884000000000000341e+01,2.717390476190475965e+02
1.446732804232804028e+02,2.069854497354497198e+02,9.973988439306359055e+01,2.717880539499036558e+02
1.447828282828282624e+02,2.071868686868686780e+02,1.001620111731843537e+02,2.715903165735567768e+02
1.449494163424124622e+02,2.074072632944228189e+02,9.989513108614231385e+01,2.715636704119850151e+02
1.453084577114427702e+02,2.076803482587064593e+02,1.014733727810650947e+02,2.717692307692307736e+02
1.452771535580524471e+02,2.076704119850187169e+02,1.009255121042830439e+02,2.716145251396648064e+02
1.454232209737827759e+02,2.081298377028714128e+02,1.018798449612403090e+02,2.716647286821705052e+02
1.454009840098401014e+02,2.081082410824108138e+02,1.029497991967871400e+02,2.718995983935742515e+02
1.455862068965517153e+02,2.082681992337164729e+02,1.030772357723577102e+02,2.718861788617886077e+02
1.461552878179384152e+02,2.089036144578313383e+02,1.030271317829457161e+02,2.717519379844961236e+02
1.461808367071524799e+02,2.092361673414304732e+02,1.038686274509803837e+02,2.716313725490196020e+02
1.459934895833333144e+02,2.093854166666666572e+02,1.036783625730994203e+02,2.715087719298245474e+02
1.460447957839261903e+02,2.094822134387351866e+02,1.041142857142857139e+02,2.715314285714285916e+02
1.462786666666666520e+02,2.099866666666666504e+02,1.043016759776536304e+02,2.715977653631284738e+02
1.462832674571805001e+02,2.103478260869565304e+02,1.045865921787709567e+02,2.715698324022346242e+02
1.462243346007604430e+02,2.106768060836501775e+02,1.055881226053639779e+02,2.715421455938696909e+02
1.463346883468834392e+02,2.111897018970189492e+02,1.057765151515151416e+02,2.716098484848484418e+02
1.463866666666666561e+02,2.117266666666666595e+02,1.061472868217054213e+02,2.716879844961239883e+02
1.464337194337194035e+02,2.119111969111969245e+02,1.061472868217054213e+02,2.716879844961239883e+02
1.464123847167325323e+02,2.123675889328063136e+02,1.064469273743016799e+02,2.717765363128491458e+02
1.465112881806108760e+02,2.129495351925630757e+02,1.067463768115942031e+02,2.716648550724637516e+02
1.466780626780626733e+02,2.136481481481481239e+02,1.074386973180076552e+02,2.715900383141762404e+02
1.465646258503401214e+02,2.140217687074829769e+02,1.076996336996336936e+02,2.716007326007325560e+02
1.466188466947960478e+02,2.142419127988748073e+02,1.084909090909090850e+02,2.718525252525252540e+02
1.466890756302520913e+02,2.151960784313725412e+02,1.085419222903885412e+02,2.718384458077709382e+02
1.466472222222222115e+02,2.158111111111111029e+02,1.086853002070393330e+02,2.718674948240165463e+02
1.467500000000000000e+02,2.164678362573099264e+02,1.089473684210526301e+02,2.717192982456140271e+02
1.467088435374149640e+02,2.170421768707482784e+02,1.095423728813559308e+02,2.719359698681732311e+02
1.466531165311652956e+02,2.173766937669376489e+02,1.093815028901734081e+02,2.719576107899807198e+02
1.467913165266106148e+02,2.179677871148459189e+02,1.093583815028901682e+02,2.718766859344893874e+02
1.470267229254570793e+02,2.194191279887482153e+02,1.098156862745097868e+02,2.718941176470588061e+02
1.469066091954022681e+02,2.200172413793103487e+02,1.100078431372548948e+02,2.718843137254901876e+02
1.467968127490039763e+02,2.202483399734395562e+02,1.107364341085271207e+02,2.719593023255814046e+02
1.468240740740740762e+02,2.204867724867724803e+02,1.107364341085271207e+02,2.719593023255814046e+02
1.470323886639676232e+02,2.211066126855600373e+02,1.108662900188323874e+02,2.720018832391713204e+02
1.471033591731265915e+02,2.216201550387596910e+02,1.107655038759689745e+02,2.719554263565891006e+02
1.472297872340425613e+02,2.234312056737588534e+02,1.111261770244821037e+02,2.720150659133709610e+02
1.472361111111111143e+02,2.242944444444444230e+02,1.117116104868913737e+02,2.721348314606741496e+02
1.471233062330623227e+02,2.242005420054200329e+02,1.117878787878787676e+02,2.721306818181818130e+02
1.473577235772357596e+02,2.251734417344173380e+02,1.117878787878787676e+02,2.721306818181818130e+02
1.472345191040843133e+02,2.249420289855072213e+02,1.123372781065088759e+02,2.724674556213017809e+02
1.475889830508474461e+02,2.267443502824858683e+02,1.124082397003745228e+02,2.725168539325842971e+02
1.477182705718270483e+02,2.275704323570432166e+02,1.127938342967244694e+02,2.726936416184971108e+02
1.477148594377510165e+02,2.279799196787148503e+02,1.128954635108481170e+02,2.726745562130177518e+02
1.477851239669421375e+02,2.282589531680440587e+02,1.131753472222222143e+02,2.728541666666666856e+02
1.479944674965421711e+02,2.293167358229598563e+02,1.133643410852713060e+02,2.730755813953488200e+02
1.483900414937759251e+02,2.305726141078838225e+02,1.139922480620154914e+02,2.732500000000000000e+02
1.485195312500000000e+02,2.310260416666666572e+02,1.143531746031745939e+02,2.733571428571428328e+02
1.485000000000000000e+02,2.315103359173126591e+02,1.144437984496124017e+02,2.733430232558139323e+02
1.488181818181818130e+02,2.323254281949934068e+02,1.138484848484848442e+02,2.736098484848484418e+02
1.493699346405228710e+02,2.337882352941176407e+02,1.140670391061452449e+02,2.737392923649906606e+02
1.495833333333333428e+02,2.342037037037036953e+02,1.140467479674796607e+02,2.741117886178861340e+02
1.496706349206349103e+02,2.348558201058201007e+02,1.141808943089430812e+02,2.741727642276422330e+02
1.502411924119240894e+02,2.359783197831978327e+02,1.141808943089430812e+02,2.741727642276422330e+02
1.503495276653171118e+02,2.365060728744939240e+02,1.137073643410852526e+02,2.742228682170542129e+02
1.505033200531208308e+02,2.368247011952191201e+02,1.134700374531835081e+02,2.741741573033708050e+02
1.509380764163372532e+02,2.378590250329380638e+02,1.127597765363128559e+02,2.745661080074487472e+02
1.509986928104574986e+02,2.382379084967320182e+02,1.127597765363128559e+02,2.745661080074487472e+02
1.509973856209150256e+02,2.382535947712418078e+02,1.128813559322033910e+02,2.746007532956685395e+02
1.515317139001349460e+02,2.394844804318488514e+02,1.129123809523809427e+02,2.746152380952380554e+02
1.521551956815114579e+02,2.405452091767881200e+02,1.125641025641025550e+02,2.746813186813186576e+02
1.527162534435261421e+02,2.413457300275481998e+02,1.126473988439306311e+02,2.749980732177263576e+02
1.529854497354497198e+02,2.415780423280423292e+02,1.119962962962962933e+02,2.748111111111111313e+02
1.534401544401544299e+02,2.421994851994851956e+02,1.124496124031007724e+02,2.750116279069767415e+02
1.537417654808959071e+02,2.425678524374176561e+02,1.124561403508771917e+02,2.747855750487329374e+02
1.545051679586563012e+02,2.434211886304909456e+02,1.126787878787878725e+02,2.748565656565656354e+02
1.555090439276485483e+02,2.442105943152454586e+02,1.122698412698412653e+02,2.748214285714285552e+02
1.562795698924730914e+02,2.449408602150537320e+02,1.122698412698412653e+02,2.748214285714285552e+02
1.569986504723346741e+02,2.453616734143049598e+02,1.122313725490195964e+02,2.747823529411764980e+02
1.571811023622047117e+02,2.457979002624671807e+02,1.124456928838951200e+02,2.747134831460674036e+02
1.578366533864541736e+02,2.463041168658698439e+02,1.125555555555555429e+02,2.744404761904762040e+02
1.584609375000000000e+02,2.467617187500000000e+02,1.120534759358288710e+02,2.743279857397504315e+02
1.588484848484848442e+02,2.470724637681159095e+02,1.119005524861878484e+02,2.742559852670349869e+02
1.593022049286640538e+02,2.474176394293125725e+02,1.119890710382513674e+02,2.742477231329689857e+02
1.596968503937007995e+02,2.477362204724409480e+02,1.123694779116465838e+02,2.742208835341365329e+02
1.606842105263157805e+02,2.484736842105263293e+02,1.123694779116465838e+02,2.742208835341365329e+02
1.612757201646090550e+02,2.488367626886145274e+02,1.123135135135135130e+02,2.739729729729729684e+02
1.615759897828863245e+02,2.491034482758620641e+02,1.125200803212851355e+02,2.739759036144578204e+02
1.620038610038610045e+02,2.494478764478764390e+02,1.123158914728682163e+02,2.739244186046511800e+02
1.630823529411764810e+02,2.499620915032679420e+02,1.123158914728682163e+02,2.739244186046511800e+02
1.638919270833333144e+02,2.506132812500000000e+02,1.121743295019157074e+02,2.738965517241379075e+02
1.647530364372469762e+02,2.509973009446693482e+02,1.122942386831275599e+02,2.738456790123456699e+02
1.648252688172042895e+02,2.511720430107526738e+02,nan,nan
1.653519256308100864e+02,2.515498007968127467e+02,1.120775193798449578e+02,2.737112403100774713e+02
1.656494708994708844e+02,2.516970899470899496e+02,1.121283524904214488e+02,2.737145593869731783e+02
1.671746666666666670e+02,2.524733333333333007e+02,1.118862745098039113e+02,2.736843137254901421e+02
1.676518817204301115e+02,2.527163978494623677e+02,1.118992248062015307e+02,2.736240310077519098e+02
1.677213541666666572e+02,2.529557291666666572e+02,1.119042145593869719e+02,2.737777777777777715e+02
1.681532567049808335e+02,2.530893997445721482e+02,1.118371212121212039e+02,2.737405303030302548e+02
1.692464332036316250e+02,2.535291828793774300e+02,1.118371212121212039e+02,2.737405303030302548e+02
1.693333333333333428e+02,2.537019607843137123e+02,1.118371212121212039e+02,2.737405303030302548e+02
1.702466666666666697e+02,2.542280000000000086e+02,1.115749063670411942e+02,2.735973782771535525e+02
1.712244623655913927e+02,2.546438172043010582e+02,1.117632575757575637e+02,2.736212121212120678e+02
1.717732793522267229e+02,2.547908232118758178e+02,1.117632575757575637e+02,2.736212121212120678e+02
1.725555555555555429e+02,2.550347222222222001e+02,1.119905303030302974e+02,2.736553030303030027e+02
1.730181311018130828e+02,2.551394700139469762e+02,1.124905303030302974e+02,2.739715909090909349e+02
1.742916666666666572e+02,2.552902777777777601e+02,1.126954732510287869e+02,2.738641975308642031e+02
1.756131191432396292e+02,2.552610441767068323e+02,1.129960784313725384e+02,2.738882352941176350e+02
1.768898305084745743e+02,2.554293785310734393e+02,1.129811676082862419e+02,2.738625235404896330e+02
1.768811594202898334e+02,2.554420289855072497e+02,1.130148975791433799e+02,2.738361266294227221e+02
1.777553763440859882e+02,2.556034946236559051e+02,1.130148975791433799e+02,2.738361266294227221e+02
1.786993197278911225e+02,2.556027210884353735e+02,1.132364341085271207e+02,2.736124031007751682e+02
1.789629629629629335e+02,2.556717752234993384e+02,1.131883239171374669e+02,2.734331450094161937e+02
1.801338797814207453e+02,2.556092896174863256e+02,1.138361581920903944e+02,2.730998116760828225e+02
1.809833333333333201e+02,2.555319444444444343e+02,1.135649717514124291e+02,2.720621468926553916e+02
1.813880000000000052e+02,2.556239999999999952e+02,1.136171428571428521e+02,2.707561904761904543e+02
1.823997233748270901e+02,2.554343015214384423e+02,1.138553113553113434e+02,2.696959706959706864e+02
1.829289617486338670e+02,2.553114754098360777e+02,1.135493482309124715e+02,2.691173184357542141e+02
1.838131101813110035e+02,2.552649930264992690e+02,1.137419962335216468e+02,2.687570621468926788e+02
1.843714689265536606e+02,2.552316384180790863e+02,1.136294227188081862e+02,2.677783985102420843e+02
1.856277056277056374e+02,2.549826839826839944e+02,1.136865942028985472e+02,2.670579710144927503e+02
1.860638297872340559e+02,2.548283687943262237e+02,1.138611111111111143e+02,2.660314814814814781e+02
1.863849372384937340e+02,2.547670850767084971e+02,1.138637200736648225e+02,2.658047882136280009e+02
1.874905149051490412e+02,2.545135501355013332e+02,1.137777777777777715e+02,2.655519125683060224e+02
1.880515021459227398e+02,2.544406294706723770e+02,1.138538324420677270e+02,2.648128342245989302e+02
1.889753086419753174e+02,2.541015089163237235e+02,1.139722222222222285e+02,2.645148148148148266e+02
1.899023437500000000e+02,2.536679687500000000e+02,1.135654761904761898e+02,2.641507936507936165e+02
1.908234519104084086e+02,2.528708827404479393e+02,1.136839080459770059e+02,2.636111111111110858e+02
1.906778190830235360e+02,2.531127633209417525e+02,1.137191011235955074e+02,2.635805243445692554e+02
1.914395604395604380e+02,2.522869352869352610e+02,1.136759259259259096e+02,2.631481481481481524e+02
1.921452020202019924e+02,2.520808080808080547e+02,1.136759259259259096e+02,2.631481481481481524e+02
1.932718579234972367e+02,2.510437158469945302e+02,1.135386064030131763e+02,2.627740112994350170e+02
1.940933333333333053e+02,2.501893333333333089e+02,1.135393258426966270e+02,2.624700374531835223e+02
1.943631647211413451e+02,2.501180285343709215e+02,1.135393258426966270e+02,2.624700374531835223e+02
1.946393229166666572e+02,2.500260416666666572e+02,1.135103578154425605e+02,2.624745762711864359e+02
1.950167310167310006e+02,2.496833976833976863e+02,1.138913857677902541e+02,2.619119850187265683e+02
1.953371501272264368e+02,2.494758269720101680e+02,1.142318840579710013e+02,2.614161490683229658e+02
1.960399449035812438e+02,2.483085399449035719e+02,1.141009523809523643e+02,2.610571428571428783e+02
1.967791666666666686e+02,2.472708333333333428e+02,1.140188323917137438e+02,2.611525423728813280e+02
1.969143610013175021e+02,2.474782608695652186e+02,1.141259259259259125e+02,2.608907407407407391e+02
1.967910256410256409e+02,2.476435897435897289e+02,1.140893854748603360e+02,2.609031657355679386e+02
1.977215363511659518e+02,2.463786008230452751e+02,1.144483430799220116e+02,2.599376218323586727e+02
1.980866666666666447e+02,2.461066666666666549e+02,1.146117216117216060e+02,2.596611721611721464e+02
1.981128608923884542e+02,2.458989501312335904e+02,1.145340501792114623e+02,2.596684587813620055e+02
1.981283068783068586e+02,2.457010582010582027e+02,1.146230366492146544e+02,2.595008726003490551e+02
1.980219638242894007e+02,2.454832041343669289e+02,1.146230366492146544e+02,2.595008726003490551e+02
1.980614379084967140e+02,2.446627450980392098e+02,1.152397660818713518e+02,2.583781676413255468e+02
1.979883268482490166e+02,2.443929961089494043e+02,1.153837209302325562e+02,2.580794573643410672e+02
1.977677902621722978e+02,2.440474406991260707e+02,1.155921787709497153e+02,2.579981378026070615e+02
1.976923076923076792e+02,2.433487179487179333e+02,1.154759152215799531e+02,2.579768786127167459e+02
1.974283854166666572e+02,2.425559895833333144e+02,1.158863636363636402e+02,2.576799242424242493e+02
1.974359949302914856e+02,2.424626108998732548e+02,1.167718253968253777e+02,2.570575396825396410e+02
1.974150702426564408e+02,2.421711366538952745e+02,1.167855855855855793e+02,2.571621621621621898e+02
1.972915032679738374e+02,2.419424836601307049e+02,1.171117647058823508e+02,2.569078431372548721e+02
1.968863920099875031e+02,2.413370786516854025e+02,1.178493408662900066e+02,2.561261770244821037e+02
1.967478474784747675e+02,2.412632226322263023e+02,1.181666666666666572e+02,2.558293172690762844e+02
1.965909694555112708e+02,2.404687915006639969e+02,1.184488636363636402e+02,2.555321969696969688e+02
1.960527670527670523e+02,2.399781209781209554e+02,nan,nan
1.962175572519084028e+02,2.401145038167938992e+02,1.189958847736625387e+02,2.554711934156378277e+02
1.959563046192259606e+02,2.397777777777777715e+02,1.194580896686159832e+02,2.549064327485380090e+02
1.954269230769230887e+02,2.392884615384615472e+02,1.194181117533718606e+02,2.549710982658959608e+02
1.952440251572326986e+02,2.387484276729559554e+02,1.200162601626016112e+02,2.543556910569105298e+02
1.950740740740740478e+02,2.385785440613026935e+02,1.202039215686274360e+02,2.541372549019607447e+02
1.949017412935323250e+02,2.383694029850746290e+02,1.202470588235294144e+02,2.540117647058823422e+02
1.946134347275031473e+02,2.380253485424588007e+02,1.202639691714836090e+02,2.537784200385356428e+02
1.944520202020201793e+02,2.378497474747474598e+02,1.204411764705882320e+02,2.536568627450980387e+02
1.934949874686716669e+02,2.369636591478696630e+02,1.211379310344827616e+02,2.529214559386972780e+02
1.936818757921419376e+02,2.371330798479087321e+02,1.212978303747534454e+02,2.526923076923076792e+02
1.934567430025445276e+02,2.368613231552162688e+02,1.214912280701754383e+02,2.526315789473684106e+02
1.932506172839506178e+02,2.366901234567901042e+02,1.220432432432432392e+02,2.521009009009008821e+02
1.931135802469135854e+02,2.365160493827160337e+02,1.221847619047618991e+02,2.518971428571428532e+02
1.919617486338797789e+02,2.356202185792349439e+02,1.230346820809248527e+02,2.510751445086705189e+02
1.915618279569892195e+02,2.353629032258064626e+02,1.232624521072796853e+02,2.509157088122605046e+02
1.912713498622589441e+02,2.353195592286501210e+02,1.232417582417582480e+02,2.507820512820512420e+02
1.907006802721088263e+02,2.350285714285714391e+02,1.236198830409356759e+02,2.507758284600389800e+02
1.907135614702154669e+02,2.349340937896070898e+02,1.241072796934865750e+02,2.502088122605363765e+02
1.902290076335877984e+02,2.347099236641221296e+02,1.246058823529411796e+02,2.497019607843136839e+02
1.896692506459948220e+02,2.343837209302325562e+02,1.248185404339250368e+02,2.499309664694279718e+02
1.895100250626566378e+02,2.344223057644110213e+02,1.253541666666666572e+02,2.505511363636363740e+02
1.887035623409668972e+02,2.340203562340966812e+02,1.262666666666666657e+02,2.514039215686274247e+02
1.882997416020671722e+02,2.337764857881136891e+02,1.268836291913214893e+02,2.522938856015778981e+02
1.870896921017402690e+02,2.331793842034805664e+02,1.279942196531791865e+02,2.527302504816955491e+02
1.869795918367346985e+02,2.332204081632653185e+02,1.286851851851851904e+02,2.530833333333333428e+02
1.868050065876152814e+02,2.331620553359683754e+02,1.300396825396825307e+02,2.535099206349206327e+02
1.864113207547169679e+02,2.330176100628930840e+02,1.306703499079189612e+02,2.539244935543277677e+02
1.853929539295392885e+02,2.325365853658536537e+02,1.310406504065040565e+02,2.544105691056910246e+02
1.849064102564102541e+02,2.322294871794871653e+02,1.316687116564417295e+02,2.546646216768915849e+02
1.834417670682730943e+02,2.316345381526104461e+02,1.328062015503875841e+02,2.553352713178294380e+02
1.830950570342205310e+02,2.314144486692015334e+02,1.333167587476979747e+02,2.553830570902393902e+02
1.821680216802167820e+02,2.309593495934959435e+02,1.345080321285140599e+02,2.559477911646586108e+02
1.817300380228136873e+02,2.307439797211660277e+02,1.352629399585921135e+02,2.564782608695651902e+02
1.805358974358974251e+02,2.301589743589743478e+02,1.361180952380952363e+02,2.570247619047618741e+02
1.797041343669250466e+02,2.298178294573643541e+02,1.370983935742971767e+02,2.573734939759036138e+02
1.788243589743589439e+02,2.294397435897435571e+02,1.381628352490421321e+02,2.575881226053639352e+02
1.780599250936329554e+02,2.289737827715355820e+02,1.383296089385474943e+02,2.580502793296089408e+02
1.768983268983268999e+02,2.284054054054054177e+02,1.403163841807909478e+02,2.588851224105461029e+02
1.755236220472440891e+02,2.278779527559055111e+02,1.418955823293172500e+02,2.593995983935742515e+02
1.740770202020201793e+02,2.273434343434343248e+02,1.427013487475915099e+02,2.594470134874758855e+02
1.730658914728682305e+02,2.268953488372092977e+02,1.436473988439306311e+02,2.597495183044316036e+02
1.712436868686868365e+02,2.260568181818181870e+02,1.451832460732984202e+02,2.602356020942408463e+02
1.696886304909560579e+02,2.256304909560723502e+02,1.468097928436911559e+02,2.605951035781544078e+02
1.682222222222222001e+02,2.253098039215686299e+02,1.484114285714285586e+02,2.605561904761904657e+02
1.674082687338501216e+02,2.250749354005167788e+02,1.499689922480619941e+02,2.606957364341085395e+02
1.647272727272727195e+02,2.246639118457300128e+02,1.510520231213872933e+02,2.611252408477841982e+02
1.635277777777777715e+02,2.245555555555555429e+02,1.525341130604288367e+02,2.614152046783625565e+02
1.611241565452091606e+02,2.243697705802968869e+02,1.536978557504873208e+02,2.614853801169590497e+02
1.597311827956989134e+02,2.240967741935483843e+02,1.549714285714285609e+02,2.616285714285714334e+02
1.587058080808080547e+02,2.241641414141413975e+02,1.562456140350877263e+02,2.616939571150097095e+02
1.558997289972899409e+02,2.239661246612465959e+02,1.581901960784313701e+02,2.623450980392156566e+02
1.544261437908496646e+02,2.239254901960784423e+02,1.593519553072625570e+02,2.626536312849161732e+02
1.528151041666666572e+02,2.239479166666666572e+02,1.613050847457627128e+02,2.627080979284368709e+02
1.511825396825396695e+02,2.239854497354497198e+02,1.625884543761638668e+02,2.628305400372439067e+02
1.492802721088435192e+02,2.239047619047618980e+02,1.644194756554306878e+02,2.634082397003745086e+02
1.472884353741496568e+02,2.239863945578231323e+02,1.661744186046511516e+02,2.635910852713178087e+02
1.461863945578231210e+02,2.239360544217686879e+02,1.676440677966101589e+02,2.637532956685498675e+02
1.448371501272264368e+02,2.239694656488549640e+02,1.690555555555555429e+02,2.637586206896551744e+02
1.424782608695652186e+02,2.239927536231883778e+02,1.705851449275362199e+02,2.638206521739130608e+02
1.412600574712643606e+02,2.240359195402298553e+02,1.717427536231884062e+02,2.639021739130434980e+02
1.400743691899070313e+02,2.240597609561752961e+02,1.728037037037036896e+02,2.640574074074073678e+02
1.391015625000000000e+02,2.241354166666666572e+02,1.740960144927535964e+02,2.640597826086956275e+02
1.379196787148594296e+02,2.241325301204819311e+02,1.751666666666666572e+02,2.641367041198501511e+02
1.358289085545722799e+02,2.242876106194690351e+02,1.760663082437276046e+02,2.642526881720430083e+02
1.351373390557940013e+02,2.244120171673819755e+02,1.769874551971325900e+02,2.642616487455197216e+02
1.341160593792172619e+02,2.245209176788123955e+02,1.778025362318840337e+02,2.643876811594202536e+02
1.325863945578231267e+02,2.246653061224489818e+02,1.784450980392156794e+02,2.644137254901960432e+02
1.320583333333333371e+02,2.247861111111110972e+02,1.805637860082304371e+02,2.645576131687242309e+02
1.310235131396956945e+02,2.247939142461963797e+02,1.814161616161615882e+02,2.646161616161616053e+02
1.301045751633986924e+02,2.249359477124182831e+02,1.826527777777777715e+02,2.645813492063492163e+02
1.284480874316939776e+02,2.253087431693988947e+02,1.839116465863453698e+02,2.646767068273092036e+02
1.273389830508474603e+02,2.256892655367231555e+02,1.846037037037037010e+02,2.648240740740740193e+02
1.266318607764390833e+02,2.258768406961177959e+02,1.854112318840579690e+02,2.652826086956521863e+02
1.257994579945799387e+02,2.261734417344173380e+02,1.870650887573964383e+02,2.652642998027613430e+02
1.245852417302798898e+02,2.268295165394401920e+02,1.880136452241715403e+02,2.652553606237816552e+02
1.235551128818061102e+02,2.272682602921646549e+02,1.889434697855750471e+02,2.652807017543859729e+02
1.227314814814814810e+02,2.277248677248677211e+02,1.897563352826510652e+02,2.654191033138401394e+02
1.217575757575757507e+02,2.284690382081686266e+02,1.905224171539960878e+02,2.654327485380117082e+02
1.204574616457461644e+02,2.291115760111575810e+02,1.915568627450980159e+02,2.654431372549019557e+02
1.198218623481781435e+02,2.294858299595141773e+02,1.931305220883533877e+02,2.654236947791164312e+02
1.189929971988795501e+02,2.299341736694677536e+02,1.923278084714548584e+02,2.654585635359115940e+02
1.182710765239948074e+02,2.303411154345006366e+02,1.946476190476190311e+02,2.654228571428571399e+02
1.177104247104247037e+02,2.305984555984555868e+02,1.958587570621468785e+02,2.653954802259887060e+02
1.166126855600539756e+02,2.315519568151146927e+02,1.970020202020201907e+02,2.654787878787878981e+02
1.159676511954992861e+02,2.319465541490857845e+02,1.982369942196531838e+02,2.653815028901734081e+02
1.153491436100131722e+02,2.324005270092226283e+02,1.991200000000000045e+02,2.653828571428571195e+02
1.143248945147679336e+02,2.332362869198312296e+02,2.002137254901960546e+02,2.653980392156862536e+02
1.143895747599451198e+02,2.332331961591220875e+02,2.009853479853479712e+02,2.654047619047618696e+02
1.139301994301994227e+02,2.339928774928774828e+02,2.022896825396825307e+02,2.653888888888888573e+02
1.136178160919540119e+02,2.345488505747126169e+02,2.030581395348837077e+02,2.653624031007751682e+02
1.133689064558629696e+02,2.345902503293807513e+02,2.039871794871794748e+02,2.652985347985347744e+02
1.129652173913043498e+02,2.353159420289854893e+02,2.051886446886446720e+02,2.653040293040292568e+02
1.129327846364883357e+02,2.364828532235939349e+02,2.056108007448789294e+02,2.653687150837988611e+02
1.126855072463768010e+02,2.375463768115942003e+02,2.068901515151515014e+02,2.653541666666666288e+02
1.125687943262411181e+02,2.378879432624113406e+02,2.078851851851851507e+02,2.653629629629629108e+02
1.125455904334828006e+02,2.390553064275037229e+02,2.087419962335216326e+02,2.653559322033898411e+02
1.122746781115879884e+02,2.396280400572245810e+02,2.092482269503545922e+02,2.653209219858155734e+02
1.123730496453900543e+02,2.398312056737588307e+02,2.102896825396825307e+02,2.652063492063492163e+02
1.123333333333333286e+02,2.414766214177978725e+02,2.116405959031657176e+02,2.649739292364990320e+02
1.122198879551820738e+02,2.414313725490195850e+02,2.122625698324022210e+02,2.650316573556796698e+02
1.122002861230328961e+02,2.421559370529327282e+02,2.125214152700185934e+02,2.650335195530726082e+02
1.122222222222222285e+02,2.426780626780626733e+02,2.137878787878787818e+02,2.646262626262625872e+02
1.121859799713876953e+02,2.429284692417739393e+02,2.147878787878787818e+02,2.646262626262625872e+02
1.122102351313969422e+02,2.433983402489626542e+02,2.151717171717171482e+02,2.645414141414141227e+02
1.120932203389830448e+02,2.435706214689265323e+02,2.156035502958579855e+02,2.645877712031557962e+02
1.120836820083681999e+02,2.437587168758716700e+02,2.169796747967479575e+02,2.645772357723577102e+02
1.121867219917012477e+02,2.445311203319502056e+02,2.171999999999999886e+02,2.646080808080807856e+02
1.122062146892655221e+02,2.447994350282485811e+02,2.179801587301587062e+02,2.645277777777777715e+02
1.124574616457461644e+02,2.453640167364016804e+02,2.188862745098039113e+02,2.644450980392156794e+02
1.127112010796221284e+02,2.458191632928474917e+02,2.192827715355805083e+02,2.644681647940074640e+02
1.128786666666666605e+02,2.461800000000000068e+02,2.194198895027624303e+02,2.644475138121546820e+02
1.131680107526881613e+02,2.465524193548387188e+02,2.205430711610486867e+02,2.644456928838951058e+02
1.139338422391857364e+02,2.471628498727735348e+02,2.204592592592592553e+02,2.644351851851851620e+02
1.143805668016194375e+02,2.476599190283400844e+02,2.215736434108526964e+02,2.638643410852712918e+02
1.149486166007905155e+02,2.481897233201580946e+02,2.226107784431137588e+02,2.638642714570858061e+02
1.153095238095238102e+02,2.485158730158730123e+02,2.226482504604051371e+02,2.640681399631675390e+02
1.157604166666666572e+02,2.488333333333333144e+02,2.233108614232209561e+02,2.641067415730337302e+02
1.165234567901234470e+02,2.495839506172839037e+02,2.237914230019492834e+02,2.640896686159843512e+02
1.169658792650918571e+02,2.497716535433070817e+02,2.245038759689922472e+02,2.640155038759689887e+02
1.176980874316939776e+02,2.501994535519125691e+02,2.249771428571428658e+02,2.639942857142856951e+02
1.179867197875165914e+02,2.504090305444887008e+02,2.255210727969348454e+02,2.641264367816091863e+02
1.187415730337078656e+02,2.507877652933832451e+02,2.255093632958801493e+02,2.640786516853932540e+02
1.198358974358974365e+02,2.514833333333333201e+02,2.257686274509803752e+02,2.640588235294117680e+02
1.206831275720164598e+02,2.518449931412894216e+02,2.264531835205992252e+02,2.639962546816479403e+02
1.213877551020408134e+02,2.521197278911564297e+02,2.273942857142857008e+02,2.640342857142857156e+02
1.216772908366533841e+02,2.523120849933598606e+02,2.273757225433525946e+02,2.640057803468208135e+02
1.226980874316939776e+02,2.526584699453551934e+02,2.273757225433525946e+02,2.640057803468208135e+02
1.237983539094650212e+02,2.532688614540466290e+02,nan,nan
1.246338797814207595e+02,2.535396174863387841e+02,2.282774566473988500e+02,2.642543352601156244e+02
1.251494708994708844e+02,2.537764550264550110e+02,2.284277456647398878e+02,2.642774566473988216e+02
1.259786666666666548e+02,2.538226666666666631e+02,2.284277456647398878e+02,2.642774566473988216e+02
1.269047619047618980e+02,2.540462962962962763e+02,2.287446393762182879e+02,2.641832358674463421e+02
1.279853917662682505e+02,2.541115537848605470e+02,2.289301397205588557e+02,2.641876247504989692e+02
1.300609929078014204e+02,2.541815602836879293e+02,2.295202312138728189e+02,2.642543352601156244e+02
1.303684950773558455e+02,2.542419127988748073e+02,2.296590476190475840e+02,2.643028571428571354e+02
1.316022889842632253e+02,2.541673819742489400e+02,2.297085714285714175e+02,2.642857142857142776e+02
1.317254901960784252e+02,2.542156862745097783e+02,2.301037037037037010e+02,2.642703703703703582e+02
1.329217391304347871e+02,2.541086956521739069e+02,2.305387596899224718e+02,2.642480620155038764e+02
1.338461538461538396e+02,2.540811965811965933e+02,2.310396825396825307e+02,2.641607142857142776e+02
1.347946554149085614e+02,2.539690576652601806e+02,2.309450980392156794e+02,2.641627450980391814e+02
1.355276595744680890e+02,2.538156028368794352e+02,2.309450980392156794e+02,2.641627450980391814e+02
1.362236286919831230e+02,2.536680731364275516e+02,2.312662601626016112e+02,2.641686991869918302e+02
1.367942386831275599e+02,2.535198902606309730e+02,2.312662601626016112e+02,2.641686991869918302e+02
1.388326118326118319e+02,2.528528138528138527e+02,2.313002070393374368e+02,2.641387163561076363e+02
1.390013717421124682e+02,2.530973936899862622e+02,2.313498964803312390e+02,2.641884057971014386e+02
1.395628415300546123e+02,2.527418032786885362e+02,nan,nan
1.403578811369508799e+02,2.523385012919896440e+02,nan,nan
1.411512717536813852e+02,2.517858099062918313e+02,2.317658730158730123e+02,2.641111111111110858e+02
1.420882740447957531e+02,2.513083003952569072e+02,2.323850931677018536e+02,2.640372670807453233e+02
1.430080971659918987e+02,2.506680161943319831e+02,nan,nan
1.439092140921408998e+02,2.499932249322492908e+02,2.324349593495934698e+02,2.640589430894308975e+02
1.442262382864792301e+02,2.497001338688085355e+02,2.323180076628352140e+02,2.640862068965517437e+02
1.445606060606060623e+02,2.493746556473829230e+02,2.326089385474860194e+02,2.638510242085660593e+02
1.458649789029535953e+02,2.485232067510548575e+02,2.331616766467065816e+02,2.634770459081836407e+02
1.460157480314960594e+02,2.485118110236220446e+02,2.331065891472867975e+02,2.636375968992247749e+02
1.466798941798941485e+02,2.481957671957671892e+02,2.330725490196078056e+02,2.636156862745098124e+02
1.468997289972899409e+02,2.479281842818427890e+02,2.329717514124293700e+02,2.634256120527306848e+02
1.476201859229747697e+02,2.474289508632137995e+02,2.328424908424908040e+02,2.630695970695970800e+02
1.484457671957671892e+02,2.465251322751322505e+02,2.329513108614231953e+02,2.623651685393258504e+02
1.487148437500000000e+02,2.466250000000000000e+02,2.328399246704331347e+02,2.623728813559321793e+02
1.490826873385012732e+02,2.462390180878552997e+02,2.329505494505494596e+02,2.621959706959706864e+02
1.495142857142857054e+02,2.459360544217686879e+02,2.330588235294117680e+02,2.617392156862745196e+02
1.502815405046480635e+02,2.450345285524568339e+02,2.336206896551724128e+02,2.612624521072796711e+02
1.507800829875518787e+02,2.446639004149377570e+02,2.338534136546184641e+02,2.605662650602409371e+02
1.510111111111110915e+02,2.444902777777777771e+02,2.338455284552845512e+02,2.605670731707317032e+02
1.514873837981407405e+02,2.439694555112881744e+02,2.337740112994350170e+02,2.603446327683615777e+02
1.516066666666666549e+02,2.439879999999999995e+02,2.339573643410852526e+02,2.603003875968992133e+02
1.521181102362204740e+02,2.435354330708661337e+02,2.340573476702508913e+02,2.600501792114695263e+02
1.527863945578231153e+02,2.427292517006802655e+02,2.344689265536723042e+02,2.594896421845573968e+02
1.531179698216735119e+02,2.425226337448559661e+02,2.346243093922651894e+02,2.592688766114180225e+02
1.532314814814814667e+02,2.425013227513227321e+02,2.346243093922651894e+02,2.592688766114180225e+02
1.538502604166666572e+02,2.416901041666666572e+02,2.348762475049900047e+02,2.587065868263472908e+02
1.537506361323155204e+02,2.421450381679389352e+02,2.347212475633527902e+02,2.588479532163742647e+02
1.544842249657064315e+02,2.411481481481481524e+02,2.355838041431261445e+02,2.580395480225988649e+02
1.548247694334650646e+02,2.408919631093544069e+02,2.353257142857142981e+02,2.579523809523809632e+02
1.549210884353741449e+02,2.407809523809523569e+02,2.356747967479674628e+02,2.576605691056910246e+02
1.547751633986927970e+02,2.410875816993463729e+02,2.360451977401129966e+02,2.572146892655367196e+02
1.554712182061579426e+02,2.403627844712181911e+02,2.361996124031007582e+02,2.570310077519379774e+02
1.560977242302543289e+02,2.394993306559571522e+02,2.364431372549019272e+02,2.568588235294117794e+02
1.561951219512195053e+02,2.395514905149051401e+02,2.367685185185185048e+02,2.563500000000000227e+02
1.561951219512195053e+02,2.395514905149051401e+02,2.367685185185185048e+02,2.563500000000000227e+02
1.567237715803452716e+02,2.388472775564409005e+02,2.368957055214723937e+02,2.561574642126789172e+02
1.566839309428950742e+02,2.389428950863213856e+02,2.374843462246776937e+02,2.555893186003683013e+02
1.571983471074380248e+02,2.384504132231404867e+02,2.377716390423572648e+02,2.552504604051565025e+02
1.568272108843537183e+02,2.385047619047618923e+02,2.378445692883894935e+02,2.552134831460674036e+02
1.567520325203252014e+02,2.385000000000000000e+02,2.379109848484848158e+02,2.550625000000000000e+02
1.568036890645585970e+02,2.379762845849802488e+02,2.380478927203064927e+02,2.546896551724137794e+02
1.568661616161616053e+02,2.376186868686868365e+02,2.382574850299401135e+02,2.545369261477045768e+02
1.569372549019607845e+02,2.372562091503267823e+02,2.392331288343558242e+02,2.532740286298568435e+02
1.569241830065359409e+02,2.363647058823529505e+02,2.396325757575757223e+02,2.529715909090909065e+02
1.569210174029450968e+02,2.358955823293172784e+02,2.396325757575757223e+02,2.529715909090909065e+02
1.569391534391534435e+02,2.355370370370370097e+02,2.397734082397003590e+02,2.526086142322097032e+02
1.569073359073359200e+02,2.353075933075932937e+02,2.400658914728682021e+02,2.523488372093023315e+02
1.565700680272108798e+02,2.339047619047618980e+02,2.403473053892215603e+02,2.520059880239520851e+02
1.565798212005108496e+02,2.338186462324393347e+02,2.407784313725489937e+02,2.517823529411764696e+02
1.562661290322580783e+02,2.325174731182795540e+02,2.407784313725489937e+02,2.517823529411764696e+02
1.561415701415701278e+02,2.325971685971685758e+02,2.407085714285714175e+02,2.519333333333333087e+02
1.562049286640726109e+02,2.325992217898832735e+02,2.408062015503875841e+02,2.515310077519379490e+02
1.558539176626825906e+02,2.317968127490039763e+02,2.413447619047618673e+02,2.509219047619047274e+02
1.558151147098515423e+02,2.315411605937921706e+02,2.411705882352941046e+02,2.513686274509803695e+02
1.553595800524934134e+02,2.306784776902887018e+02,2.412380952380952408e+02,2.513015873015872899e+02
1.554851994851994732e+02,2.306512226512226391e+02,2.412794411177644633e+02,2.513053892215568794e+02
1.551412213740458128e+02,2.297048346055979664e+02,2.413353057199210809e+02,2.512248520710059267e+02
1.547069892473118102e+02,2.289018817204301115e+02,2.413943089430894133e+02,2.510813008130081130e+02
1.545823605706873991e+02,2.287470817120622542e+02,2.417435897435897232e+02,2.508076923076923208e+02
1.542749675745784543e+02,2.281517509727626418e+02,2.417435897435897232e+02,2.508076923076923208e+02
1.536794380587483886e+02,2.271596424010216992e+02,2.417661141804788087e+02,2.507974217311233645e+02
1.536705426356589044e+02,2.271317829457364326e+02,2.417661141804788087e+02,2.507974217311233645e+02
1.529360902255639019e+02,2.259887218045112718e+02,2.425891472868216852e+02,2.497325581395348877e+02
1.526554726368159152e+02,2.257611940298507420e+02,2.423054003724394647e+02,2.502998137802607062e+02
1.523175757575757530e+02,2.252848484848484532e+02,2.423111111111111029e+02,2.502611111111111200e+02
1.515924528301886767e+02,2.246968553459119278e+02,2.427153558052434050e+02,2.499176029962546579e+02
1.513623188405797180e+02,2.242886473429951479e+02,2.430200803212851213e+02,2.496044176706826931e+02
1.501299212598425186e+02,2.231181102362204740e+02,2.430994152046783654e+02,2.493255360623781485e+02
1.498880208333333144e+02,2.229153645833333144e+02,2.432495009980039811e+02,2.492854291417165484e+02
1.499606299212598515e+02,2.226522309711286027e+02,2.433662790697674438e+02,2.492558139534883708e+02
1.487995079950799493e+02,2.218450184501845115e+02,2.434218106995884341e+02,2.491995884773662340e+02
1.481587301587301511e+02,2.211575091575091676e+02,2.436666666666666572e+02,2.488304093567251414e+02
1.473598484848484986e+02,2.204393939393939377e+02,2.439860279441117541e+02,2.479600798403193380e+02
1.466500638569604007e+02,2.197905491698595029e+02,2.440447154471544309e+02,2.480792682926829400e+02
1.459611780455153678e+02,2.194069611780454920e+02,2.440447154471544309e+02,2.480792682926829400e+02
1.453893129770992232e+02,2.188435114503816692e+02,2.440447154471544309e+02,2.480792682926829400e+02
1.447020202020201793e+02,2.182032828282828234e+02,nan,nan
1.436807151979565731e+02,2.174942528735632266e+02,2.448313725490195907e+02,2.469862745098039056e+02
1.432327044025157079e+02,2.170578616352201209e+02,2.447880539499036274e+02,2.468034682080924824e+02
1.428123456790123385e+02,2.167765432098765359e+02,2.449772727272727195e+02,2.465378787878787818e+02
1.418217948717948502e+02,2.159692307692307622e+02,2.449835164835164960e+02,2.464652014652014600e+02
1.411931216931216966e+02,2.153412698412698489e+02,2.453258003766478339e+02,2.460866290018832103e+02
1.407061068702290072e+02,2.151246819338422256e+02,2.452729044834307786e+02,2.455750487329434293e+02
1.398176100628930669e+02,2.143496855345911740e+02,2.455404896421845535e+02,2.454595103578154180e+02
1.391408268733849809e+02,2.137209302325581461e+02,2.458213627992633405e+02,2.449631675874769599e+02
1.385076335877862732e+02,2.130547073791348396e+02,2.462162698412698205e+02,2.444702380952381020e+02
1.379015748031496003e+02,2.125931758530183515e+02,2.462162698412698205e+02,2.444702380952381020e+02
1.372851562500000000e+02,2.120585937500000000e+02,2.466543209876543301e+02,2.435308641975308603e+02
1.366512226512226391e+02,2.117155727155727050e+02,2.468217054263565728e+02,2.432848837209302246e+02
1.359739583333333144e+02,2.112070312500000000e+02,2.467401129943502838e+02,2.435404896421845535e+02
1.353976377952755854e+02,2.106023622047244146e+02,2.471372549019607447e+02,2.424705882352941160e+02
1.348078431372549062e+02,2.101032679738561910e+02,2.473102119460500887e+02,2.424778420038535387e+02
1.339974160206718068e+02,2.094444444444444287e+02,2.478639053254437954e+02,2.419033530571991832e+02
1.332722646310432424e+02,2.089223918575063408e+02,2.480277777777777715e+02,2.415555555555555429e+02
1.328148148148148096e+02,2.085453384418901521e+02,2.480637522768670067e+02,2.414608378870673562e+02
1.323886693017127527e+02,2.081133069828721887e+02,2.479946236559139834e+02,2.415519713261648747e+02
1.316389937106918069e+02,2.076176100628930783e+02,2.486723809523809336e+02,2.403904761904761642e+02
1.306433470507544428e+02,2.068285322359396332e+02,2.491388888888888573e+02,2.398551587301587062e+02
1.302734375000000000e+02,2.065351562500000000e+02,2.491776447105788179e+02,2.397445109780438770e+02
1.288989071038251382e+02,2.053961748633879552e+02,2.492169625246548321e+02,2.397475345167652563e+02
1.288268733850129024e+02,2.051963824289405522e+02,2.495357142857142776e+02,2.391884920634920491e+02
1.282354497354497198e+02,2.047222222222222285e+02,nan,nan
1.275066137566137456e+02,2.041732804232804028e+02,2.500313725490195793e+02,2.386411764705882490e+02
1.266493333333333311e+02,2.033906666666666467e+02,2.502923976608187218e+02,2.383879142300194758e+02
1.261111111111110858e+02,2.030101010101010104e+02,2.508065134099616671e+02,2.377624521072796711e+02
1.257067183462532256e+02,2.025568475452196253e+02,2.508074074074073678e+02,2.376388888888888857e+02
1.250656565656565533e+02,2.022260101010101039e+02,2.507523809523809462e+02,2.371847619047618707e+02
1.244147869674185216e+02,2.015162907268170329e+02,2.509352380952380770e+02,2.368323809523809302e+02
1.237164750957854409e+02,2.010561941251596352e+02,2.511841620626150871e+02,2.365156537753222494e+02
1.233216145833333286e+02,2.005520833333333144e+02,2.513776595744680833e+02,2.365780141843971478e+02
1.225338541666666572e+02,2.000703125000000000e+02,2.515659340659340728e+02,2.360494505494505404e+02
1.223635220125786134e+02,1.997761006289308057e+02,2.516469534050178822e+02,2.357939068100358213e+02
1.213512396694214885e+02,1.984903581267217589e+02,2.519352380952380770e+02,2.352533333333333019e+02
1.210789115646258409e+02,1.976952380952380679e+02,2.521726907630522021e+02,2.346686746987951722e+02
1.209146341463414700e+02,1.971856368563685464e+02,2.522981366459627282e+02,2.343561076604554501e+02
1.205488621151271644e+02,1.967737617135207415e+02,2.524249084249084092e+02,2.343516483516483504e+02
1.200337552742616083e+02,1.953023909985935234e+02,2.526986027944111584e+02,2.338283433133732103e+02
1.199314516129032313e+02,1.948965053763440665e+02,nan,nan
1.197527322404371546e+02,1.945259562841529828e+02,2.529638554216867590e+02,2.330823293172690569e+02
1.194953519256307999e+02,1.936002656042496710e+02,2.530644567219152634e+02,2.329023941068139720e+02
1.193884297520661164e+02,1.930757575757575637e+02,2.531910112359550453e+02,2.327921348314606860e+02
1.192447089947089864e+02,1.924973544973544790e+02,2.533618538324420513e+02,2.324581105169340276e+02
1.188933333333333309e+02,1.914829629629629437e+02,2.537796610169491487e+02,2.316516007532956394e+02
1.188206214689265465e+02,1.913050847457627128e+02,2.537859848484848158e+02,2.314924242424242209e+02
1.187144866385372666e+02,1.907412095639943743e+02,2.538563218390804650e+02,2.314061302681992061e+02
1.186624472573839597e+02,1.902095639943741219e+02,2.542481060606060339e+02,2.306022727272727195e+02
1.186233062330623227e+02,1.904932249322492908e+02,2.541675977653631264e+02,2.307560521415269648e+02
1.184022988505747094e+02,1.889741379310344769e+02,2.549889502762430880e+02,2.297605893186003527e+02
1.182109704641350163e+02,1.884205344585091382e+02,2.547959927140254877e+02,2.296047358834243823e+02
1.181476964769647680e+02,1.884891598915988880e+02,2.548584729981377848e+02,2.294674115456238326e+02
1.181284153005464361e+02,1.876885245901639223e+02,2.552398589065255408e+02,2.289206349206349103e+02
1.180212765957446805e+02,1.868510638297872219e+02,2.555952380952381020e+02,2.281944444444444287e+02
1.180207407407407345e+02,1.862385185185185037e+02,2.561893491124260436e+02,2.272386587771202926e+02
1.179860529986052882e+02,1.859776847977684611e+02,2.562514285714285620e+02,2.269409523809523535e+02
1.179228758169934537e+02,1.855045751633986697e+02,2.562832369942196351e+02,2.269518304431599063e+02
1.178739837398373993e+02,1.848021680216801883e+02,2.565267034990791899e+02,2.262228360957642508e+02
1.178061088977423623e+02,1.835166002656042394e+02,2.565054347826086882e+02,2.261739130434782510e+02
1.177641242937853008e+02,1.826285310734463110e+02,2.571472868217053929e+02,2.250213178294573595e+02
1.176962962962962820e+02,1.814696296296296225e+02,2.572636534839924707e+02,2.248945386064029890e+02
1.176680790960451901e+02,1.812937853107344495e+02,2.571129326047358745e+02,2.250510018214935997e+02
1.177035519125683010e+02,1.801038251366119880e+02,2.578021978021977816e+02,2.237838827838827740e+02
1.177029569892473120e+02,1.798709677419354875e+02,2.578932584269662698e+02,2.235880149812734032e+02
1.177821637426900594e+02,1.779576023391812782e+02,2.580666666666666629e+02,2.229981481481481467e+02
1.176214689265536606e+02,1.777853107344632519e+02,2.584593023255814046e+02,2.225600775193798029e+02
1.176422413793103487e+02,1.764870689655172384e+02,2.588051001821493173e+02,2.221530054644808843e+02
1.176524822695035368e+02,1.757304964539007130e+02,2.588305709023940722e+02,2.216906077348066333e+02
1.175860215053763369e+02,1.748642473118279383e+02,2.591141804788213676e+02,2.210184162062614917e+02
1.175499351491569371e+02,1.741906614785992247e+02,2.595166666666666515e+02,2.203759259259259125e+02
1.176922043010752645e+02,1.728279569892472978e+02,2.595418894830659156e+02,2.203903743315507882e+02
1.177203856749311228e+02,1.720798898071625160e+02,2.596390423572743771e+02,2.201786372007366310e+02
1.177231404958677672e+02,1.716198347107437883e+02,2.600902777777777715e+02,2.196232638888888857e+02
1.180663780663780642e+02,1.702669552669552502e+02,2.601153846153846416e+02,2.191630036630036500e+02
1.181966966966966908e+02,1.693978978978978773e+02,2.605952380952380736e+02,2.181630036630036500e+02
1.183757062146892594e+02,1.684378531073446084e+02,2.609809523809523739e+02,2.175847619047618764e+02
1.184486638537271403e+02,1.681772151898734080e+02,2.609768270944741175e+02,2.177664884135472221e+02
1.189184549356223215e+02,1.665236051502145926e+02,2.614347826086956275e+02,2.169945652173913118e+02
1.190028129395217888e+02,1.661392405063291164e+02,2.614516129032257936e+02,2.167186379928315318e+02
1.195393939393939320e+02,1.645969696969696656e+02,2.618370786516853741e+02,2.159044943820224773e+02
1.194558404558404447e+02,1.646581196581196593e+02,2.620998116760828225e+02,2.153992467043314321e+02
1.195472222222222172e+02,1.641763888888888800e+02,2.621325757575757507e+02,2.153465909090909065e+02
1.200909090909090935e+02,1.628787878787878753e+02,2.628018518518518363e+02,2.147333333333333201e+02
1.202457757296466951e+02,1.622043010752688019e+02,2.628305400372439067e+02,2.145549348230912301e+02
1.204666666666666544e+02,1.616465116279069889e+02,2.634673913043478137e+02,2.136231884057970944e+02
1.206994301994301821e+02,1.611652421652421481e+02,2.635264116575591515e+02,2.135482695810564451e+02
1.208888888888888715e+02,1.605204678362572963e+02,2.636505376344085789e+02,2.134551971326164619e+02
1.212317596566523576e+02,1.597653791130185823e+02,2.642335115864527779e+02,2.126541889483065688e+02
1.213914246196403752e+02,1.591424619640387164e+02,2.641059027777777715e+02,2.128906250000000000e+02
1.217019774011299376e+02,1.582994350282485811e+02,2.648234234234233782e+02,2.118180180180179946e+02
1.220579096045197645e+02,1.577443502824858683e+02,2.648000000000000114e+02,2.118087719298245588e+02
1.223010279001468348e+02,1.572966226138032084e+02,2.648000000000000114e+02,2.118087719298245588e+02
1.225416666666666572e+02,1.565632183908045931e+02,2.653596491228070136e+02,2.108526315789473813e+02
1.228140200286122905e+02,1.558941344778254461e+02,2.655434782608695627e+02,2.106340579710144709e+02
1.229377593360995888e+02,1.556168741355463112e+02,2.659365942028985046e+02,2.100489130434782510e+02
1.232094017094017033e+02,1.546396011396011261e+02,2.663806818181818130e+02,2.096022727272727195e+02
1.236167341430499249e+02,1.541673414304993059e+02,2.662967032967032992e+02,2.097637362637362628e+02
1.238375706214689131e+02,1.534307909604519580e+02,2.666090090090090143e+02,2.089747747747747439e+02
1.238839285714285694e+02,1.526815476190476204e+02,2.665873873873873663e+02,2.090072072072071876e+02
1.240528634361233458e+02,1.509471365638766542e+02,2.672923649906890091e+02,2.078752327746740889e+02
1.240818713450292279e+02,1.508187134502923925e+02,2.677247191011235827e+02,2.074082397003745086e+02
1.241428571428571388e+02,1.504173669467786851e+02,2.676504504504504212e+02,2.071153153153152857e+02
1.241239669421487548e+02,1.497079889807162374e+02,2.677197802197802048e+02,2.067344322344322336e+02
1.242578347578347575e+02,1.485356125356125290e+02,2.681226053639846327e+02,2.056015325670497873e+02
1.242829629629629551e+02,1.464074074074073906e+02,2.682714025500910680e+02,2.051165755919853950e+02
1.243333333333333286e+02,1.460028612303290174e+02,2.685047619047618923e+02,2.046285714285714334e+02
1.243980309423347279e+02,1.453066104078762066e+02,2.687372134038800482e+02,2.044462081128747570e+02
1.243692946058091309e+02,1.443264177040110496e+02,2.690543071161048374e+02,2.036928838951310468e+02
1.243988603988603927e+02,1.426410256410256352e+02,2.691806331471135536e+02,2.033631284916201025e+02
1.243128654970760181e+02,1.412719298245613970e+02,2.694495238095237823e+02,2.028285714285714221e+02
1.242420289855072326e+02,1.399753623188405811e+02,2.697243947858472666e+02,2.022290502793296127e+02
1.242608089260808839e+02,1.390822873082287288e+02,2.698777777777777942e+02,2.021592592592592439e+02
1.242798353909465021e+02,1.384183813443072495e+02,2.701692844677137373e+02,2.015602094240837800e+02
1.241233480176211401e+02,1.368399412628487539e+02,2.704010989010989192e+02,2.008699633699633296e+02
1.240756302521008365e+02,1.357997198879551775e+02,2.707185628742515178e+02,2.001536926147704492e+02
1.239815602836879265e+02,1.344836879432623959e+02,2.707308377896612797e+02,1.999304812834224663e+02
1.240323488045006997e+02,1.337158931082981610e+02,2.712011494252873831e+02,1.990593869731800396e+02
1.239825970548861989e+02,1.331472556894243553e+02,2.712349397590361377e+02,1.981606425702811123e+02
1.236113537117903860e+02,1.308893740902474292e+02,2.706505376344085789e+02,1.977885304659498047e+02
1.236322314049586737e+02,1.304476584022038423e+02,2.702157996146435153e+02,1.965491329479768865e+02
1.235507868383404855e+02,1.291273247496423267e+02,2.697703252032520140e+02,1.958739837398373993e+02
1.234937238493723868e+02,1.287099023709902212e+02,2.697344961240309544e+02,1.954612403100774998e+02
1.233985815602836738e+02,1.277304964539006988e+02,2.692540650406504028e+02,1.941483739837398161e+02
1.233039647577092524e+02,1.265624082232011602e+02,2.692540650406504028e+02,1.941483739837398161e+02
1.231406469760900109e+02,1.257088607594936747e+02,2.690473372781065109e+02,1.926745562130177518e+02
1.230470085470085451e+02,1.246296296296296191e+02,2.687980392156862877e+02,1.921490196078431438e+02
1.229890260631001269e+02,1.241961591220850352e+02,2.686722846441947468e+02,1.914794007490636432e+02
1.228333333333333286e+02,1.231989247311827853e+02,2.687276190476190436e+02,1.907599999999999909e+02
1.227432795698924650e+02,1.225013440860215042e+02,2.682189349112426271e+02,1.894319526627218977e+02
1.226039051603905108e+02,1.211464435146443464e+02,2.681964285714285552e+02,1.889603174603174409e+02
1.224187327823691476e+02,1.202369146005509606e+02,2.678323809523809587e+02,1.881200000000000045e+02
1.223688524590163951e+02,1.193456284153005384e+02,2.678324125230202526e+02,1.877790055248618728e+02
1.223305322128851458e+02,1.190252100840336169e+02,2.677816091954023250e+02,1.870996168582375390e+02
1.220968660968660799e+02,1.175641025641025692e+02,2.674810606060605664e+02,1.863712121212120962e+02
1.218545197740112940e+02,1.162768361581920828e+02,2.674219653179191027e+02,1.856184971098265919e+02
1.218136482939632401e+02,1.160629921259842519e+02,2.669061876247504870e+02,1.848023952095808511e+02
1.217513661202185773e+02,1.151065573770491852e+02,2.667476979742172603e+02,1.843149171270718227e+02
1.216957671957671892e+02,1.146507936507936449e+02,2.666884057971014386e+02,1.841159420289854722e+02
1.213539094650205783e+02,1.132825788751714526e+02,2.665096899224806180e+02,1.830368217054263482e+02
1.211285310734463252e+02,1.115141242937853008e+02,2.660936329588014928e+02,1.817546816479400604e+02
1.210000000000000000e+02,1.107099023709902212e+02,2.659742173112338719e+02,1.816813996316758448e+02
1.208030942334739706e+02,1.095386779184247388e+02,2.658000000000000114e+02,1.813140350877192759e+02
1.207777777777777715e+02,1.089277777777777629e+02,2.655543478260869392e+02,1.805199275362318758e+02
1.206312925170067984e+02,1.078312925170067871e+02,2.654157509157508912e+02,1.801721611721611396e+02
1.203319148936170251e+02,1.069687943262411238e+02,2.651695568400770640e+02,1.792947976878612621e+02
1.202314049586776861e+02,1.053484848484848442e+02,2.649865900383141479e+02,1.786283524904214630e+02
1.201965811965811923e+02,1.042735042735042725e+02,2.646609523809523807e+02,1.781828571428571308e+02
1.200815450643776785e+02,1.030643776824034319e+02,2.648295454545454390e+02,1.783276515151515014e+02
1.200196078431372513e+02,1.022366946778711423e+02,2.645626102292768564e+02,1.777795414462080998e+02
1.198597997138769671e+02,1.005307582260371788e+02,2.644135472370766138e+02,1.774759358288769988e+02
1.198277777777777686e+02,1.001638888888888772e+02,2.641527777777777715e+02,1.769670138888888857e+02
1.197651195499296648e+02,9.875386779184246677e+01,2.641000000000000227e+02,1.767192982456140271e+02
1.197465564738291874e+02,9.773278236914599404e+01,2.639879725085910422e+02,1.764707903780068534e+02
1.196507304116865811e+02,9.709163346613546253e+01,2.634941860465116292e+02,1.755310077519379774e+02
1.196763085399448983e+02,9.546005509641872777e+01,2.631085271317829211e+02,1.747538759689922472e+02
1.195477124183006481e+02,9.543790849673202104e+01,2.629509803921568505e+02,1.742156862745097783e+02
1.198502824858756952e+02,9.350141242937853292e+01,2.630361904761904270e+02,1.742971428571428589e+02
1.200125000000000028e+02,9.288194444444442865e+01,2.627495183044316036e+02,1.736493256262042451e+02
1.201119999999999948e+02,9.228666666666666174e+01,2.625274725274725256e+02,1.733058608058607888e+02
1.204484126984126959e+02,9.106216931216930277e+01,2.619942528735631981e+02,1.724406130268199036e+02
1.208837209302325562e+02,9.002583979328164787e+01,2.620558766859344928e+02,1.725394990366088450e+02
1.217121820615796537e+02,8.878045515394912002e+01,2.619044943820224489e+02,1.722397003745318216e+02
1.216918990703851193e+02,8.844887118193889819e+01,2.616890130353817199e+02,1.717374301675977790e+02
1.223053333333333228e+02,8.738133333333333042e+01,2.616487455197132590e+02,1.714139784946236489e+02
1.226392156862745111e+02,8.676078431372549460e+01,2.612490421455938190e+02,1.708505747126436916e+02
1.230794871794871739e+02,8.615256410256409936e+01,2.612854406130268217e+02,1.707969348659003685e+02
1.236815718157181436e+02,8.531978319783196696e+01,2.611072796934865892e+02,1.707049808429118514e+02
1.242737127371273687e+02,8.456639566395664076e+01,2.608875739644970508e+02,1.700512820512820440e+02
1.244498644986449705e+02,8.434417344173441222e+01,2.608574297188754940e+02,1.699477911646586392e+02
1.251559139784946098e+02,8.365994623655913642e+01,2.604859437751003952e+02,1.692931726907630434e+02
1.257613333333333259e+02,8.286933333333332996e+01,2.602272727272727479e+02,1.689412878787878753e+02
1.260485829959514206e+02,8.261943319838056254e+01,2.601447619047618787e+02,1.689085714285714346e+02
1.264986111111111029e+02,8.217638888888888005e+01,2.598333333333333144e+02,1.685882352941176521e+02
1.271375000000000028e+02,8.155277777777776294e+01,2.599108527131782580e+02,1.686782945736433987e+02
1.273879781420764914e+02,8.155191256830599400e+01,2.595767790262171957e+02,1.679044943820224773e+02
1.280013774104683080e+02,8.115702479338843034e+01,2.594588014981273432e+02,1.677172284644194633e+02
1.284265536723163734e+02,8.090819209039547388e+01,2.594203703703703354e+02,1.676370370370370324e+02
1.290850202429149931e+02,8.078812415654519441e+01,2.594600694444444002e+02,1.675885416666666572e+02
1.300940525587828347e+02,8.063070539419086913e+01,2.592324324324324607e+02,1.672180180180180002e+02
1.306087570621468785e+02,8.039548022598869181e+01,2.591516853932584468e+02,1.666104868913857615e+02
1.312861356932153285e+02,8.041002949852506276e+01,2.594082840236686138e+02,1.664516765285995916e+02
1.318693098384728160e+02,8.028046989720996862e+01,2.593134920634920491e+02,1.664107142857142776e+02
1.327097701149425291e+02,8.032758620689655515e+01,2.594152046783625565e+02,1.665808966861598321e+02
1.329239766081871323e+02,8.029239766081870755e+01,2.589879518072289102e+02,1.655401606425702710e+02
1.336276276276276178e+02,8.031081081081080697e+01,2.591288343558282463e+02,1.654928425357873039e+02
1.339152777777777601e+02,8.042777777777776294e+01,2.589428571428571217e+02,1.650819047619047524e+02
1.346439716312056589e+02,8.056312056737587568e+01,2.587972709551656862e+02,1.647738791423001885e+02
1.350226950354609983e+02,8.051773049645389335e+01,2.589085714285714062e+02,1.649676190476190527e+02
1.354365411436540967e+02,8.056345885634587489e+01,2.586920289855071928e+02,1.646467391304347814e+02
1.362151898734177280e+02,8.060337552742616651e+01,2.583370786516853741e+02,1.638820224719101191e+02
1.373703703703703525e+02,8.089185185185183968e+01,2.583313953488371908e+02,1.639360465116278931e+02
1.376580829756795481e+02,8.106294706723890897e+01,2.585634920634920491e+02,1.640317460317460245e+02
1.379907407407407334e+02,8.091798941798941769e+01,2.583901515151515014e+02,1.638939393939393767e+02
1.388946666666666658e+02,8.103333333333333144e+01,2.585634920634920491e+02,1.640317460317460245e+02
1.398354609929077697e+02,8.146808510638297207e+01,2.578794726930320280e+02,1.636403013182674044e+02
1.401610644257702916e+02,8.149719887955181719e+01,2.579891304347826235e+02,1.638097826086956559e+02
1.405577427821522178e+02,8.171128608923883974e+01,2.579055555555555657e+02,1.637111111111111086e+02
1.411417004048583124e+02,8.217948717948716819e+01,2.580056818181818130e+02,1.637386363636363740e+02
1.416424936386768252e+02,8.249872773536894499e+01,2.579740518962075839e+02,1.634211576846307423e+02
1.423125000000000000e+02,8.280078125000000000e+01,2.574171428571428351e+02,1.628076190476190277e+02
1.427709137709137508e+02,8.312097812097812266e+01,2.572887596899224718e+02,1.625290697674418539e+02
1.434015748031496003e+02,8.351574803149605941e+01,2.572543352601156244e+02,1.624296724470134734e+02
1.437867177522349778e+02,8.377650063856960116e+01,2.573274853801169684e+02,1.619785575048732937e+02
1.438468468468468302e+02,8.391377091377090380e+01,2.573595959595959357e+02,1.620383838383838224e+02
1.447125984251968589e+02,8.435433070866142202e+01,2.574361904761904611e+02,1.617104761904761858e+02
1.450762273901808612e+02,8.474547803617571162e+01,2.574235727440147343e+02,1.615193370165745819e+02
1.451200510855683206e+02,8.475351213282246476e+01,2.574651600753295497e+02,1.615480225988700624e+02
1.458352638352638166e+02,8.533719433719433312e+01,2.574384057971014386e+02,1.609456521739130324e+02
1.463578811369508799e+02,8.570025839793281364e+01,2.574981684981684680e+02,1.610164835164835040e+02
1.467928286852589679e+02,8.607968127490039478e+01,2.571980392156862649e+02,1.601392156862744969e+02
1.467316486161251419e+02,8.599277978339350170e+01,2.570704761904761426e+02,1.598361904761904668e+02
1.471705128205128119e+02,8.633333333333332860e+01,2.571712707182320514e+02,1.596924493554327853e+02
1.476086956521739069e+02,8.684321475625823439e+01,2.572753623188405641e+02,1.593913043478260931e+02
1.482592592592592382e+02,8.740343915343913750e+01,2.571220930232557862e+02,1.586724806201550280e+02
1.486613545816732938e+02,8.782337317397077925e+01,2.569010101010100584e+02,1.576848484848484873e+02
1.490385126162018423e+02,8.841699867197874596e+01,2.569171717171716978e+02,1.576686868686868479e+02
1.492268326417703861e+02,8.850899031811893281e+01,2.568731060606060623e+02,1.572329545454545325e+02
1.498024193548387188e+02,8.920967741935483275e+01,2.568731060606060623e+02,1.572329545454545325e+02
1.500894308943089470e+02,8.994037940379404006e+01,2.568945386064029890e+02,1.562561205273069618e+02
1.498271092669432676e+02,9.015767634854772439e+01,2.567445109780438770e+02,1.557485029940119716e+02
1.498600823045267418e+02,9.097119341563785611e+01,2.568214285714285552e+02,1.555376984126984041e+02
1.498155467720685010e+02,9.116205533596837540e+01,2.568832391713747256e+02,1.552109227871939652e+02
1.498263090676883564e+02,9.136909323116219639e+01,2.568448275862069181e+02,1.545038314176244967e+02
1.498259705488621023e+02,9.263052208835341617e+01,2.570180722891566347e+02,1.541305220883533877e+02
1.497602996254681784e+02,9.289263420724094544e+01,2.567750511247443228e+02,1.529570552147239368e+02
1.496135458167330796e+02,9.313944223107569087e+01,2.569406952965234723e+02,1.526687116564417295e+02
1.495508905852417172e+02,9.349491094147582260e+01,2.569308943089430954e+02,1.521930894308943039e+02
1.493462532299741383e+02,9.404909560723513096e+01,2.569940828402366719e+02,1.520177514792899274e+02
1.492442645074223719e+02,9.476518218623482426e+01,2.569664804469273918e+02,1.516275605214152620e+02
1.488650137741046535e+02,9.545454545454545325e+01,2.569250493096646437e+02,1.505266272189349195e+02
1.487595628415300268e+02,9.599453551912567661e+01,2.571097804391217210e+02,1.501217564870259480e+02
1.484163319946452475e+02,9.676840696117804441e+01,2.569792843691148505e+02,1.497005649717514189e+02
1.483584656084655933e+02,9.697486772486772111e+01,2.569980158730158450e+02,1.489563492063491879e+02
1.483098958333333144e+02,9.720572916666665719e+01,2.570000000000000000e+02,1.488922155688622695e+02
1.481244979919678713e+02,9.760240963855422081e+01,2.571807228915662904e+02,1.477449799196787126e+02
1.476414342629481951e+02,9.849136786188579151e+01,2.571932938856015767e+02,1.472603550295858099e+02
1.474414758269720096e+02,9.896055979643764999e+01,2.571732580037664775e+02,1.468323917137476258e+02
1.473529411764705799e+02,9.934117647058823763e+01,2.572354048964218123e+02,1.467062146892655505e+02
1.472471482889733920e+02,9.963117870722433622e+01,2.574071856287425248e+02,1.460099800399201513e+02
1.466969696969696884e+02,1.003162055335968432e+02,nan,nan
1.464966532797857894e+02,1.004002677376171278e+02,2.575357142857142776e+02,1.444801587301587062e+02
1.459426229508196684e+02,1.008866120218579141e+02,2.575499058380414112e+02,1.438305084745762770e+02
1.454839124839124622e+02,1.012548262548262556e+02,2.572727272727272521e+02,1.424424242424242379e+02
1.451691919191919169e+02,1.013787878787878753e+02,2.574016064257028233e+02,1.421244979919678428e+02
1.438796296296296191e+02,1.022486772486772395e+02,2.572795031055900381e+02,1.408322981366459601e+02
1.434510582010582027e+02,1.023611111111111143e+02,nan,nan
1.430544217687074706e+02,1.025809523809523824e+02,2.569810606060605664e+02,1.398143939393939377e+02
1.425073041168658392e+02,1.027543160690570971e+02,2.570054347826086882e+02,1.395072463768115938e+02
1.409610215053763227e+02,1.036075268817204176e+02,2.568707865168539115e+02,1.382378277153557917e+02
1.403134130146082157e+02,1.039243027888446278e+02,nan,nan
1.398163265306122582e+02,1.041061224489795904e+02,2.566489151873767014e+02,1.362366863905325545e+02
1.397249322493224781e+02,1.040203252032520282e+02,2.565823293172690569e+02,1.357851405622489835e+02
1.382430555555555429e+02,1.047069444444444315e+02,2.563333333333333144e+02,1.348252032520325088e+02
1.377450980392156623e+02,1.050574229691876695e+02,2.563254437869822482e+02,1.341597633136094601e+02
1.370453900709219681e+02,1.052865248226950285e+02,2.562115768463073664e+02,1.331796407185628652e+02
1.365928961748633697e+02,1.055000000000000000e+02,nan,nan
1.359813333333333105e+02,1.055986666666666594e+02,2.560922787193973136e+02,1.318380414312617575e+02
1.357302204928664082e+02,1.057548638132295764e+02,2.561534090909090651e+02,1.311666666666666572e+02
1.347371273712736865e+02,1.063983739837398304e+02,2.561639344262295026e+02,1.307704918032787020e+02
1.331385281385281303e+02,1.070043290043290085e+02,nan,nan
1.328410041841004272e+02,1.070850767085076711e+02,2.561288343558282463e+02,1.284539877300613568e+02
1.318893617021276725e+02,1.074184397163120508e+02,nan,nan
1.312040229885057556e+02,1.076508620689655231e+02,2.561576846307385154e+02,1.270479041916167660e+02
1.302700421940928379e+02,1.079929676511954995e+02,2.560736434108526964e+02,1.264631782945736234e+02
1.295407725321888393e+02,1.084191702432045616e+02,2.560918163672654373e+02,1.256726546906187565e+02
1.287905982905982967e+02,1.086396011396011261e+02,2.561098039215686413e+02,1.248745098039215549e+02
1.279865047233468118e+02,1.089716599190283404e+02,2.561392156862744969e+02,1.241019607843137180e+02
1.271006802721088320e+02,1.091401360544217596e+02,2.560992509363295540e+02,1.234794007490636574e+02
1.264808743169398895e+02,1.094371584699453450e+02,2.557449908925318596e+02,1.221748633879781352e+02
1.253682795698924650e+02,1.098897849462365457e+02,nan,nan
1.246182572614107897e+02,1.101562932226832601e+02,nan,nan
1.235734463276836124e+02,1.106045197740112940e+02,2.553859649122807127e+02,1.199629629629629477e+02
1.227330623306232980e+02,1.108726287262872461e+02,2.550450980392156737e+02,1.189019607843137152e+02
1.213260233918128534e+02,1.114108187134502828e+02,2.546707070707070670e+02,1.177575757575757507e+02
1.199543568464730328e+02,1.119211618257261449e+02,2.542476190476190254e+02,1.167657142857142816e+02
1.202321937321937213e+02,1.118917378917378755e+02,2.541447619047618787e+02,1.163199999999999932e+02
1.194763888888888772e+02,1.122444444444444400e+02,2.540896686159843796e+02,1.153274853801169542e+02
1.184186351706036646e+02,1.126758530183726918e+02,2.538870673952640971e+02,1.145628415300546408e+02
1.178255208333333286e+02,1.129322916666666572e+02,2.539189686924493401e+02,1.146537753222836074e+02
1.158753501400560140e+02,1.136316526610644217e+02,2.531423001949317495e+02,1.127914230019493118e+02
1.149388888888888829e+02,1.140694444444444287e+02,2.531399631675874389e+02,1.120736648250460377e+02
1.146080114449213028e+02,1.141845493562231724e+02,2.531573033707865079e+02,1.115711610486891203e+02
1.138062330623306195e+02,1.144159891598915948e+02,2.528670520231213743e+02,1.104277456647398878e+02
1.132639455782312865e+02,1.148204081632653129e+02,2.524376278118609207e+02,1.092576687116564358e+02
1.119097222222222143e+02,1.153750000000000000e+02,2.519529411764705742e+02,1.084078431372549005e+02
1.110262008733624413e+02,1.158864628820960689e+02,2.517883895131085978e+02,1.076928838951310752e+02
1.104644808743169335e+02,1.160505464480874309e+02,2.518506375227686647e+02,1.073715846994535497e+02
1.097901234567901270e+02,1.163840877914951903e+02,2.514388888888888971e+02,1.063870370370370182e+02
1.089275956284152898e+02,1.168756830601092815e+02,2.513666666666666742e+02,1.060129629629629591e+02
1.077866108786610937e+02,1.173305439330543862e+02,2.506337209302325562e+02,1.046259689922480476e+02
1.069721059972105905e+02,1.178172942817294171e+02,2.505652173913043441e+02,1.043677536231883920e+02
1.059190672153635120e+02,1.183264746227709168e+02,2.502389210019267409e+02,1.033545279383429545e+02
1.060584329349269552e+02,1.182390438247011986e+02,2.501228070175438631e+02,1.028713450292397624e+02
1.046566091954022966e+02,1.191364942528735469e+02,2.498025362318840337e+02,1.022572463768115938e+02
1.035128205128205110e+02,1.201353276353276271e+02,2.494335260115607014e+02,1.013892100192678214e+02
1.031862348178137694e+02,1.205802968960863666e+02,2.487686274509803752e+02,1.003450980392156708e+02
1.026450742240215845e+02,1.211268556005398125e+02,2.489247967479674628e+02,1.005406504065040565e+02
1.021167979002624548e+02,1.217703412073490767e+02,2.485416666666666572e+02,9.973369565217390686e+01
1.010000000000000000e+02,1.230927419354838719e+02,2.482449799196787126e+02,9.895783132530119985e+01
1.008452380952381020e+02,1.233716931216931130e+02,2.483731884057970944e+02,9.903079710144926651e+01
1.000382081686429387e+02,1.242200263504611257e+02,2.475000000000000000e+02,9.776779026217226942e+01
9.950492264416314470e+01,1.249915611814346050e+02,2.474040968342644078e+02,9.764245810055865604e+01
9.910476190476190084e+01,1.256734693877551052e+02,2.474040968342644078e+02,9.764245810055865604e+01
9.857068741893642994e+01,1.265045395590142618e+02,2.465096899224806180e+02,9.653488372093023884e+01
9.816263440860214473e+01,1.268696236559139692e+02,2.456626746506985910e+02,9.657884231536925768e+01
9.753665283540802022e+01,1.283347164591977787e+02,2.445772811918062928e+02,9.738919925512102793e+01
9.726180836707150945e+01,1.289635627530364275e+02,2.434980158730158450e+02,9.822420634920634086e+01
9.695238095238094900e+01,1.295211640211640258e+02,2.415098039215686185e+02,9.849803921568626208e+01
9.642592592592592382e+01,1.301097883597883538e+02,2.399686274509803638e+02,9.847450980392154918e+01
9.606989247311827285e+01,1.312204301075268802e+02,2.382725490196078226e+02,9.845490196078431211e+01
9.573029045643153268e+01,1.319917012448132709e+02,2.371851851851851620e+02,9.850877192982456165e+01
9.549269588313411816e+01,1.323280212483399509e+02,2.362904483430799019e+02,9.860233918128655262e+01
9.529497354497354422e+01,1.327843915343915171e+02,2.352936507936507553e+02,9.857539682539680825e+01
9.478749999999999432e+01,1.340277777777777715e+02,2.350325203252032225e+02,9.860162601626015544e+01
9.457201646090534553e+01,1.345102880658436106e+02,2.335349301397205295e+02,9.853293413173652482e+01
9.458133333333333326e+01,1.343373333333333051e+02,2.331269841269840981e+02,9.852777777777775725e+01
9.425836680053546957e+01,1.350575635876840579e+02,2.329959839357429416e+02,9.850401606425702994e+01
9.394331983805668074e+01,1.358636977058029629e+02,2.311130952380952408e+02,9.837500000000000000e+01
9.365126050420168724e+01,1.372422969187674937e+02,2.311305220883533877e+02,9.836746987951806886e+01
9.353223593964334270e+01,1.378957475994512833e+02,nan,nan
9.343732193732192570e+01,1.386666666666666572e+02,2.300470347648261509e+02,9.846216768916154649e+01
9.336748633879780357e+01,1.390068306010928723e+02,2.299031007751937636e+02,9.827713178294571605e+01
9.322222222222221433e+01,1.403853727144866070e+02,nan,nan
9.322222222222222854e+01,1.409900284900284930e+02,2.282248062015503649e+02,9.766279069767442422e+01
9.311646586345381138e+01,1.412704149933065310e+02,2.278074534161490590e+02,9.785714285714286120e+01
9.305668016194331926e+01,1.420377867746288700e+02,2.270613496932515432e+02,9.794069529652351491e+01
9.312987012987012747e+01,1.429321789321789140e+02,2.268276515151515014e+02,9.799431818181818699e+01
9.312517580872010114e+01,1.437988748241912731e+02,2.259961240310077244e+02,9.796899224806200834e+01
9.317171717171716239e+01,1.448513708513708309e+02,2.255282651072124338e+02,9.793567251461988121e+01
9.336507936507935312e+01,1.459494949494949196e+02,2.252196531791907432e+02,9.795375722543352026e+01
9.341344778254648418e+01,1.467739628040056914e+02,2.246762452107279557e+02,9.802107279693484543e+01
9.327175368139222655e+01,1.467068273092369566e+02,2.247318435754189920e+02,9.804469273743016799e+01
9.325170068027209425e+01,1.470530612244897952e+02,2.245729729729729627e+02,9.805585585585585306e+01
9.339695712309818987e+01,1.482378976486860154e+02,2.245729729729729627e+02,9.805585585585585306e+01
9.352580195258018136e+01,1.492357043235704168e+02,2.241592592592592439e+02,9.790925925925924389e+01
9.387904360056258213e+01,1.503713080168776344e+02,2.244134790528233054e+02,9.807285974499087899e+01
9.379201101928373419e+01,1.505330578512396755e+02,2.242854511970533906e+02,9.804604051565377176e+01
9.395473251028806772e+01,1.513799725651577432e+02,2.242854511970533906e+02,9.804604051565377176e+01
9.389931972789115378e+01,1.516122448979591866e+02,2.242854511970533906e+02,9.804604051565377176e+01
9.404149377593361692e+01,1.523416320885200435e+02,2.235450980392156737e+02,9.743333333333332291e+01
9.440755735492577116e+01,1.534412955465587061e+02,2.233643410852712918e+02,9.727131782945734528e+01
9.513911845730027039e+01,1.547121212121211897e+02,2.234061302681992061e+02,9.725095785440610996e+01
9.528340675477238619e+01,1.554273127753303925e+02,2.232509803921568619e+02,9.730392156862743036e+01
9.560504201680672054e+01,1.560266106442576870e+02,2.232509803921568619e+02,9.730392156862743036e+01
9.620448179271707545e+01,1.571106442577030577e+02,2.231552795031055894e+02,9.728571428571429180e+01
9.640646976090013709e+01,1.574767932489451425e+02,2.231841085271317695e+02,9.709302325581394655e+01
9.652925170068026262e+01,1.579496598639455556e+02,2.231841085271317695e+02,9.709302325581394655e+01
9.723726346433770118e+01,1.590975254730713004e+02,2.232339181286549774e+02,9.709551656920076823e+01
9.715341701534168806e+01,1.592482566248256433e+02,2.232339181286549774e+02,9.709551656920076823e+01
9.753389830508474745e+01,1.598898305084745743e+02,2.228390151515151274e+02,9.710795454545454675e+01
9.790455840455840075e+01,1.606111111111111143e+02,2.230766283524903884e+02,9.706896551724138078e+01
9.862695035460991733e+01,1.617687943262411352e+02,2.230775193798449436e+02,9.710077519379844091e+01
9.882644628099173190e+01,1.622754820936638964e+02,2.228934911242603505e+02,9.706903353057197137e+01
9.946327683615818671e+01,1.633079096045197502e+02,2.228947368421052602e+02,9.703703703703702388e+01
1.001135371179039311e+02,1.640131004366812135e+02,2.228232044198894926e+02,9.709208103130754353e+01
1.006565656565656468e+02,1.648340548340548253e+02,2.229672131147540881e+02,9.717122040072858624e+01
1.009062049062049056e+02,1.654747474747474598e+02,2.230110497237569120e+02,9.721178637200735295e+01
1.015704022988505670e+02,1.664612068965517153e+02,2.230110497237569120e+02,9.721178637200735295e+01
1.019262411347517627e+02,1.669886524822694867e+02,2.227456647398844041e+02,9.718882466281309007e+01
1.022043478260869591e+02,1.676608695652173822e+02,2.227490421455938474e+02,9.733716475095783949e+01
1.031808669656203250e+02,1.689730941704035843e+02,2.226865942028985330e+02,9.732427536231882925e+01
1.035411061285500693e+02,1.694768310911808555e+02,2.227891891891891873e+02,9.704504504504504325e+01
1.039913793103448256e+02,1.700244252873563084e+02,2.228378378378378386e+02,9.704504504504504325e+01
1.046694915254237230e+02,1.708050847457627128e+02,2.227741935483871032e+02,9.640143369175625310e+01
1.052226890756302566e+02,1.713697478991596768e+02,2.232259887005649830e+02,9.470998116760827656e+01
1.058764367816091863e+02,1.725502873563218316e+02,2.241770244821092035e+02,9.377024482109227677e+01
1.060291666666666686e+02,1.728319444444444457e+02,2.246568627450980387e+02,9.214901960784312962e+01
1.063564625850340093e+02,1.733170068027210675e+02,2.252076502732240328e+02,9.128597449908924943e+01
1.072142857142857082e+02,1.745672268907563023e+02,2.255185185185185048e+02,9.018908382066275919e+01
1.076366237482117327e+02,1.749856938483547708e+02,2.263213572854291158e+02,8.992614770459081797e+01
1.080486409155936940e+02,1.755865522174534874e+02,2.265000000000000000e+02,8.885098039215685617e+01
1.084533898305084705e+02,1.763177966101694949e+02,2.265908183632734278e+02,8.789820359281436879e+01
1.088993197278911538e+02,1.767727891156462476e+02,2.266395348837209269e+02,8.669573643410852526e+01
1.093098201936376057e+02,1.773139695712309845e+02,2.270586080586080584e+02,8.582600732600731419e+01
1.102883263009845223e+02,1.785471167369901480e+02,2.274360465116278931e+02,8.434108527131782296e+01
1.107840579710144908e+02,1.794956521739130437e+02,2.278540540540540462e+02,8.354054054054054745e+01
1.109278911564625787e+02,1.797360544217686993e+02,2.281381215469613153e+02,8.346408839779005007e+01
1.116927536231883948e+02,1.806985507246376699e+02,2.291794871794871540e+02,8.279487179487179560e+01
1.119490358126721645e+02,1.811074380165289313e+02,2.307085610200364272e+02,8.178324225865209485e+01
1.126858407079646014e+02,1.823289085545722514e+02,2.318907721280602630e+02,8.080414312617702421e+01
1.130772727272727280e+02,1.834378787878787591e+02,2.329344894026974941e+02,7.986897880539498829e+01
1.131705426356589044e+02,1.837705426356588987e+02,2.338666666666666458e+02,7.905904761904761813e+01
1.132135642135642115e+02,1.840865800865800850e+02,2.346384180790960556e+02,7.870244821092278187e+01
1.135862068965517295e+02,1.855589080459770059e+02,2.351985815602836567e+02,7.811524822695035652e+01
1.139803030303030198e+02,1.863984848484848271e+02,2.362616279069767415e+02,7.668604651162790731e+01
1.139419642857142918e+02,1.869776785714285836e+02,2.366574585635359256e+02,7.646224677716389806e+01
1.140574712643678055e+02,1.877327586206896513e+02,2.374315789473684220e+02,7.530526315789474268e+01
1.141350574712643606e+02,1.887356321839080238e+02,2.378740740740740591e+02,7.465370370370369812e+01
1.142696969696969660e+02,1.900121212121212011e+02,2.386978021978021900e+02,7.357509157509157660e+01
1.144084967320261370e+02,1.904705882352941160e+02,2.394060606060606062e+02,7.235353535353534937e+01
1.145795107033639084e+02,1.908899082568807444e+02,2.396483516483516496e+02,7.213553113553113860e+01
1.145805946791862198e+02,1.921893583724569510e+02,2.399402697495182792e+02,7.163005780346820472e+01
1.146633825944170582e+02,1.928883415435139455e+02,2.406011560693641513e+02,7.103660886319845247e+01
1.145685358255451547e+02,1.935934579439252445e+02,2.408630630630630378e+02,7.077837837837837753e+01
1.146968253968253890e+02,1.945999999999999943e+02,2.416185185185184991e+02,6.980555555555555713e+01
1.149122023809523796e+02,1.953616071428571388e+02,2.420786516853932540e+02,6.935767790262171673e+01
1.150027548209366302e+02,1.955440771349862246e+02,2.423624772313296774e+02,6.923497267759562135e+01
1.150233918128654977e+02,1.959561403508772059e+02,2.429157303370786565e+02,6.859925093632958237e+01
1.149652777777777715e+02,1.967819444444444343e+02,2.426757741347905153e+02,6.895992714025500447e+01
1.148400597907324254e+02,1.975306427503736586e+02,2.421436781609195350e+02,6.906704980842911823e+01
1.150894660894660859e+02,1.976204906204905853e+02,2.422357274401473148e+02,6.870349907918968313e+01
1.150349344978165931e+02,1.990363901018922661e+02,2.420393258426966270e+02,6.829213483146067176e+01
1.150168776371308041e+02,1.997229254571026615e+02,2.420112359550561791e+02,6.789887640449438777e+01
1.150301783264746120e+02,2.003100137174211000e+02,2.417616279069767415e+02,6.740503875968991565e+01
1.150588235294117680e+02,2.015658263305321896e+02,2.417325581395348877e+02,6.696317829457363757e+01
1.149972222222222200e+02,2.025236111111111086e+02,2.417269303201506432e+02,6.629566854990582669e+01
1.149635854341736660e+02,2.030784313725490051e+02,2.418370786516854025e+02,6.603183520599250755e+01
1.148898305084745743e+02,2.041638418079095914e+02,2.415757575757575353e+02,6.622537878787878185e+01
1.148095238095237960e+02,2.052086834733893568e+02,2.417661141804788087e+02,6.513812154696132950e+01
1.148285714285714221e+02,2.065959183673469397e+02,2.417854406130267932e+02,6.444827586206896797e+01
1.148641975308642031e+02,2.073429355281207052e+02,2.417803468208092568e+02,6.428709055876684886e+01
1.148267254038179033e+02,2.083142437591776570e+02,2.417441860465116292e+02,6.418992248062015449e+01
1.146723891273247347e+02,2.090228898426323099e+02,2.418431372549019329e+02,6.312745098039215463e+01
1.147703703703703582e+02,2.105259259259259181e+02,2.418472998137802392e+02,6.286033519553072324e+01
1.147008547008547055e+02,2.114928774928774828e+02,2.424639376218323434e+02,6.164912280701754099e+01
1.147453505007153041e+02,2.124005722460657921e+02,2.424547206165703130e+02,6.126782273603082274e+01
1.147531380753138137e+02,2.133152022315202032e+02,2.426114180478821254e+02,6.094475138121546820e+01
1.148128415300546408e+02,2.143770491803278730e+02,2.428534798534798256e+02,6.028937728937728480e+01
1.148326300984528814e+02,2.154781997187060369e+02,2.430632183908045931e+02,5.949233716475095690e+01
1.149916666666666600e+02,2.161888888888888687e+02,2.433184357541899487e+02,5.924767225325884112e+01
1.151961591220850352e+02,2.167572016460905218e+02,2.435078431372548664e+02,5.898235294117647243e+01
1.152415654520917627e+02,2.173036437246963430e+02,2.437573964497041459e+02,5.838264299802761315e+01
1.157374149659863889e+02,2.182843537414966022e+02,2.439388888888888971e+02,5.805370370370370381e+01
1.161706989247311839e+02,2.194301075268816987e+02,2.444212678936605130e+02,5.713496932515337079e+01
1.167897648686030436e+02,2.206514522821576634e+02,2.450998116760828509e+02,5.653295668549905173e+01
1.172384823848238398e+02,2.215257452574525416e+02,2.452178030303030027e+02,5.630113636363636687e+01
1.174674965421853301e+02,2.220096818810511650e+02,2.452586206896551744e+02,5.623371647509578253e+01
1.177835325365205676e+02,2.227503320053120603e+02,2.458681318681318544e+02,5.561355311355310960e+01
1.180671834625322987e+02,2.231614987080103276e+02,2.458681318681318544e+02,5.561355311355310960e+01
1.188005698005697894e+02,2.243974358974358836e+02,2.469298245614035068e+02,5.501949317738790768e+01
1.188299319727891117e+02,2.245836734693877474e+02,2.471973180076628012e+02,5.460919540229885172e+01
1.193817427385892103e+02,2.252309820193637506e+02,2.475873873873873663e+02,5.414954954954954758e+01
1.202127371273712697e+02,2.262262872628726313e+02,2.478198198198197986e+02,5.391531531531531130e+01
1.208816326530612315e+02,2.269333333333333371e+02,2.482003853564547171e+02,5.345857418111752679e+01
1.214173441734417196e+02,2.274566395663956371e+02,2.489114877589453556e+02,5.264595103578153612e+01
1.217275242047026182e+02,2.280774550484094050e+02,2.491828571428571308e+02,5.260761904761903907e+01
1.221141374837872888e+02,2.283683527885862361e+02,2.498520710059171677e+02,5.238658777120314625e+01
1.228223086900129601e+02,2.291932555123216559e+02,2.502343434343434296e+02,5.315555555555555145e+01
1.238428961748633839e+02,2.301598360655737565e+02,2.513962962962962706e+02,5.366666666666666430e+01
1.244226950354609897e+02,2.307787234042553166e+02,2.525178571428571388e+02,5.379166666666666430e+01
1.255055096418732745e+02,2.316983471074380248e+02,2.537936507936507553e+02,5.389880952380952550e+01
1.263172043010752645e+02,2.323844086021505291e+02,2.547816764132553544e+02,5.390838206627679341e+01
1.264385245901639365e+02,2.326816939890710216e+02,2.553781676413255184e+02,5.369590643274853647e+01
1.274873949579831987e+02,2.334747899159663973e+02,2.566182170542635390e+02,5.334302325581395365e+01
1.280761904761904759e+02,2.342176870748299109e+02,2.573657142857142617e+02,5.285333333333332462e+01
1.290658436213991820e+02,2.349506172839506064e+02,2.584578754578754456e+02,5.264102564102563520e+01
1.292759562841530112e+02,2.352076502732240328e+02,2.591414728682170221e+02,5.209883720930232442e+01
1.297756160830090550e+02,2.357068741893644415e+02,2.593559670781892805e+02,5.209259259259259522e+01
1.309173553719008396e+02,2.366900826446280917e+02,2.600628571428571263e+02,5.212190476190475152e+01
1.315654993514915532e+02,2.372153047989623644e+02,2.608049242424242493e+02,5.203219696969696884e+01
1.322703412073490767e+02,2.378162729658792500e+02,2.614682080924855541e+02,5.213872832369942500e+01
1.325415019762845930e+02,2.380671936758893139e+02,2.618901960784313587e+02,5.219215686274509380e+01
1.338622589531680376e+02,2.390344352617079551e+02,2.622347140039447595e+02,5.236291913214989080e+01
1.350922865013774015e+02,2.397672176308539917e+02,2.631124260355029492e+02,5.241617357001971556e+01
1.360663900414937757e+02,2.402365145228215795e+02,2.633455284552845228e+02,5.248170731707317316e+01
1.369039780521261775e+02,2.406982167352537658e+02,2.639599999999999795e+02,5.264761904761903821e+01
1.380350140056022212e+02,2.413109243697479087e+02,2.639599999999999795e+02,5.264761904761903821e+01
1.387489539748953860e+02,2.415369595536959366e+02,2.642865497076023189e+02,5.279337231968810329e+01
1.395555555555555429e+02,2.420906432748537895e+02,2.652481060606060623e+02,5.282954545454545325e+01
1.406959553695955094e+02,2.426820083682008260e+02,2.649457831325300958e+02,5.297991967871485741e+01
1.417768595041322328e+02,2.429228650137740715e+02,2.644051896207584491e+02,5.289221556886227660e+01
1.424198047419804425e+02,2.431087866108786670e+02,2.645685071574641825e+02,5.287730061349693500e+01
1.427467811158798270e+02,2.431516452074391736e+02,nan,nan
1.438298171589310641e+02,2.431954992967650924e+02,2.630677966101694665e+02,5.309792843691148079e+01
1.444204702627938843e+02,2.434094052558782835e+02,2.622738095238095184e+02,5.286706349206348676e+01
1.450421768707482784e+02,2.436108843537414828e+02,2.620095238095237846e+02,5.269714285714285751e+01
1.464953886693016898e+02,2.433465085638998460e+02,2.615875706214688989e+02,5.251789077212805523e+01
1.477801120448179120e+02,2.431806722689075571e+02,2.609888888888888800e+02,5.237037037037036669e+01
1.482650602409638623e+02,2.431352074966532655e+02,2.607537878787878753e+02,5.178787878787878185e+01
1.489410977242302465e+02,2.431512717536813852e+02,2.607161904761904339e+02,5.135999999999999943e+01
1.498124156545209189e+02,2.429257759784075574e+02,2.605348837209302246e+02,5.126550387596898872e+01
1.502171507607191927e+02,2.429363762102351245e+02,2.602241054613936058e+02,5.109792843691148079e+01
1.513073593073593202e+02,2.424877344877344854e+02,2.600941176470588516e+02,5.105686274509803724e+01
1.517698744769874395e+02,2.423012552301255198e+02,2.601722846441947468e+02,5.048127340823969433e+01
1.522496263079222558e+02,2.415590433482809942e+02,2.597726396917148008e+02,5.003082851637763895e+01
1.522126436781609016e+02,2.413635057471264247e+02,2.597924151696606714e+02,4.988023952095808511e+01
1.521700960219478418e+02,2.416049382716049365e+02,2.596198501872659108e+02,4.950000000000000000e+01
1.523226666666666631e+02,2.414666666666666686e+02,2.596574074074073906e+02,4.951111111111111285e+01
1.524031007751937921e+02,2.409844961240310113e+02,2.590000000000000000e+02,4.934057971014492239e+01
1.528808567603748259e+02,2.399718875502007904e+02,2.590193798449612359e+02,4.910271317829457161e+01
1.529034749034749154e+02,2.402432432432432563e+02,2.589190751445086676e+02,4.915606936416185135e+01
1.529896238651102180e+02,2.396108949416342284e+02,2.589190751445086676e+02,4.915606936416185135e+01
1.530535947712418192e+02,2.392313725490195964e+02,2.588209523809523489e+02,4.909714285714285609e+01
1.532018229166666572e+02,2.382005208333333144e+02,2.586609848484848158e+02,4.861931818181817988e+01
1.532471751412429057e+02,2.372344632768361237e+02,nan,nan
1.532176308539944785e+02,2.372382920110192686e+02,2.587490636704119424e+02,4.818352059925093300e+01
1.531477272727272805e+02,2.369444444444444287e+02,2.586780303030302548e+02,4.819128787878787534e+01
1.529065656565656468e+02,2.360505050505050235e+02,2.584194139194138984e+02,4.813003663003662780e+01
1.526290531776913042e+02,2.355395590142671836e+02,2.583750000000000000e+02,4.800378787878787534e+01
1.521015089163237235e+02,2.342647462277091677e+02,2.581959595959595504e+02,4.755353535353535221e+01
1.520039062500000000e+02,2.340807291666666572e+02,2.580244821092278471e+02,4.778154425612051881e+01
1.516880856760374741e+02,2.334672021419009127e+02,2.581368015414258252e+02,4.771290944123313693e+01
1.515190839694656404e+02,2.331488549618320576e+02,2.581046511627906739e+02,4.775000000000000000e+01
1.507830687830687566e+02,2.319232804232804028e+02,2.582655038759689887e+02,4.762015503875968392e+01
1.501102564102563974e+02,2.308858974358974194e+02,2.577177914110429242e+02,4.763190184049079789e+01
1.500413533834586417e+02,2.307481203007518786e+02,2.575838150289017108e+02,4.818689788053949030e+01
1.495982256020278669e+02,2.302712294043092243e+02,2.575955284552845228e+02,4.846138211382113781e+01
1.483827629911280042e+02,2.287617237008871882e+02,2.573988439306358487e+02,4.863583815028901824e+01
1.479090909090909065e+02,2.281565656565656468e+02,2.573988439306358487e+02,4.863583815028901824e+01
1.470779569892472978e+02,2.272459677419354875e+02,2.575752032520325088e+02,4.824186991869918018e+01
1.463268733850129024e+02,2.266279069767441854e+02,2.575917159763313862e+02,4.809270216962524103e+01
1.456998722860791702e+02,2.261277139208173423e+02,2.575917159763313862e+02,4.809270216962524103e+01
1.445738562091503070e+02,2.252209150326797271e+02,2.573239700374531935e+02,4.802808988764044784e+01
1.437439999999999998e+02,2.246080000000000041e+02,2.571131313131313050e+02,4.794141414141414259e+01
1.425714285714285836e+02,2.237979407979407824e+02,2.567429718875501976e+02,4.787951807228915868e+01
1.419651741293532154e+02,2.233009950248756184e+02,2.568143712574850497e+02,4.794411177644710165e+01
1.412036363636363774e+02,2.228763636363636351e+02,2.568694779116465838e+02,4.791566265060240681e+01
1.398736979166666572e+02,2.219726562500000000e+02,2.562480620155038764e+02,4.866860465116278789e+01
1.391832669322709251e+02,2.216069057104913611e+02,2.558971193415637515e+02,4.878189300411522566e+01
1.378694444444444400e+02,2.207541666666666629e+02,2.553137254901960489e+02,4.926274509803921120e+01
1.371066666666666549e+02,2.202493333333333112e+02,2.553960784313725298e+02,4.923921568627450540e+01
1.365250626566416088e+02,2.198433583959899522e+02,2.554147286821705052e+02,4.919573643410852526e+01
1.350272373540855995e+02,2.190103761348897535e+02,2.553960784313725298e+02,4.923921568627450540e+01
1.336291989664082394e+02,2.182532299741601776e+02,2.552820512820512704e+02,4.920315581854042364e+01
1.317263464337700043e+02,2.171441048034934624e+02,2.552202020202019810e+02,4.970101010101009820e+01
1.315879265091863317e+02,2.169475065616797735e+02,2.552787878787878810e+02,4.955757575757575495e+01
1.306813922356090814e+02,2.164216867469879446e+02,2.554362139917695345e+02,4.965843621399176300e+01
1.295099601593625493e+02,2.157490039840637337e+02,2.554787878787878697e+02,4.952323232323232105e+01
1.284562841530054698e+02,2.150956284153005242e+02,2.547257142857142753e+02,4.974476190476189430e+01
1.270098870056497162e+02,2.142245762711864359e+02,2.541124260355029492e+02,4.956410256410255499e+01
1.262913279132791189e+02,2.137235772357723533e+02,2.541722846441947468e+02,4.948127340823969433e+01
1.247283950617283921e+02,2.130576131687242878e+02,2.542681992337164729e+02,4.944636015325669831e+01
1.241236559139784816e+02,2.125456989247311697e+02,2.541227106227105992e+02,4.931318681318681030e+01
1.234207650273223891e+02,2.122800546448087289e+02,2.537027027027027088e+02,4.938738738738738476e+01
1.219970887918486113e+02,2.113740902474526706e+02,2.541800766283524524e+02,4.875287356321839383e+01
1.213836734693877588e+02,2.109877551020408077e+02,2.538934911242603505e+02,4.879092702169624829e+01
1.207240437158469888e+02,2.106680327868852487e+02,2.538934911242603505e+02,4.879092702169624829e+01
1.197613333333333259e+02,2.101333333333333258e+02,2.539730848861283619e+02,4.864182194616977029e+01
1.185737051792828680e+02,2.093864541832669204e+02,2.539883720930232585e+02,4.838565891472867264e+01
1.175765027322404279e+02,2.087841530054644750e+02,2.544961685823754465e+02,4.779885057471264531e+01
1.171181434599156148e+02,2.084163150492264265e+02,2.545400372439478360e+02,4.760521415270017798e+01
1.164439946018893295e+02,2.080688259109311673e+02,2.545561694290975936e+02,4.755985267034990471e+01
1.149487179487179418e+02,2.072982456140350678e+02,2.551676413255360387e+02,4.691423001949317495e+01
1.143851261620185795e+02,2.071049136786188285e+02,2.552323809523809359e+02,4.695047619047618070e+01
1.133211875843454806e+02,2.064062078272604310e+02,2.562408477842003549e+02,4.599807321772639312e+01
1.126950904392764841e+02,2.060167958656330427e+02,2.562463768115941889e+02,4.589673913043478137e+01
1.113523809523809405e+02,2.052435374149659708e+02,2.564033149171270907e+02,4.580478821362798669e+01
1.103479415670650639e+02,2.048592297476759541e+02,2.562662942271880411e+02,4.577839851024207718e+01
1.093608923884514326e+02,2.043202099737532649e+02,2.559223484848484702e+02,4.562878787878787534e+01
1.084631147540983562e+02,2.039180327868852487e+02,2.569962121212120678e+02,4.498674242424242209e+01
1.073736559139784816e+02,2.033319892473118102e+02,2.567225433526011784e+02,4.514065510597302477e+01
1.067193675889328119e+02,2.029486166007905013e+02,2.567225433526011784e+02,4.514065510597302477e+01
1.052427983539094640e+02,2.022866941015089139e+02,2.569578754578754456e+02,4.481318681318681030e+01
1.043306122448979636e+02,2.017387755102040785e+02,2.569578754578754456e+02,4.481318681318681030e+01
1.020907801418439647e+02,2.006141843971630863e+02,2.571886446886446720e+02,4.421978021978021900e+01
1.023181818181818130e+02,2.004972451790633272e+02,2.573876404494382086e+02,4.410674157303370890e+01
1.012131147540983562e+02,1.994357923497267677e+02,2.573539325842696712e+02,4.412921348314606718e+01
1.007961432506887007e+02,1.991280991735537214e+02,2.575219780219780432e+02,4.389377289377289060e+01
1.001619047619047507e+02,1.987564625850340008e+02,2.577813051146384282e+02,4.323633156966489821e+01
9.939541160593790892e+01,1.979919028340081013e+02,2.577440147329650131e+02,4.301841620626150586e+01
9.863164721141374969e+01,1.971154345006484903e+02,2.578081936685288724e+02,4.289013035381750427e+01
9.800691562932226475e+01,1.964080221300138192e+02,2.582879684418145985e+02,4.213806706114398537e+01
9.767344173441733801e+01,1.959512195121951095e+02,2.584616858237547490e+02,4.182758620689655515e+01
9.740141843971630919e+01,1.957078014184396864e+02,2.583882575757575637e+02,4.189204545454545325e+01
9.660052910052910136e+01,1.947910052910052627e+02,2.588604651162790447e+02,4.111434108527131315e+01
9.614344262295081478e+01,1.944071038251366019e+02,2.588449612403100559e+02,4.117248062015503507e+01
9.581466113416320241e+01,1.938271092669432676e+02,2.591020036429872562e+02,4.067030965391620612e+01
9.531836734693877133e+01,1.929714285714285609e+02,2.590561797752808957e+02,4.052247191011235827e+01
9.459356725146197675e+01,1.918040935672514422e+02,2.590313725490195793e+02,4.051176470588235645e+01
9.419599427753932730e+01,1.910600858369098773e+02,2.594470588235294031e+02,3.965686274509803866e+01
9.393004115226337092e+01,1.905349794238683216e+02,2.594137931034482563e+02,3.922796934865900198e+01
9.352420470262794083e+01,1.898188105117565385e+02,2.591731123388581750e+02,3.891344383057089829e+01
9.326695526695525018e+01,1.891255411255411332e+02,2.592344322344322336e+02,3.832783882783882490e+01
9.308507670850767113e+01,1.878326359832636001e+02,2.590470809792843170e+02,3.803954802259887202e+01
9.297557471264367734e+01,1.871551724137931103e+02,2.594331337325348841e+02,3.748502994011975886e+01
9.285714285714286120e+01,1.861512605042016730e+02,2.598239700374531935e+02,3.677153558052434335e+01
9.275770308123249208e+01,1.855420168067226996e+02,2.603222222222221944e+02,3.682037037037036953e+01
9.278813559322033200e+01,1.847810734463276674e+02,2.601436781609195350e+02,3.774904214559386872e+01
9.267630853994489826e+01,1.843719008264462786e+02,2.601306042884990006e+02,3.837231968810915816e+01
9.267642956764294127e+01,1.833960948396094750e+02,2.599598393574297006e+02,3.901004016064256774e+01
9.267229254571026331e+01,1.828931082981715690e+02,2.604365079365078941e+02,3.948611111111110716e+01
9.269770580296895446e+01,1.820202429149797467e+02,2.605325443786982191e+02,3.957001972386587596e+01
9.305063291139239823e+01,1.808396624472573819e+02,2.612432950191570740e+02,3.974521072796934362e+01
9.329315476190474499e+01,1.801458333333333144e+02,2.615393258426966554e+02,3.962921348314606718e+01
9.310606060606059486e+01,1.800055096418732603e+02,2.625719921104536070e+02,3.948126232741617514e+01
9.372197309417040856e+01,1.783049327354260072e+02,2.634269005847953053e+02,3.931189083820662944e+01
9.357740585774058673e+01,1.777573221757322131e+02,2.640799220272904222e+02,3.949317738791422983e+01
9.367234042553191387e+01,1.774553191489361836e+02,2.647257142857142753e+02,3.936380952380952181e+01
9.408786610878661349e+01,1.762761506276150669e+02,2.656666666666666288e+02,3.923941068139963306e+01
9.439710144927535396e+01,1.752434782608695514e+02,2.663972868217053929e+02,3.895348837209302673e+01
9.455421686746987575e+01,1.746961178045515339e+02,2.665329457364341010e+02,3.887209302325581461e+01
9.472337482710926793e+01,1.740082987551867291e+02,2.670772128060263526e+02,3.806967984934086502e+01
9.507962213225370363e+01,1.732442645074223719e+02,2.677858585858585911e+02,3.725050505050504768e+01
9.512451361867704236e+01,1.730246433203631398e+02,2.687121212121211897e+02,3.674810606060605522e+01
9.621225071225070735e+01,1.713048433048432742e+02,2.694406779661017026e+02,3.627683615819208995e+01
9.635382513661201642e+01,1.709153005464480657e+02,2.706243093922652179e+02,3.586372007366482251e+01
9.670950468540829092e+01,1.704899598393574252e+02,2.715458089668615571e+02,3.569005847953216204e+01
9.743623188405796043e+01,1.693101449275362143e+02,2.733778966131907282e+02,3.301247771836006706e+01
9.776584022038566957e+01,1.687823691460054931e+02,2.745860215053763227e+02,3.331541218637992330e+01
9.839775910364144806e+01,1.678557422969187485e+02,2.759585798816568172e+02,3.394280078895463504e+01
9.847866666666665481e+01,1.675306666666666615e+02,2.767664783427495081e+02,3.418079096045197929e+01
9.873252688172041758e+01,1.671263440860214757e+02,2.771767955801104790e+02,3.449355432780846797e+01
9.953359683794465695e+01,1.661383399209486242e+02,2.780038314176244967e+02,3.443486590038313722e+01
9.984298584298583989e+01,1.656061776061775959e+02,2.782405303030302548e+02,3.484659090909090651e+01
1.010289256198347090e+02,1.643539944903581045e+02,2.786849816849816648e+02,3.481318681318681030e+01
1.017666666666666515e+02,1.636626666666666665e+02,2.792107279693486248e+02,3.499425287356321945e+01
1.022930555555555543e+02,1.628222222222221944e+02,2.792268244575936365e+02,3.500788954635108041e+01
1.029535864978902993e+02,1.622123769338959107e+02,2.802392156862745196e+02,3.486470588235294343e+01
1.040213675213675231e+02,1.611866096866096711e+02,2.802392156862745196e+02,3.486470588235294343e+01
1.047313642756680707e+02,1.604430379746835342e+02,2.812491039426523116e+02,3.498924731182795966e+01
1.062412280701754383e+02,1.589166666666666572e+02,2.816312849162011389e+02,3.509869646182495018e+01
1.067374999999999972e+02,1.585749999999999886e+02,2.816312849162011389e+02,3.509869646182495018e+01
1.076396761133603235e+02,1.576032388663967652e+02,2.822480620155038764e+02,3.507170542635658705e+01
1.086066945606694532e+02,1.566987447698744802e+02,2.820538922155688510e+02,3.513373253493013948e+01
1.096967095851215959e+02,1.556494992846924106e+02,2.824742063492063266e+02,3.536904761904762040e+01
1.107322404371584668e+02,1.547691256830601105e+02,2.830715630885122209e+02,3.541431261770244987e+01
1.117072463768115824e+02,1.538014492753623017e+02,2.829621212121211897e+02,3.547727272727272663e+01
1.125021276595744695e+02,1.532638297872340445e+02,2.837456647398843756e+02,3.568015414258188400e+01
1.135176991150442518e+02,1.522197640117994126e+02,2.836666666666666856e+02,3.575828460038985668e+01
1.142231759656652343e+02,1.513733905579399277e+02,2.838901515151515014e+02,3.571212121212121104e+01
1.146734143049932442e+02,1.510661268556005155e+02,2.846140350877192873e+02,3.581091617933722659e+01
1.155869565217391255e+02,1.502521739130434923e+02,2.847199211045364677e+02,3.573570019723865698e+01
1.165753623188405754e+02,1.493695652173913118e+02,2.845623721881390225e+02,3.587730061349693500e+01
1.173733905579399135e+02,1.485007153075822544e+02,2.849012345679012128e+02,3.588683127572016218e+01
1.183110181311018039e+02,1.475955369595536695e+02,2.853453093812374846e+02,3.571656686626746335e+01
1.188926553672316260e+02,1.471002824858757094e+02,nan,nan
1.195665236051502092e+02,1.463733905579399277e+02,nan,nan
1.201950207468879626e+02,1.458257261410788317e+02,nan,nan
1.214864091559370536e+02,1.445808297567953957e+02,nan,nan
1.229330357142857082e+02,1.430833333333333144e+02,2.863412228796843806e+02,3.553451676528599279e+01
1.236622807017543835e+02,1.423377192982456165e+02,2.864892787524366327e+02,3.556335282651071594e+01
1.243831908831908777e+02,1.416310541310541282e+02,2.864950690335305694e+02,3.552859960552267893e+01
1.255367965367965297e+02,1.405440115440115392e+02,2.865489021956087754e+02,3.554091816367265011e+01
1.263404864091559290e+02,1.398426323319027063e+02,2.865196078431372371e+02,3.554117647058823337e+01
1.272507246376811452e+02,1.387420289855072326e+02,2.865630885122410518e+02,3.529190207156308645e+01
1.276842105263157947e+02,1.382186234817813784e+02,2.867055555555555770e+02,3.503888888888889142e+01
1.285723771580345272e+02,1.373851261620185937e+02,2.868360655737704974e+02,3.502003642987249066e+01
1.302496328928046978e+02,1.356108663729808939e+02,2.868786231884058111e+02,3.500000000000000000e+01
1.305229885057471222e+02,1.350833333333333144e+02,2.869663120567375927e+02,3.491489361702127781e+01
1.309783549783549859e+02,1.339350649350649292e+02,2.869616858237547490e+02,3.469348659003831159e+01
1.316693548387096655e+02,1.329422043010752645e+02,2.868305084745762770e+02,3.462900188323916950e+01
1.322236286919831230e+02,1.314810126582278542e+02,2.868305084745762770e+02,3.462900188323916950e+01
1.328269503546099202e+02,1.305063829787233942e+02,2.869558011049723518e+02,3.451749539594842986e+01
1.333333333333333144e+02,1.293900134952766621e+02,2.870000000000000000e+02,3.444894026974951373e+01
1.337152777777777715e+02,1.285194444444444457e+02,2.875643939393939377e+02,3.397727272727272663e+01
1.341673414304993059e+02,1.277435897435897374e+02,2.874087301587301226e+02,3.393253968253967656e+01
1.344847277556440872e+02,1.267768924302788776e+02,2.875144032921810435e+02,3.372016460905349078e+01
1.350142118863049063e+02,1.253229974160206694e+02,2.871399176954732297e+02,3.376337448559670662e+01
1.356180836707152366e+02,1.236018893387314392e+02,2.876407185628742695e+02,3.343912175648702600e+01
1.358299866131191322e+02,1.227215528781793807e+02,2.876936416184971108e+02,3.320423892100192376e+01
1.360644718792866854e+02,1.220150891632373060e+02,2.877251461988304300e+02,3.322417153996101291e+01
1.364372294372294334e+02,1.204271284271284230e+02,2.874176029962546295e+02,3.335955056179775369e+01
1.367782312925170061e+02,1.192517006802720942e+02,2.873793738489870861e+02,3.330018416206261378e+01
1.369668049792531122e+02,1.185297372060857413e+02,2.876754385964911762e+02,3.311403508771929438e+01
1.373089080459770059e+02,1.161839080459770059e+02,2.878313725490195907e+02,3.285294117647058698e+01
1.372113475177304736e+02,1.156553191489361723e+02,2.879239766081871608e+02,3.285575048732943060e+01
1.372065527065527135e+02,1.146125356125356092e+02,2.878745098039215691e+02,3.290588235294117680e+01
1.372689556509298825e+02,1.138612303290414758e+02,2.878047337278106284e+02,3.285404339250492711e+01
1.372441700960219180e+02,1.127201646090534979e+02,2.878047337278106284e+02,3.285404339250492711e+01
1.370956284153005242e+02,1.113743169398907042e+02,2.880159680638722648e+02,3.274451097804391253e+01
1.371419009370816298e+02,1.102958500669343920e+02,2.883606237816763951e+02,3.267446393762183021e+01
1.368326417704010964e+02,1.090401106500691526e+02,2.883530571992110367e+02,3.271203155818540154e+01
1.366275303643724612e+02,1.075735492577597796e+02,2.883530571992110367e+02,3.271203155818540154e+01
1.364439946018893295e+02,1.066788124156545052e+02,2.884892787524366327e+02,3.268615984405457908e+01
1.360999999999999943e+02,1.051373333333333306e+02,2.888829365079365061e+02,3.264285714285714590e+01
1.360293333333333123e+02,1.043613333333333344e+02,2.891156862745098124e+02,3.277058823529412024e+01
1.355662805662805681e+02,1.029498069498069555e+02,2.892222222222222285e+02,3.276803118908382118e+01
1.351813333333333276e+02,1.018173333333333233e+02,2.892222222222222285e+02,3.276803118908382118e+01
1.348033205619412342e+02,1.006896551724137936e+02,2.892222222222222285e+02,3.276803118908382118e+01
1.341322537112010593e+02,9.917948717948716819e+01,2.896744186046511800e+02,3.282945736434108142e+01
1.339308943089430954e+02,9.834552845528455123e+01,2.900969696969697225e+02,3.296363636363636118e+01
1.336601562500000000e+02,9.766406250000000000e+01,2.900281124497992096e+02,3.298594377510039521e+01
1.331705426356589044e+02,9.652325581395348308e+01,2.901915708812260277e+02,3.331226053639846896e+01
1.322817460317460245e+02,9.518386243386242995e+01,2.901325757575757507e+02,3.330303030303030454e+01
1.320544747081711989e+02,9.452010376134889214e+01,2.902916666666666288e+02,3.345265151515150848e+01
1.317330779054916832e+02,9.396679438058747280e+01,2.905378787878787534e+02,3.350568181818182012e+01
1.312065217391304373e+02,9.317028985507246830e+01,2.906782945736433703e+02,3.343410852713177661e+01
1.300232558139534831e+02,9.164470284237725650e+01,2.906217228464419122e+02,3.351685393258426870e+01
1.295477075588599689e+02,9.103717472118958653e+01,2.911314285714285575e+02,3.348761904761904873e+01
1.288494623655913927e+02,8.999327956989246502e+01,2.913180076628352140e+02,3.341187739463601503e+01
1.289402390438247039e+02,8.962549800796813315e+01,2.917854406130268217e+02,3.329693486590038276e+01
1.281666666666666572e+02,8.884505208333332860e+01,2.918128654970760181e+02,3.330019493177388057e+01
1.275408805031446349e+02,8.822138364779873143e+01,2.918958333333333144e+02,3.336174242424242209e+01
1.272646310432569834e+02,8.785241730279898320e+01,2.923039215686274588e+02,3.333333333333332860e+01
1.259948320413436562e+02,8.641602067183461600e+01,2.925810055865921981e+02,3.334264432029794989e+01
1.255931372549019471e+02,8.595220588235294201e+01,2.927049808429118798e+02,3.335440613026819534e+01
1.253058676654182193e+02,8.548064918851434868e+01,2.927049808429118798e+02,3.335440613026819534e+01
1.239282868525896362e+02,8.426427622841964649e+01,2.929007936507936165e+02,3.328373015873015817e+01
1.237434944237918160e+02,8.405947955390334414e+01,2.930813008130081130e+02,3.321747967479674202e+01
1.227379032258064484e+02,8.302419354838710319e+01,2.942208835341365329e+02,3.307028112449798840e+01
1.223991935483871032e+02,8.260752688172041758e+01,2.942666666666666515e+02,3.309607843137254690e+01
1.218674863387978036e+02,8.200000000000000000e+01,2.943017751479289927e+02,3.304536489151873724e+01
1.211171171171171181e+02,8.139639639639638347e+01,2.943017751479289927e+02,3.304536489151873724e+01
1.204105534105534048e+02,8.111454311454311039e+01,2.947428571428571331e+02,3.285333333333333172e+01
1.194869684499314104e+02,8.025651577503428769e+01,2.950909090909090651e+02,3.287878787878787534e+01
1.186002604166666572e+02,7.984895833333332860e+01,2.954285714285714448e+02,3.266873706004140132e+01
1.184869684499314104e+02,7.968587105624141032e+01,2.954787878787878981e+02,3.272323232323232389e+01
1.174125683060109253e+02,7.895628415300545555e+01,2.954285714285714448e+02,3.266873706004140132e+01
1.163083003952569214e+02,7.842292490118576609e+01,2.956201550387596626e+02,3.244767441860464885e+01
1.154810298102980965e+02,7.819241192411924146e+01,2.958639053254437954e+02,3.232741617357001473e+01
1.146805555555555571e+02,7.779583333333333428e+01,2.962128514056224731e+02,3.231927710843373802e+01
1.135864978902953624e+02,7.741490857946553206e+01,2.960276134122287885e+02,3.236291913214989791e+01
1.136010928961748476e+02,7.711475409836064898e+01,2.960276134122287885e+02,3.236291913214989791e+01
1.127506666666666604e+02,7.684399999999999409e+01,2.961485507246376301e+02,3.202173913043478137e+01
1.112581560283687878e+02,7.617872340425532229e+01,nan,nan
1.109588477366255148e+02,7.613305898491083212e+01,2.966763565891472467e+02,3.170736434108526680e+01
1.102139917695473201e+02,7.592866941015088855e+01,2.965843137254901762e+02,3.170392156862744670e+01
1.097786998616874001e+02,7.566804979253112151e+01,2.965843137254901762e+02,3.170392156862744670e+01
1.083978052126200140e+02,7.522359396433469669e+01,2.969090909090909349e+02,3.157373737373736944e+01
1.078653333333333251e+02,7.495600000000000307e+01,2.968545454545454731e+02,3.134747474747474527e+01
1.075458167330677242e+02,7.496547144754315184e+01,2.969065040650406218e+02,3.133536585365853711e+01
1.063187250996015933e+02,7.465073041168658108e+01,2.967686274509803752e+02,3.141176470588235148e+01
1.058956639566395665e+02,7.459214092140921082e+01,2.968666666666666742e+02,3.132929292929292586e+01
1.050149659863945431e+02,7.458775510204081627e+01,2.970534979423867981e+02,3.128395061728394921e+01
1.033529411764705941e+02,7.476190476190475920e+01,2.973930635838150351e+02,3.124855491329479662e+01
1.023305785123966984e+02,7.492424242424240788e+01,2.975568862275449078e+02,3.125748502994012057e+01
1.023268983268983163e+02,7.487129987129986830e+01,nan,nan
1.005686274509803866e+02,7.526050420168067490e+01,2.982723809523809564e+02,3.220952380952380878e+01
1.006587615283267354e+02,7.511725955204215666e+01,2.984480874316939776e+02,3.349362477231329649e+01
9.959047619047618127e+01,7.535646258503400929e+01,2.984185606060605664e+02,3.455871212121211755e+01
9.851004016064257485e+01,7.578447121820614996e+01,2.990695970695970800e+02,3.563553113553113150e+01
9.801333333333333542e+01,7.594266666666665344e+01,2.994545454545454390e+02,3.637689393939393767e+01
9.768127490039840666e+01,7.603320053120849309e+01,2.996942909760589373e+02,3.748987108655616396e+01
9.669672131147541450e+01,7.643306010928961314e+01,2.998858695652173765e+02,3.844202898550724257e+01
9.602124833997343956e+01,7.673041168658697586e+01,3.003000000000000114e+02,3.963725490196078027e+01
9.524776500638569132e+01,7.722733077905490973e+01,3.008875739644970508e+02,4.086982248520710215e+01
9.506201550387596910e+01,7.731782945736433987e+01,3.011155303030302548e+02,4.159090909090909349e+01
9.483003952569170281e+01,7.720816864295123594e+01,3.012846003898635558e+02,4.264717348927874951e+01
9.417948717948716819e+01,7.779082321187583204e+01,3.013489278752436462e+02,4.369395711500974500e+01
9.362978142076501342e+01,7.819262295081966840e+01,nan,nan
9.319915254237288593e+01,7.904096045197739784e+01,3.013652694610778440e+02,4.517165668662673994e+01
9.295750332005312089e+01,7.960690571049136111e+01,3.014698795180722755e+02,4.612248995983935629e+01
9.251686909581646034e+01,8.020647773279351611e+01,3.014358974358974024e+02,4.678500986193293443e+01
9.202574525745257006e+01,8.083468834688346760e+01,3.015243664717348793e+02,4.772319688109161717e+01
9.189247311827956821e+01,8.113978494623654569e+01,3.016311637080867740e+02,4.870216962524654747e+01
9.156764295676428844e+01,8.212970711297070636e+01,3.015477582846003770e+02,4.964717348927874951e+01
9.123605150214592641e+01,8.293705293276107682e+01,3.015477582846003770e+02,5.064717348927874951e+01
9.084549356223176630e+01,8.428469241773962040e+01,3.015823754789271902e+02,5.170306513409961013e+01
9.060734463276835982e+01,8.424011299435026956e+01,3.016937984496123590e+02,5.298449612403100417e+01
9.034529147982063080e+01,8.489835575485798813e+01,3.017586206896551744e+02,5.410536398467431951e+01
9.034352256186316765e+01,8.528966521106258369e+01,3.019432234432234168e+02,5.504761904761904390e+01
9.049028400597906341e+01,8.554409566517189489e+01,3.021873873873873890e+02,5.665765765765765138e+01
9.012556053811658785e+01,8.688041853512704904e+01,3.023044315992292468e+02,5.795375722543352737e+01
9.006465517241379359e+01,8.734770114942527641e+01,3.026339113680153901e+02,5.902312138728323987e+01
8.999047619047618696e+01,8.709115646258503318e+01,3.029329388560157668e+02,6.029585798816567888e+01
8.969026548672566435e+01,8.827581120943952442e+01,3.032524084778419819e+02,6.181310211946049549e+01
8.957657657657657069e+01,8.913813813813813169e+01,3.034132553606237934e+02,6.313255360623781343e+01
8.929297458893870498e+01,9.024364723467861893e+01,3.036760828625235149e+02,6.462900188323916950e+01
8.919774011299433880e+01,9.076694915254236662e+01,3.040561594202898164e+02,6.607246376811593791e+01
8.889481481481480785e+01,9.211703703703703638e+01,3.044770114942528494e+02,6.750191570881224834e+01
8.885957446808509985e+01,9.239716312056737024e+01,3.052906976744185954e+02,6.913565891472867975e+01
8.883977110157366042e+01,9.340915593705292963e+01,3.059743589743589496e+02,7.005677655677655480e+01
8.866946778711484001e+01,9.401260504201680135e+01,3.065074906367041194e+02,7.141198501872658255e+01
8.865938864628820681e+01,9.540320232896651476e+01,3.071902071563088157e+02,7.274952919020715569e+01
8.855066079295154680e+01,9.616740088105727580e+01,3.076266666666666652e+02,7.391809523809523341e+01
8.838888888888888573e+01,9.803903903903902517e+01,3.082023809523809632e+02,7.471626984126983473e+01
8.839170506912442704e+01,9.885407066052226810e+01,3.086337209302325846e+02,7.563565891472867975e+01
8.836225266362252739e+01,1.000243531202435321e+02,3.086352941176470495e+02,7.558431372549019045e+01
8.830581039755350048e+01,1.007048929663608448e+02,3.088539325842696712e+02,7.631460674157303004e+01
8.809442060085837056e+01,1.016008583690987166e+02,3.090944444444444343e+02,7.716666666666667140e+01
8.810638297872340274e+01,1.022354609929077895e+02,3.092673796791443692e+02,7.714260249554367022e+01
8.810043668122270333e+01,1.035080058224162940e+02,3.095216572504708097e+02,7.677966101694914869e+01
8.809282700421941570e+01,1.045752461322081501e+02,3.098876190476190118e+02,7.596190476190476204e+01
8.803840877914952046e+01,1.052235939643346967e+02,3.104731800766283527e+02,7.541570881226053302e+01
8.827681159420288282e+01,1.062159420289854950e+02,3.114146341463414842e+02,7.501422764227640982e+01
8.835807860262008262e+01,1.071455604075691355e+02,3.117504761904761494e+02,7.486666666666666003e+01
8.859858156028367659e+01,1.079248226950354592e+02,3.124980158730158450e+02,7.472817460317459393e+01
8.890163934426229275e+01,1.091461748633879694e+02,3.130019723865877381e+02,7.465483234714002947e+01
8.919262295081966840e+01,1.103387978142076378e+02,3.134419475655430460e+02,7.441760299625467212e+01
8.960201149425286360e+01,1.115244252873563084e+02,3.136759776536312643e+02,7.348603351955307517e+01
8.987136929460581314e+01,1.125739972337482726e+02,3.135000000000000000e+02,7.187403100775192399e+01
9.001129943502823494e+01,1.129858757062146850e+02,3.137869822485207010e+02,6.954437869822484686e+01
9.018475452196381070e+01,1.136149870801033472e+02,3.139633911368015333e+02,6.828516377649324909e+01
9.073980309423346569e+01,1.149465541490857845e+02,3.143558052434456727e+02,6.662921348314607428e+01
9.087989203778677449e+01,1.155020242914979747e+02,3.144137254901960432e+02,6.562352941176470722e+01
9.129218106995884341e+01,1.166748971193415656e+02,3.147456647398843756e+02,6.455298651252408604e+01
9.152812071330589561e+01,1.172825788751714526e+02,3.151912878787878753e+02,6.364393939393938382e+01
9.220728291316525826e+01,1.184439775910364006e+02,3.161156862745098124e+02,6.270196078431371944e+01
9.220615796519410878e+01,1.188058902275769668e+02,3.169469696969696884e+02,6.153977272727272663e+01
9.257851239669420806e+01,1.196831955922864950e+02,3.175263157894736992e+02,6.067446393762182311e+01
9.300790513833992179e+01,1.204716732542819386e+02,3.186509803921568391e+02,5.963137254901960205e+01
9.329852744310575474e+01,1.212476572958500611e+02,3.195344827586206975e+02,5.903831417624520839e+01
9.383264177040109644e+01,1.220802213001383052e+02,3.193932584269662698e+02,5.908801498127340324e+01
9.428172942817293745e+01,1.230892608089260705e+02,3.195747126436781400e+02,5.910153256704980151e+01
9.472814207650272067e+01,1.240819672131147513e+02,3.199146341463414842e+02,5.904065040650406360e+01
9.521721311475410232e+01,1.250710382513661187e+02,3.202851637764932207e+02,5.860308285163775821e+01
9.536572199730093757e+01,1.254116059379217205e+02,3.204157303370786281e+02,5.806741573033708192e+01
9.597759103641455170e+01,1.262408963585434094e+02,3.207822736030828423e+02,5.747398843930636048e+01
9.625984251968503713e+01,1.267808398950131163e+02,3.207151162790697754e+02,5.742248062015503507e+01
9.730172413793103203e+01,1.283031609195402325e+02,3.210345528455284239e+02,5.690040650406503886e+01
9.758573388203016918e+01,1.289574759945130324e+02,3.206209523809523603e+02,5.670476190476189515e+01
9.769834710743801054e+01,1.291997245179063327e+02,3.207123809523809541e+02,5.657904761904761415e+01
9.809523809523810201e+01,1.298611111111111143e+02,3.217504553734061687e+02,5.582513661202185773e+01
9.876075268817203323e+01,1.309919354838709751e+02,3.221158645276292418e+02,5.542424242424241498e+01
9.860384615384614904e+01,1.308653846153846132e+02,3.232611111111111200e+02,5.300370370370369955e+01
9.971999999999999886e+01,1.326839999999999975e+02,3.246443202979515377e+02,5.233519553072625996e+01
9.992741935483870463e+01,1.328561827956989134e+02,3.245291005291005035e+02,5.341446208112873961e+01
1.004301521438450777e+02,1.336611341632088568e+02,3.249233716475095548e+02,5.416858237547891974e+01
1.012539682539682531e+02,1.349166666666666572e+02,3.248533333333332962e+02,5.479619047619046768e+01
1.013813443072702256e+02,1.353237311385459520e+02,3.255980392156862422e+02,5.508823529411764497e+01
1.020122950819672099e+02,1.364221311475409948e+02,3.259096045197740068e+02,5.538229755178907254e+01
1.024851063829787279e+02,1.370000000000000000e+02,3.260000000000000000e+02,5.578181818181818130e+01
1.026421768707483011e+02,1.373129251700680129e+02,3.257847619047618650e+02,5.641714285714285637e+01
1.029001349527665212e+02,1.377935222672064697e+02,3.260489642184557511e+02,5.657815442561204833e+01
1.032704149933065594e+02,1.385943775100401467e+02,3.259603174603174125e+02,5.722420634920634797e+01
1.039358437935843682e+02,1.397057182705718219e+02,3.250949820788530360e+02,5.972580645161290391e+01
1.041407103825136602e+02,1.401871584699453592e+02,3.232777777777777715e+02,6.325793650793649903e+01
1.046387782204515275e+02,1.409442231075697123e+02,3.220191570881225971e+02,6.707279693486589167e+01
1.052809706257982043e+02,1.417343550446998677e+02,3.209653179190751189e+02,6.995375722543352026e+01
1.058647540983606490e+02,1.425860655737704974e+02,3.197588235294117567e+02,7.250196078431372371e+01
1.063788487282463109e+02,1.437068273092369566e+02,3.187907407407407163e+02,7.417777777777777715e+01
1.068233731739707792e+02,1.444594953519256251e+02,3.178139963167587325e+02,7.623572744014732905e+01
1.075999999999999943e+02,1.456964539007092014e+02,3.167739463601532179e+02,7.895019157088121631e+01
1.080264993026499241e+02,1.465341701534169943e+02,3.158693181818181870e+02,8.099242424242423510e+01
1.086020114942528636e+02,1.475143678160919194e+02,3.146136363636363740e+02,8.304356060606060908e+01
1.090154711673698955e+02,1.482461322081574906e+02,3.137582417582417520e+02,8.486996336996335799e+01
1.096457461645746179e+02,1.492663877266387544e+02,3.124307992202728883e+02,8.729239766081870755e+01
1.100462585034013614e+02,1.498734693877551081e+02,3.117248062015503933e+02,8.885077519379844091e+01
1.104466936572199671e+02,1.508569500674763617e+02,3.110546139359698827e+02,9.066666666666667140e+01
1.114162826420890866e+02,1.523686635944700356e+02,3.101637764932562504e+02,9.216763005780346418e+01
1.118376811594202849e+02,1.533246376811594018e+02,3.096533333333333076e+02,9.333714285714285097e+01
1.120940170940170901e+02,1.538746438746438514e+02,3.088977272727272521e+02,9.494128787878786113e+01
1.124248633879781352e+02,1.545846994535519059e+02,3.082678227360307801e+02,9.642003853564546034e+01
1.128907330567081573e+02,1.557482710926694267e+02,3.076592178770949886e+02,9.774301675977653758e+01
1.133477011494252764e+02,1.567787356321838956e+02,3.071958568738229474e+02,9.887570621468925935e+01
1.140322128851540526e+02,1.581736694677871071e+02,3.069450549450549488e+02,9.948717948717947479e+01
1.145749636098980915e+02,1.591688500727802023e+02,3.064176470588235475e+02,1.010686274509803724e+02
1.151200000000000045e+02,1.602237037037036771e+02,3.059510869565217490e+02,1.016376811594202820e+02
1.153685636856368433e+02,1.610542005420053897e+02,3.059236499068900912e+02,1.023463687150837984e+02
1.157856154910096791e+02,1.616901798063623517e+02,3.058084291187739154e+02,1.034444444444444429e+02
1.161729957805907105e+02,1.627637130801687704e+02,3.059822485207100726e+02,1.038836291913214893e+02
1.167716894977168920e+02,1.642161339421613206e+02,3.059703703703703468e+02,1.044814814814814667e+02
1.170878661087866135e+02,1.650306834030683092e+02,3.060499108734402398e+02,1.047860962566844876e+02
1.173956521739130494e+02,1.656333333333333258e+02,3.060110497237569120e+02,1.053388581952117846e+02
1.178805309734513287e+02,1.667418879056046990e+02,3.062613636363636260e+02,1.056174242424242351e+02
1.181934523809523796e+02,1.677663690476190368e+02,3.063670411985018518e+02,1.064494382022471939e+02
1.186186186186186120e+02,1.691651651651651491e+02,3.064134790528232770e+02,1.064153005464480941e+02
1.185773809523809490e+02,1.698690476190476204e+02,3.065472061657032441e+02,1.067822736030828423e+02
1.186555090655509019e+02,1.700767085076708440e+02,3.065857988165680581e+02,1.070355029585798832e+02
1.187714285714285722e+02,1.710625850340135798e+02,3.065975609756097811e+02,1.075162601626016112e+02
1.189219858156028238e+02,1.723078014184397091e+02,3.070287356321838956e+02,1.081532567049808335e+02
1.190013888888888829e+02,1.732444444444444400e+02,3.070000000000000000e+02,1.081287878787878611e+02
1.190878661087866135e+02,1.743152022315202032e+02,3.069945054945055176e+02,1.087509157509157376e+02
1.192002743484224823e+02,1.749890260631001127e+02,3.069799635701274951e+02,1.087941712204007274e+02
1.190353107344632662e+02,1.764943502824858683e+02,3.068488372093023031e+02,1.094515503875968818e+02
1.191083333333333343e+02,1.768902777777777544e+02,3.067901234567901270e+02,1.097016460905349646e+02
1.190330459770114828e+02,1.783218390804597675e+02,nan,nan
1.190042194092826975e+02,1.788016877637130904e+02,3.068024691358024825e+02,1.107757201646090408e+02
1.191101694915254257e+02,1.793248587570621453e+02,3.067738791423001885e+02,1.112339181286549774e+02
1.187647058823529420e+02,1.811246498599439576e+02,3.065314285714285916e+02,1.122114285714285700e+02
1.189628099173553721e+02,1.812878787878787818e+02,3.065132575757575637e+02,1.124469696969696884e+02
1.187336010709504563e+02,1.822021419009370504e+02,3.065132575757575637e+02,1.124469696969696884e+02
1.186363636363636402e+02,1.831948051948051841e+02,3.065135658914728651e+02,1.137131782945736234e+02
1.186429567642956613e+02,1.836331938633193772e+02,3.065135658914728651e+02,1.137131782945736234e+02
1.187496542185338768e+02,1.840470262793914173e+02,3.064361904761904611e+02,1.145999999999999943e+02
1.185129310344827616e+02,1.850330459770114828e+02,3.065321637426900452e+02,1.144912280701754383e+02
1.185475177304964376e+02,1.857574468085106503e+02,3.065431372549019216e+02,1.150058823529411711e+02
1.183968253968253919e+02,1.872929292929292728e+02,3.065484496124030898e+02,1.154457364341085110e+02
1.183739495798319297e+02,1.875280112044817713e+02,3.065423728813559592e+02,1.156666666666666714e+02
1.181688311688311757e+02,1.884877344877344854e+02,3.065705882352941103e+02,1.162745098039215605e+02
1.181342182890855383e+02,1.892595870206489508e+02,3.065386178861788267e+02,1.166991869918699081e+02
1.179903581267217589e+02,1.901639118457300128e+02,3.066087824351297400e+02,1.169021956087824208e+02
1.178802083333333286e+02,1.911197916666666572e+02,3.068846153846153584e+02,1.176080586080585988e+02
1.174395161290322562e+02,1.920537634408601946e+02,3.069659090909090651e+02,1.180037878787878611e+02
1.171384408602150557e+02,1.927244623655913927e+02,3.069757575757575978e+02,1.187030303030303031e+02
1.168939393939393909e+02,1.938360881542699587e+02,3.071078431372548607e+02,1.187098039215686072e+02
1.165129251700680157e+02,1.949401360544217425e+02,3.070799220272904222e+02,1.187680311890838141e+02
1.160519125683059940e+02,1.959262295081967125e+02,3.074921568627451052e+02,1.192196078431372541e+02
1.158488372093023315e+02,1.964341085271317695e+02,3.074921568627451052e+02,1.192196078431372541e+02
1.154921259842519703e+02,1.972257217847768800e+02,3.076591337099811767e+02,1.205084745762711833e+02
1.145389784946236489e+02,1.986666666666666572e+02,3.075943775100401467e+02,1.210702811244979813e+02
1.141866666666666532e+02,1.995106666666666513e+02,3.075943775100401467e+02,1.210702811244979813e+02
1.135934959349593498e+02,2.003902439024390105e+02,3.077403100775193252e+02,1.220910852713178087e+02
1.129669421487603245e+02,2.014628099173553721e+02,3.077296747967479291e+02,1.223313008130081272e+02
1.125994623655913927e+02,2.019892473118279383e+02,3.078994082840236501e+02,1.233214990138067009e+02
1.121594202898550634e+02,2.026996047430830004e+02,3.079101796407185816e+02,1.235688622754491064e+02
1.118880105401844389e+02,2.033346508563899704e+02,3.079101796407185816e+02,1.235688622754491064e+02
1.111854838709677438e+02,2.042002688172042895e+02,3.078938547486033599e+02,1.240502793296089408e+02
1.112638352638352615e+02,2.044092664092664222e+02,3.078962075848303357e+02,1.243532934131736596e+02
1.099127324749642298e+02,2.059127324749642298e+02,3.078414634146341200e+02,1.253516260162601412e+02
1.094115942028985415e+02,2.065405797101448968e+02,3.078323232323231764e+02,1.256101010101009905e+02
1.092213225371120018e+02,2.070310391363022973e+02,3.078293172690762844e+02,1.255421686746988001e+02
1.087914951989025951e+02,2.073017832647462058e+02,3.075484496124030898e+02,1.264457364341085110e+02
1.075884955752212448e+02,2.079808259587020416e+02,3.075484496124030898e+02,1.264457364341085110e+02
1.070865248226950257e+02,2.082056737588652311e+02,nan,nan
1.061842475386779086e+02,2.086090014064697300e+02,3.074379844961239883e+02,1.277422480620154914e+02
1.056624293785310726e+02,2.087415254237288025e+02,3.073737957610790090e+02,1.277880539499036558e+02
1.046033755274261665e+02,2.091434599156118281e+02,3.072895238095238142e+02,1.288419047619047433e+02
1.037749287749287674e+02,2.093689458689458434e+02,3.072923649906890091e+02,1.290782122905027904e+02
1.020576323987538814e+02,2.096246105919003071e+02,3.070542168674699042e+02,1.297751004016064087e+02
1.021042584434654827e+02,2.098531571218795762e+02,3.070558882235528699e+02,1.303153692614770307e+02
1.015613275613275448e+02,2.101356421356421151e+02,3.070097465886939290e+02,1.305906432748537895e+02
1.012518195050946019e+02,2.100713245997088450e+02,nan,nan
1.008647140864713947e+02,2.101269177126917498e+02,3.063911368015413927e+02,1.316878612716762973e+02
1.002543859649122737e+02,2.104342105263157805e+02,3.063179190751445162e+02,1.321772639691714630e+02
9.905084745762711407e+01,2.104124293785310442e+02,3.063254901960784196e+02,1.328568627450980273e+02
9.899299719887955007e+01,2.103977591036414481e+02,3.062003745318351662e+02,1.333895131086142385e+02
9.837500000000000000e+01,2.105178571428571388e+02,3.059421965317919216e+02,1.341753371868978775e+02
9.843243243243243512e+01,2.105450450450450433e+02,3.058713768115941889e+02,1.346666666666666572e+02
9.670716510903426411e+01,2.105031152647974864e+02,3.056312056737588705e+02,1.349060283687943240e+02
9.604696969696969688e+01,2.105242424242424022e+02,3.053484848484848158e+02,1.356571969696969688e+02
9.616885007278018804e+01,2.108180494905385558e+02,3.052758620689655231e+02,1.363122605363984690e+02
9.471130952380951840e+01,2.106607142857142776e+02,3.051161904761904680e+02,1.365828571428571365e+02
9.409463276836157775e+01,2.107782485875706016e+02,3.049143389199255125e+02,1.374618249534450456e+02
9.325541125541126064e+01,2.108095238095237960e+02,3.045694444444444571e+02,1.383492063492063266e+02
9.287955182072828109e+01,2.108641456582632827e+02,3.046039215686274133e+02,1.393098039215686015e+02
9.207638888888888573e+01,2.106472222222222115e+02,3.045029239766082014e+02,1.396374269005847850e+02
9.175972222222222285e+01,2.107750000000000057e+02,3.041955307262570045e+02,1.405623836126629271e+02
8.982511210762331189e+01,2.105216741405081962e+02,3.038716475095785086e+02,1.414176245210727814e+02
8.995258620689655515e+01,2.104152298850574425e+02,3.036821705426356175e+02,1.426531007751937921e+02
8.897916666666665719e+01,2.100476190476190368e+02,3.037148148148148152e+02,1.432629629629629449e+02
8.829476584022037855e+01,2.097727272727272805e+02,3.036569767441860677e+02,1.435717054263565728e+02
8.800423728813559876e+01,2.097485875706214529e+02,3.030968992248061795e+02,1.449341085271317695e+02
8.748360655737704406e+01,2.094877049180327901e+02,3.029510357815442489e+02,1.457062146892655505e+02
8.607142857142856940e+01,2.086770833333333144e+02,3.028045267489711705e+02,1.472181069958847672e+02
8.590764790764789893e+01,2.085512265512265344e+02,3.028449612403100559e+02,1.476647286821705336e+02
8.575797101449275317e+01,2.085999999999999943e+02,3.026915708812260277e+02,1.487950191570881202e+02
8.514845938375349021e+01,2.081750700280111914e+02,nan,nan
8.473895582329316767e+01,2.078393574297188877e+02,3.021276190476190209e+02,1.501314285714285575e+02
8.368611111111110290e+01,2.069888888888888800e+02,3.018914728682170221e+02,1.512519379844961236e+02
8.329629629629629051e+01,2.069179894179893893e+02,3.018829365079365061e+02,1.519682539682539471e+02
8.322619047619048160e+01,2.069841269841269877e+02,3.018055555555555429e+02,1.529503968253968083e+02
8.243809523809522943e+01,2.061659863945578195e+02,3.017752808988764173e+02,1.535936329588014928e+02
8.180400000000000205e+01,2.056879999999999882e+02,3.015467479674796323e+02,1.540081300813008056e+02
8.107513661202185062e+01,2.047978142076502763e+02,3.014039215686274247e+02,1.546901960784313701e+02
8.082176870748298825e+01,2.047374149659863747e+02,3.011532567049808335e+02,1.557681992337164729e+02
8.009485094850947462e+01,2.038306233062330364e+02,3.011907630522088084e+02,1.560763052208835120e+02
7.957760814249363079e+01,2.030865139949109448e+02,3.011587301587301226e+02,1.571408730158730123e+02
7.906805555555554577e+01,2.024694444444444343e+02,3.010341365461846976e+02,1.580642570281124222e+02
7.851836734693877418e+01,2.020557823129251460e+02,3.009071969696969404e+02,1.584640151515151274e+02
7.834472934472933048e+01,2.008960113960113745e+02,3.008187134502924209e+02,1.591520467836257353e+02
7.817408906882590713e+01,2.001821862348178058e+02,3.007818930041152043e+02,1.597263374485596614e+02
7.800136612021857729e+01,1.992964480874316848e+02,3.007564102564102200e+02,1.605970695970695772e+02
7.769393939393938808e+01,1.982545454545454504e+02,nan,nan
7.754838709677419217e+01,1.974270353302611340e+02,3.005722543352601406e+02,1.619479768786127067e+02
7.746581196581196593e+01,1.969202279202278874e+02,3.002534930139720473e+02,1.629021956087824208e+02
7.748497267759562135e+01,1.965491803278688394e+02,3.002215686274509494e+02,1.636960784313725412e+02
7.735674931129476306e+01,1.959462809917355344e+02,3.002215686274509494e+02,1.636960784313725412e+02
7.736652236652236070e+01,1.946305916305916242e+02,3.000994152046783370e+02,1.652514619883041007e+02
7.742424242424242209e+01,1.941727272727272862e+02,3.001490196078431154e+02,1.655901960784313758e+02
7.721038251366120164e+01,1.938237704918032875e+02,3.001274509803921546e+02,1.660333333333333314e+02
7.729817158931082588e+01,1.930323488045006854e+02,3.000514285714285734e+02,1.669085714285714346e+02
7.725068870523415399e+01,1.928319559228650064e+02,3.000970695970696056e+02,1.676630036630036500e+02
7.723199999999999932e+01,1.923013333333333037e+02,3.001261770244821037e+02,1.684519774011299376e+02
7.738672438672438147e+01,1.909812409812409726e+02,3.000960784313725185e+02,1.692039215686274360e+02
7.734270414993305565e+01,1.910093708165996986e+02,3.000160427807486485e+02,1.693814616755793168e+02
7.755066666666665753e+01,1.902533333333333019e+02,2.999096045197740068e+02,1.707288135593220204e+02
7.740399999999999636e+01,1.897933333333333223e+02,2.998605072463768124e+02,1.712427536231884062e+02
7.770603674540681993e+01,1.888438320209973540e+02,2.997868852459016580e+02,1.717322404371584810e+02
7.781944444444442865e+01,1.881652777777777601e+02,2.998278985507246261e+02,1.726557971014492523e+02
7.793723849372385359e+01,1.873751743375174215e+02,2.996859344894027117e+02,1.735953757225433662e+02
7.797322623828647181e+01,1.871445783132530210e+02,2.994852071005917082e+02,1.743786982248520587e+02
7.834523809523810201e+01,1.862804232804232640e+02,2.993801169590643099e+02,1.745458089668615855e+02
7.885655737704918522e+01,1.851912568306010769e+02,2.992489959839356857e+02,1.756767068273092320e+02
7.895883134130144754e+01,1.847729083665338692e+02,2.992148594377509880e+02,1.765441767068273009e+02
7.954687500000000000e+01,1.838828125000000000e+02,2.991515151515151274e+02,1.772404040404040302e+02
7.952173913043478137e+01,1.838682476943346273e+02,2.988237547892720158e+02,1.779444444444444287e+02
7.976021080368906269e+01,1.834993412384716578e+02,2.986703703703703354e+02,1.789814814814814667e+02
8.007539682539682246e+01,1.828095238095237960e+02,2.986560846560846585e+02,1.794232804232804313e+02
8.117733333333332268e+01,1.814493333333332998e+02,2.983534136546184641e+02,1.805682730923694805e+02
8.150129198966408239e+01,1.810387596899224718e+02,2.983888888888888573e+02,1.815019841269841265e+02
8.206481481481480955e+01,1.803082010582010355e+02,2.983972055888223167e+02,1.823053892215568794e+02
8.242894056847543993e+01,1.799005167958656273e+02,2.981657657657657410e+02,1.830756756756756829e+02
8.253594771241829164e+01,1.793516339869281069e+02,2.980244821092278471e+02,1.844858757062146992e+02
8.347144754316069282e+01,1.784369189907038447e+02,2.979921568627451052e+02,1.853372549019607902e+02
8.390513833992095272e+01,1.778300395256916886e+02,2.979623015873015675e+02,1.863174603174603021e+02
8.400826446280991888e+01,1.776859504132231393e+02,2.979435028248587400e+02,1.870282485875706300e+02
8.514741035856573603e+01,1.765856573705179358e+02,2.975741811175336693e+02,1.878959537572254419e+02
8.576679841897232848e+01,1.759723320158102808e+02,2.973578154425611615e+02,1.889322033898305051e+02
8.666806722689075571e+01,1.749201680672268822e+02,2.973425414364641028e+02,1.898066298342541529e+02
8.699351491569389339e+01,1.746861219195849344e+02,2.972129629629629335e+02,1.909592592592592553e+02
8.778533333333332678e+01,1.739253333333333273e+02,2.967731755424063067e+02,1.919526627218934891e+02
8.873622047244094801e+01,1.729330708661417191e+02,2.964719101123595237e+02,1.930262172284644180e+02
8.927091633466135079e+01,1.723625498007968133e+02,2.960895238095237687e+02,1.941542857142857201e+02
8.974525745257452058e+01,1.717195121951219505e+02,2.958418079096045403e+02,1.951807909604519864e+02
9.076081424936386099e+01,1.708816793893129784e+02,2.951893939393939377e+02,1.964696969696969688e+02
9.203897849462364888e+01,1.698454301075268802e+02,2.942189922480620226e+02,1.973720930232558146e+02
9.271619812583666942e+01,1.691659973226238094e+02,2.929945945945946164e+02,1.986702702702702652e+02
9.367979002624670670e+01,1.682020997375327909e+02,2.923121693121693170e+02,1.994885361552028087e+02
9.438286479250334082e+01,1.674993306559571522e+02,2.911259259259259125e+02,2.010388888888888914e+02
9.508430609597924388e+01,1.668586251621271117e+02,2.908794726930320280e+02,2.019227871939736190e+02
9.651179941002948226e+01,1.654719764011799441e+02,2.899672131147540881e+02,2.028925318761384062e+02
9.686609686609685355e+01,1.650071225071224887e+02,2.890297951582867313e+02,2.040260707635009112e+02
9.764674634794155850e+01,1.643479415670650496e+02,2.883226950354609812e+02,2.049751773049645180e+02
9.882434301521436737e+01,1.630733056708160404e+02,2.877878787878787534e+02,2.061363636363636260e+02
9.904723346828609465e+01,1.627800269905532957e+02,2.872020725388600795e+02,2.070690846286700832e+02
9.975683060109288647e+01,1.621489071038251097e+02,2.866362007168458490e+02,2.079749103942652084e+02
1.007368421052631646e+02,1.611214574898785372e+02,2.861006944444444002e+02,2.087031250000000000e+02
1.015600000000000023e+02,1.602719999999999914e+02,2.852486772486772679e+02,2.097760141093474431e+02
1.024508196721311464e+02,1.592759562841529828e+02,2.846050724637680673e+02,2.109601449275362199e+02
1.029139784946236489e+02,1.588817204301075208e+02,2.839417122040072741e+02,2.120582877959926975e+02
1.034366013071895338e+02,1.583934640522875554e+02,2.833537037037036725e+02,2.126592592592592439e+02
1.045073627844712121e+02,1.575582329317269057e+02,2.826721915285451132e+02,2.136187845303867334e+02
1.048346153846153896e+02,1.572730769230769283e+02,2.821516853932584468e+02,2.144531835205992252e+02
1.059336099585062243e+02,1.560359612724757881e+02,2.811760299625468065e+02,2.156029962546816137e+02
1.069038208168642825e+02,1.553056653491435952e+02,2.802824858757062430e+02,2.168041431261769958e+02
1.077999999999999972e+02,1.546253333333333160e+02,2.793000000000000114e+02,2.177814814814814781e+02
1.091512605042016872e+02,1.538221288515406115e+02,2.783916211293260403e+02,2.187176684881602569e+02
1.098410041841004130e+02,1.534811715481171461e+02,2.775879396984924483e+02,2.201105527638191006e+02
1.114897660818713376e+02,1.525584795321637159e+02,2.770109289617486183e+02,2.208469945355191157e+02
1.121106382978723417e+02,1.522468085106382887e+02,2.759039855072463752e+02,2.223568840579710013e+02
1.125597222222222200e+02,1.518013888888888800e+02,2.747359550561797619e+02,2.235805243445692554e+02
1.138185654008438803e+02,1.511223628691982981e+02,2.739214559386973065e+02,2.244157088122605046e+02
1.142099290780141843e+02,1.509702127659574558e+02,2.734007707129094342e+02,2.254142581888246468e+02
1.150340425531914832e+02,1.505829787234042669e+02,2.727644927536231876e+02,2.262445652173913118e+02
1.162297872340425471e+02,1.501446808510638391e+02,2.718524904214559115e+02,2.273601532567049617e+02
1.166680911680911663e+02,1.496937321937321599e+02,2.716035087719297962e+02,2.277929824561403507e+02
1.172461964038727444e+02,1.493056708160442554e+02,2.708361581920904086e+02,2.290527306967984771e+02
1.175716198125836627e+02,1.492730923694779221e+02,2.703100358422938712e+02,2.297311827956989134e+02
1.188995815899581601e+02,1.484170153417015285e+02,2.693079922027290536e+02,2.307972709551656578e+02
1.197535014005602250e+02,1.480056022408963372e+02,2.691268115942028771e+02,2.315416666666666572e+02
1.210057471264367734e+02,1.473678160919540119e+02,2.686481481481481524e+02,2.321777777777777771e+02
1.215899581589958132e+02,1.471297071129707206e+02,2.682722513089005361e+02,2.327033158813263185e+02
1.223013888888888800e+02,1.467513888888888687e+02,2.674605734767025069e+02,2.335053763440860166e+02
1.232421652421652283e+02,1.461481481481481239e+02,2.668475177304964063e+02,2.343794326241134627e+02
1.245847701149425149e+02,1.455100574712643606e+02,2.665235602094240903e+02,2.352739965095985895e+02
1.251382823871906709e+02,1.449767103347889190e+02,2.658390151515151274e+02,2.360852272727272805e+02
1.257791842475386659e+02,1.444303797468354560e+02,2.650313725490195793e+02,2.369411764705882320e+02
1.268241134751772989e+02,1.434113475177304906e+02,2.648901960784313587e+02,2.370921568627450711e+02
1.274714086471408478e+02,1.427224546722454477e+02,2.641160220994474912e+02,2.380128913443830356e+02
1.281871584699453592e+02,1.422581967213114638e+02,2.637455197132616149e+02,2.388207885304659328e+02
1.285447470817120745e+02,1.417392996108949319e+02,2.635221088435374099e+02,2.390595238095237960e+02
1.294339869281045594e+02,1.409686274509803923e+02,2.625700757575757507e+02,2.401647727272727195e+02
1.297401574803149629e+02,1.406115485564304208e+02,2.617741347905281941e+02,2.409890710382513532e+02
1.304016064257028233e+02,1.396947791164658668e+02,2.612067039106145216e+02,2.414096834264431664e+02
1.310093708165997270e+02,1.390214190093707884e+02,2.607736185383243992e+02,2.420748663101604166e+02
1.316895161290322562e+02,1.380698924731182728e+02,2.603333333333333144e+02,2.426519337016574696e+02
1.320096021947873624e+02,1.372181069958847672e+02,2.598248587570621453e+02,2.432975517890772039e+02
1.325196078431372371e+02,1.365476190476190368e+02,2.596369047619047592e+02,2.435734126984126817e+02
1.327980636237897727e+02,1.356265560165975046e+02,2.587254901960783968e+02,2.442058823529411882e+02
1.331066666666666549e+02,1.349893333333333203e+02,2.580607843137254349e+02,2.449843137254901535e+02
1.335864453665283520e+02,1.336334716459197693e+02,2.579718875502007904e+02,2.449899598393573967e+02
1.337336065573770441e+02,1.332103825136611874e+02,2.569270216962524387e+02,2.461341222879684381e+02
1.340795610425240056e+02,1.318271604938271651e+02,2.566666666666666288e+02,2.464108108108108013e+02
1.342575163398692837e+02,1.309869281045751563e+02,2.559438596491227713e+02,2.471701754385964591e+02
1.345972789115646151e+02,1.299374149659863917e+02,2.554836956521739069e+02,2.475670289855072213e+02
1.346680053547523244e+02,1.293078982597054676e+02,2.552018018018017642e+02,2.479873873873873720e+02
1.347854406130268217e+02,1.284316730523626973e+02,2.548789473684210520e+02,2.483000000000000114e+02
1.351343472750316721e+02,1.274106463878326991e+02,2.544206773618538193e+02,2.490267379679144426e+02
1.354189723320158123e+02,1.259591567852437350e+02,2.535857988165680581e+02,2.497120315581853731e+02
1.355500000000000114e+02,1.251884615384615387e+02,2.531584699453551934e+02,2.501930783242258372e+02
1.357418936446173632e+02,1.242866407263294377e+02,2.530473484848484702e+02,2.504015151515151274e+02
1.357936507936507837e+02,1.234378306878306830e+02,2.527666666666666515e+02,2.507929824561403507e+02
1.358430609597924672e+02,1.220648508430609525e+02,2.522681159420289703e+02,2.515362318840579690e+02
1.360724043715846960e+02,1.215751366120218506e+02,2.516415770609318656e+02,2.521236559139784958e+02
1.361971014492753511e+02,1.194884057971014499e+02,2.510801457194899626e+02,2.528269581056466109e+02
1.362736111111111086e+02,1.184472222222222229e+02,2.505561694290975936e+02,2.533057090239410343e+02
1.363911290322580783e+02,1.177029569892473120e+02,2.506007326007325844e+02,2.532673992673992416e+02
1.363492063492063266e+02,1.160764790764790604e+02,2.495819819819819827e+02,2.543891891891891817e+02
1.363559577677224581e+02,1.145052790346907869e+02,2.491786372007366310e+02,2.549373848987108602e+02
1.363989071038251097e+02,1.137677595628415190e+02,2.488549905838041241e+02,2.553427495291902005e+02
1.362405063291139129e+02,1.121181434599156148e+02,2.485383244206773554e+02,2.555614973262032095e+02
1.362982456140350678e+02,1.110512820512820440e+02,2.479834254143646319e+02,2.561657458563535670e+02
1.361167369901546920e+02,1.098593530239099749e+02,2.478462962962962592e+02,2.562259259259259352e+02
1.360038461538461547e+02,1.091128205128205053e+02,2.469148936170212778e+02,2.571347517730496293e+02
1.357424836601306879e+02,1.076705882352941188e+02,2.465876685934489387e+02,2.576666666666666288e+02
1.355604838709677438e+02,1.068884408602150557e+02,2.461603603603603574e+02,2.580648648648648873e+02
1.354163372859024719e+02,1.059367588932806257e+02,2.457325581395348877e+02,2.580600775193798313e+02
1.349631147540983704e+02,1.043975409836065609e+02,2.450121212121212011e+02,2.576424242424242266e+02
1.345163690476190368e+02,1.029360119047618980e+02,2.448849206349206327e+02,2.570615079365078941e+02
1.341819389110225700e+02,1.016573705179282854e+02,2.442681159420289703e+02,2.566594202898550634e+02
1.336921017402945040e+02,1.005207496653279691e+02,2.439742063492063266e+02,2.565079365079365061e+02
1.333173333333333233e+02,9.980533333333332280e+01,2.431040462427745581e+02,2.562581888246627955e+02
1.328853333333333069e+02,9.830533333333332280e+01,2.429714285714285609e+02,2.559885714285714187e+02
1.320382513661202211e+02,9.656830601092894995e+01,2.422234636871508258e+02,2.558938547486033599e+02
1.317192982456140271e+02,9.591632928475033282e+01,2.416608527131782864e+02,2.558604651162790731e+02
1.311556420233463029e+02,9.470428015564202440e+01,2.412216014897578873e+02,2.557728119180632973e+02
1.309645120405576506e+02,9.410646387832699133e+01,2.406829710144927503e+02,2.555688405797101268e+02
1.300306666666666615e+02,9.232133333333332814e+01,2.403040293040292852e+02,2.554688644688644388e+02
1.297162534435261705e+02,9.124104683195591292e+01,2.395480572597136586e+02,2.552229038854805481e+02
1.291604426002766104e+02,9.034854771784232241e+01,2.386546184738955674e+02,2.551606425702811123e+02
1.286291666666666629e+02,8.917916666666666003e+01,2.384846625766871284e+02,2.553865030674846537e+02
1.281752988047808799e+02,8.819123505976095601e+01,2.377888198757763973e+02,2.554596273291925570e+02
1.278935897435897289e+02,8.766794871794870403e+01,2.369146825396825307e+02,2.555277777777777715e+02
1.270120481927710898e+02,8.589959839357429416e+01,nan,nan
1.267594936708860729e+02,8.513080168776370726e+01,nan,nan
1.263939393939393909e+02,8.432806324110671881e+01,2.343252032520324803e+02,2.556971544715446782e+02
1.258435114503816834e+02,8.320483460559795219e+01,2.335114942528735753e+02,2.558888888888888857e+02
1.249629629629629619e+02,8.156552706552706411e+01,2.332803030303030027e+02,2.559223484848484702e+02
1.242768817204300973e+02,8.036693548387096087e+01,2.323815028901734081e+02,2.561059730250481152e+02
1.241452658884565494e+02,8.023865110246433119e+01,2.315716945996275342e+02,2.562700186219739180e+02
1.233787289234760038e+02,7.915045395590141197e+01,2.313480662983425304e+02,2.563848987108655706e+02
1.227751004016064229e+02,7.837751004016064371e+01,2.305460992907801199e+02,2.562535460992907588e+02
1.221031446540880410e+02,7.768679245283018986e+01,2.299776536312849089e+02,2.562197392923649772e+02
1.209641434262948252e+02,7.656175298804781448e+01,2.283072625698324032e+02,2.560540037243947609e+02
1.207191601049868694e+02,7.607086614173228156e+01,2.276256983240223519e+02,2.560856610800744875e+02
1.198537794299875969e+02,7.539776951672862992e+01,2.275468164794007180e+02,2.561441947565542705e+02
1.188512616201859089e+02,7.453652058432933813e+01,2.267246376811594075e+02,2.560797101449275033e+02
1.181220472440944889e+02,7.391338582677165903e+01,2.262491408934707522e+02,2.559828178694157828e+02
1.174825268817204176e+02,7.337096774193548754e+01,2.249385474860335137e+02,2.559441340782123007e+02
1.165978835978835946e+02,7.292063492063492447e+01,2.245133689839572071e+02,2.558395721925133728e+02
1.160065616797900105e+02,7.244619422572178280e+01,2.239597069597069492e+02,2.557912087912087884e+02
1.154039999999999964e+02,7.201999999999999602e+01,2.234640883977900501e+02,2.557771639042357208e+02
1.149866666666666504e+02,7.163333333333332575e+01,2.229438405797101268e+02,2.556775362318840337e+02
1.136680161943319831e+02,7.100674763832657277e+01,2.223639846743294868e+02,2.556264367816091863e+02
1.133657587548638190e+02,7.089494163424124906e+01,2.219202453987730053e+02,2.555030674846625800e+02
1.129417989417989361e+02,7.061507936507936734e+01,2.214779116465863069e+02,2.554919678714859401e+02
1.122393822393822376e+02,7.019562419562419109e+01,2.207886178861788267e+02,2.555406504065040565e+02
1.118638132295719885e+02,6.995719844357977024e+01,2.204031007751937636e+02,2.552480620155038480e+02
1.109665327978580933e+02,6.955020080321284581e+01,2.195407407407407163e+02,2.552814814814814781e+02
1.100800524934383162e+02,6.924803149606299257e+01,2.192380952380952124e+02,2.553161904761904566e+02
1.092352150537634401e+02,6.921236559139784106e+01,2.181787148594377470e+02,2.551867469879518069e+02
1.085333333333333314e+02,6.909934640522875782e+01,2.176156862745097840e+02,2.552058823529411882e+02
1.075794270833333286e+02,6.907291666666665719e+01,2.169121756487025721e+02,2.551816367265468841e+02
1.070078431372549090e+02,6.895947712418299602e+01,2.160020449897750154e+02,2.550879345603271702e+02
1.062456839309428887e+02,6.898007968127490130e+01,2.153534136546184641e+02,2.550783132530120554e+02
1.052056194125159578e+02,6.930395913154534071e+01,2.153649906890130126e+02,2.550800744878957005e+02
1.048109452736318303e+02,6.923756218905471371e+01,2.145251937984495783e+02,2.550465116279069662e+02
1.040586766541822641e+02,6.932459425717851786e+01,2.141899441340782175e+02,2.549795158286778189e+02
1.027654808959156725e+02,6.958102766798418770e+01,2.128473895582329192e+02,2.547108433734939865e+02
1.027509727626459153e+02,6.947600518806744674e+01,2.120499001996007564e+02,2.546427145708582600e+02
1.028832684824902657e+02,6.946044098573281644e+01,2.116629001883239027e+02,2.546403013182674044e+02
1.013256704980842926e+02,6.989399744572158113e+01,2.107909604519774120e+02,2.545593220338982974e+02
1.007558299039780394e+02,7.021673525377228486e+01,2.109906367041198223e+02,2.546292134831460601e+02
9.915960451977400680e+01,7.069067796610168841e+01,2.091808943089430670e+02,2.542195121951219505e+02
9.924686192468618628e+01,7.049093444909344441e+01,2.086289682539682531e+02,2.542678571428571388e+02
9.844769874476988036e+01,7.092468619246861294e+01,2.082635658914728367e+02,2.541550387596899157e+02
9.810468319559228689e+01,7.093939393939393767e+01,2.075251937984495783e+02,2.540910852713178087e+02
9.807330567081604045e+01,7.111203319502074294e+01,2.068362573099415158e+02,2.538830409356725113e+02
9.731504922644161582e+01,7.143037974683544178e+01,2.061173184357541857e+02,2.538919925512104214e+02
9.725555555555554577e+01,7.145694444444443150e+01,2.052685714285714198e+02,2.538171428571428692e+02
9.663081009296148238e+01,7.205179282868526514e+01,2.046759776536312927e+02,2.537094972067039009e+02
9.630457516339868107e+01,7.224705882352941444e+01,2.036725146198830316e+02,2.534405458089668457e+02
9.587913486005088259e+01,7.255852417302799040e+01,2.026491228070175339e+02,2.531949317738791194e+02
9.537564102564101631e+01,7.299487179487178423e+01,2.015151515151515014e+02,2.530747474747474541e+02
9.486533333333332507e+01,7.357599999999999341e+01,2.010383141762451942e+02,2.530632183908045931e+02
9.463104325699744379e+01,7.357379134860050840e+01,2.003180076628352140e+02,2.530114942528735753e+02
9.403631647211413735e+01,7.428404669260700643e+01,1.998725490196078169e+02,2.529450980392156794e+02
9.348326639892904666e+01,7.483266398929049501e+01,1.990863453815260868e+02,2.526907630522088084e+02
9.301097393689985893e+01,7.543484224965705209e+01,nan,nan
9.265421853388657780e+01,7.595297372060856844e+01,1.969341563786008180e+02,2.524814814814814952e+02
9.203938115330520020e+01,7.711673699015470618e+01,1.962313725490195679e+02,2.522941176470588118e+02
9.179338842975207058e+01,7.747107438016529102e+01,1.955629629629629278e+02,2.521611111111110972e+02
9.158921161825726642e+01,7.751867219917012619e+01,1.946666666666666288e+02,2.521193181818181870e+02
9.116020671834624522e+01,7.834754521963823493e+01,1.937734082397003590e+02,2.521460674157303288e+02
9.062121212121211045e+01,7.930303030303029743e+01,1.933041894353369514e+02,2.520346083788706437e+02
9.072361111111109722e+01,7.987222222222222001e+01,1.922542372881355845e+02,2.517627118644067821e+02
9.055696202531645156e+01,8.047819971870603695e+01,1.910062111801242111e+02,2.515155279503105703e+02
9.048484848484848442e+01,8.148629148629147778e+01,1.903294797687861148e+02,2.514046242774566338e+02
9.024254742547424257e+01,8.237262872628724608e+01,1.892429718875501976e+02,2.511967871485943533e+02
9.013387978142075951e+01,8.346994535519124270e+01,1.881736526946107801e+02,2.512634730538922270e+02
9.010843373493976571e+01,8.409370816599731313e+01,1.870359281437125674e+02,2.502435129740518676e+02
9.000421940928269748e+01,8.461322081575245591e+01,1.858210922787193624e+02,2.489435028248587685e+02
8.995510204081632821e+01,8.537006802721087695e+01,1.847833333333333314e+02,2.478870370370370324e+02
8.993360433604334503e+01,8.652032520325202825e+01,1.830433925049309494e+02,2.465641025641025408e+02
8.992000000000000171e+01,8.752800000000000580e+01,1.817904761904761699e+02,2.455200000000000102e+02
8.992560801144490767e+01,8.851216022889842350e+01,1.806527777777777715e+02,2.443353174603174409e+02
8.990557939914162944e+01,8.973533619456365784e+01,1.790058823529411711e+02,2.432725490196078226e+02
8.989393939393939092e+01,9.076033057851239505e+01,1.781029962546816421e+02,2.424962546816479119e+02
8.987500000000000000e+01,9.122786458333332860e+01,1.767203065134099518e+02,2.417720306513409696e+02
8.995473251028806772e+01,9.221947873799724960e+01,1.758143939393939377e+02,2.409867424242424079e+02
8.984005376344084937e+01,9.345026881720428946e+01,1.749523809523809632e+02,2.402539682539682531e+02
8.982093663911844317e+01,9.518457300275481714e+01,1.735503875968992133e+02,2.394573643410852526e+02
8.974603174603174693e+01,9.620057720057720019e+01,1.726450450450450376e+02,2.391117117117117061e+02
8.971530758226036539e+01,9.781258941344778179e+01,1.709261363636363740e+02,2.381117424242424079e+02
8.976652601969057343e+01,9.833895921237693472e+01,1.696516853932584183e+02,2.374363295880149565e+02
8.974435028248586832e+01,9.980084745762711407e+01,1.689314285714285688e+02,2.370533333333333132e+02
8.969037656903765310e+01,1.003277545327754439e+02,1.674825046040515701e+02,2.364235727440147059e+02
8.970869565217391539e+01,1.017826086956521721e+02,1.657651515151515014e+02,2.359772727272727195e+02
8.966809728183118011e+01,1.030014306151645087e+02,1.641492248062015449e+02,2.355058139534883708e+02
8.968286099865046879e+01,1.045276653171389967e+02,1.629487179487179276e+02,2.351831501831501612e+02
8.950077519379843238e+01,1.057782945736434073e+02,1.615218253968253919e+02,2.347658730158730123e+02
8.954642313546422372e+01,1.067549467275494663e+02,1.599162011173184226e+02,2.348491620111731777e+02
8.947982062780269530e+01,1.079566517189835508e+02,1.582909441233140626e+02,2.347591522157995882e+02
8.949074074074074758e+01,1.094074074074074048e+02,1.562453987730061442e+02,2.342024539877300526e+02
8.940756914119359067e+01,1.100363901018922803e+02,1.544294478527607453e+02,2.333517382413087660e+02
8.941917024320456164e+01,1.106666666666666572e+02,1.532269938650306642e+02,2.327627811860940312e+02
8.945925925925925526e+01,1.121525925925925833e+02,1.523984674329501843e+02,2.323908045977011625e+02
8.946288209606987607e+01,1.126783114992721977e+02,1.506608187134502828e+02,2.319688109161793363e+02
8.946264367816091578e+01,1.133103448275862064e+02,1.490960451977401249e+02,2.316007532956685111e+02
8.948164464023494702e+01,1.143641703377386136e+02,1.474568627450980216e+02,2.316450980392156680e+02
8.946382978723404733e+01,1.155631205673758757e+02,1.461490683229813783e+02,2.327660455486542048e+02
8.947234678624812432e+01,1.165052316890881769e+02,1.439101796407185532e+02,2.336886227544910071e+02
8.940027894002788855e+01,1.170306834030683376e+02,1.418854805725971175e+02,2.342269938650306642e+02
8.932432432432432279e+01,1.177271557271557185e+02,nan,nan
8.940770252324035994e+01,1.188379814077025145e+02,1.389980158730158450e+02,2.369404761904762040e+02
8.943265306122448521e+01,1.194204081632653072e+02,1.374722222222222285e+02,2.379129629629629221e+02
8.949166666666666003e+01,1.210194444444444315e+02,1.357389558232931677e+02,2.391987951807228967e+02
8.939031339031338064e+01,1.211538461538461604e+02,1.348160919540229941e+02,2.397241379310344769e+02
8.942296918767506497e+01,1.221120448179271563e+02,nan,nan
8.941168658698538252e+01,1.227144754316068997e+02,nan,nan
8.942168674698795883e+01,1.233828647925033408e+02,1.310245398773006116e+02,2.412310838445807519e+02
8.966930171277996919e+01,1.244426877470355777e+02,1.300666666666666629e+02,2.415434343434343418e+02
8.961527777777776294e+01,1.255625000000000000e+02,nan,nan
8.952083333333332860e+01,1.260194444444444315e+02,nan,nan
8.963359788359787217e+01,1.269589947089946946e+02,nan,nan
8.968087855297156352e+01,1.275645994832041197e+02,nan,nan
8.977777777777777146e+01,1.288874999999999886e+02,1.238606060606060595e+02,2.448202020202020037e+02
8.964617486338796937e+01,1.290737704918032875e+02,1.236873706004140701e+02,2.443788819875776426e+02
8.978726287262871608e+01,1.307642276422764098e+02,nan,nan
8.980722891566264821e+01,1.311499330655957181e+02,1.238940269749518137e+02,2.433603082851637396e+02
8.984370677731672572e+01,1.325200553250345763e+02,1.237580952380952226e+02,2.433028571428571354e+02
8.987854630204418527e+01,1.327639646703912604e+02,nan,nan
8.991338582677165903e+01,1.330078740157480297e+02,nan,nan
9.015481171548117345e+01,1.348089260808926042e+02,1.248834355828220879e+02,2.429304703476482530e+02
9.025457102672291398e+01,1.357651195499296648e+02,1.254690618762474941e+02,2.430399201596806336e+02
9.034823848238481503e+01,1.362953929539295359e+02,1.257055214723926326e+02,2.430572597137013986e+02
9.051700680272108457e+01,1.368462585034013443e+02,nan,nan
9.054421768707481988e+01,1.379564625850339894e+02,1.273131313131312936e+02,2.429878787878787989e+02
9.069774011299433880e+01,1.388305084745762770e+02,nan,nan
9.075564971751411747e+01,1.397203389830508513e+02,1.273188405797101410e+02,2.443312629399585489e+02
9.069088319088318428e+01,1.394188034188034067e+02,1.277887596899224718e+02,2.443120155038759549e+02
9.078194444444443434e+01,1.406430555555555486e+02,1.275440613026819818e+02,2.450536398467432662e+02
9.080853994490357195e+01,1.407685950413223281e+02,1.275440613026819818e+02,2.450536398467432662e+02
9.081317204301073787e+01,1.416881720430107521e+02,nan,nan
9.101200000000000045e+01,1.425373333333333221e+02,1.277341269841269735e+02,2.458809523809523796e+02
9.111553784860558380e+01,1.428738379814076893e+02,1.278323353293413192e+02,2.460279441117764350e+02
9.131225296442687522e+01,1.442898550724637516e+02,1.283585271317829211e+02,2.464941860465116292e+02
9.150334672021418214e+01,1.447991967871485883e+02,1.283716475095785370e+02,2.467931034482758719e+02
9.203320561941251299e+01,1.460855683269476231e+02,1.278531746031745939e+02,2.477222222222222001e+02
9.246641318124207487e+01,1.466223067173637560e+02,1.280769230769230660e+02,2.483846153846153868e+02
9.283652618135376144e+01,1.472554278416347415e+02,1.277692307692307736e+02,2.493175542406311536e+02
9.369859514687099988e+01,1.483154533844188734e+02,1.280686274509803866e+02,2.493901960784313303e+02
9.405598958333332860e+01,1.488033854166666572e+02,1.281893491124260436e+02,2.495483234714003800e+02
9.479396325459316586e+01,1.497257217847768800e+02,1.281779141104294411e+02,2.497975460122699474e+02
9.540294511378847631e+01,1.503614457831325240e+02,1.278942115768463026e+02,2.503852295409181465e+02
9.543413978494622540e+01,1.506814516129032313e+02,1.281434108527131741e+02,2.503391472868216852e+02
9.621870882740446973e+01,1.515718050065875957e+02,1.279289617486338813e+02,2.499781420765027349e+02
9.641410256410254931e+01,1.518397435897435628e+02,1.272386831275720027e+02,2.502448559670781663e+02
9.737566137566136604e+01,1.528465608465608341e+02,1.268121212121212125e+02,2.505151515151515014e+02
9.778833967046894315e+01,1.533472750316856548e+02,1.264503968253968083e+02,2.505694444444444287e+02
9.747131147540983420e+01,1.533278688524590052e+02,1.261780303030302974e+02,2.507821969696969688e+02
9.841965471447542768e+01,1.541381142098273358e+02,1.252514619883040865e+02,2.509376218323586443e+02
9.939491298527443064e+01,1.551298527443105684e+02,1.242215568862275461e+02,2.513712574850299291e+02
9.957717250324253655e+01,1.553631647211413451e+02,1.231996124031007724e+02,2.521647286821705052e+02
9.994531250000000000e+01,1.557773437500000000e+02,1.225711382113821060e+02,2.524918699186991660e+02
1.008559999999999945e+02,1.565000000000000000e+02,1.211507936507936449e+02,2.528869047619047592e+02
1.012623828647924995e+02,1.569089692101740070e+02,1.198363636363636431e+02,2.533151515151515127e+02
1.016705426356589186e+02,1.573281653746769848e+02,1.189841269841269735e+02,2.538154761904762040e+02
1.027394957983193251e+02,1.580756302521008365e+02,1.179072978303747448e+02,2.540769230769230660e+02
1.034832663989290467e+02,1.587001338688085355e+02,1.171091954022988517e+02,2.543314176245210660e+02
1.036653594771241700e+02,1.590196078431372655e+02,1.167759562841530112e+02,2.545446265938068962e+02
1.041396574440052660e+02,1.593425559947299064e+02,1.151130268199233626e+02,2.548984674329501559e+02
1.049552845528455265e+02,1.601585365853658516e+02,1.147740740740740648e+02,2.551444444444444457e+02
1.055170068027210846e+02,1.607863945578231153e+02,1.138869731800766232e+02,2.556398467432949815e+02
1.062962962962962905e+02,1.614338624338624015e+02,1.127651515151515014e+02,2.558977272727272805e+02
1.068044077134986196e+02,1.619600550964186993e+02,1.124619883040935662e+02,2.559571150097465875e+02
1.070613333333333230e+02,1.622026666666666586e+02,1.117914438502673846e+02,2.562067736185383069e+02
1.077354085603112850e+02,1.628741893644617278e+02,1.108941176470588204e+02,2.568509803921568277e+02
1.083279352226720675e+02,1.633778677462887856e+02,1.105031055900621055e+02,2.575031055900620913e+02
1.088760000000000048e+02,1.639319999999999879e+02,1.097145708582834231e+02,2.581197604790419291e+02
1.096775956284152898e+02,1.646215846994535354e+02,1.097753222836095688e+02,2.583646408839779269e+02
1.097196382428940495e+02,1.647609819121446719e+02,1.088476190476190339e+02,2.594038095238095138e+02
1.101330798479087463e+02,1.650456273764258697e+02,1.089147727272727337e+02,2.598655303030302548e+02
1.105137844611528664e+02,1.654937343358395765e+02,nan,nan
1.110421768707482926e+02,1.660394557823129276e+02,1.070441767068273009e+02,2.622329317269076228e+02
1.114228274967574492e+02,1.663670557717250063e+02,1.060039920159680520e+02,2.632395209580838582e+02
1.113966408268733801e+02,1.662583979328165356e+02,1.060238095238095184e+02,2.635376984126983757e+02
1.123014048531289859e+02,1.672694763729246290e+02,1.059676190476190385e+02,2.637314285714285802e+02
1.123295310519645085e+02,1.672788339670468645e+02,nan,nan
1.130948509485094746e+02,1.682425474254742426e+02,1.051131313131313050e+02,2.642686868686868138e+02
1.137840000000000060e+02,1.692439999999999998e+02,1.050838445807770825e+02,2.642474437627811312e+02
1.136770833333333286e+02,1.691445312500000000e+02,1.045779092702169493e+02,2.651163708086784823e+02
1.139685039370078670e+02,1.694265091863516943e+02,nan,nan
1.142096774193548328e+02,1.700779569892472978e+02,1.038964803312629357e+02,2.661863354037267300e+02
1.148313878080414980e+02,1.713138780804150372e+02,nan,nan
1.150301837270341139e+02,1.715459317585301733e+02,1.040654396728016167e+02,2.670552147239263832e+02
1.153687664041994623e+02,1.721758530183726918e+02,nan,nan
1.154935897435897374e+02,1.725666666666666345e+02,nan,nan
1.160732758620689680e+02,1.739425287356321803e+02,1.038353909465020450e+02,2.684300411522633567e+02
1.162517882689556359e+02,1.746266094420600723e+02,1.039325153374233111e+02,2.688466257668711705e+02
1.163794037940379411e+02,1.748644986449864405e+02,1.038803921568627260e+02,2.690568627450980443e+02
1.166039051603905108e+02,1.752984658298465490e+02,nan,nan
1.170013550135501248e+02,1.769227642276422898e+02,1.031800766283524808e+02,2.714597701149425006e+02
1.174141843971631118e+02,1.778950354609928866e+02,1.016685823754789197e+02,2.716609195402298838e+02
1.177040229885057414e+02,1.784942528735631981e+02,1.015264116575591942e+02,2.707632058287795758e+02
1.179254571026722829e+02,1.794191279887482153e+02,1.010155038759689745e+02,2.697054263565891006e+02
1.182540983606557319e+02,1.803838797814207453e+02,1.005149812734082246e+02,2.689119850187265683e+02
1.184037356321838956e+02,1.807155172413793025e+02,9.964912280701754810e+01,2.682923976608187218e+02
1.188986175115207402e+02,1.829001536098309941e+02,9.905325443786982476e+01,2.674358974358974024e+02
1.189088191330343705e+02,1.829835575485799382e+02,9.889272030651339662e+01,2.666628352490421321e+02
1.191702741702741690e+02,1.839581529581529367e+02,9.788023952095808511e+01,2.662315369261476690e+02
1.191124661246612391e+02,1.835189701897018892e+02,9.771238095238093990e+01,2.657580952380952226e+02
1.195067750677506666e+02,1.849065040650406502e+02,9.731069958847736245e+01,2.657469135802469395e+02
1.196428571428571388e+02,1.857675070028010964e+02,9.809437751004016093e+01,2.656686746987952006e+02
1.200210210210210136e+02,1.865165165165165035e+02,9.942682926829267842e+01,2.653414634146341200e+02
1.201097046413502056e+02,1.869592123769338627e+02,1.006388888888888857e+02,2.653035714285714448e+02
1.201890331890331822e+02,1.874646464646464494e+02,nan,nan
1.203727144866385288e+02,1.886624472573839739e+02,1.019822485207100584e+02,2.652110453648915041e+02
1.205537848605577693e+02,1.887423638778220152e+02,1.028670756646216660e+02,2.654274028629856730e+02
1.208208516886930965e+02,1.901042584434654827e+02,1.043087121212121104e+02,2.658257575757575637e+02
1.209795918367346985e+02,1.911278911564625673e+02,1.050898203592814326e+02,2.670718562874251347e+02
1.210557939914163086e+02,1.918726752503576449e+02,1.060060606060606005e+02,2.677393939393939490e+02
1.215276595744680890e+02,1.936056737588652368e+02,1.065325443786982191e+02,2.682011834319526429e+02
1.216997126436781542e+02,1.941896551724137794e+02,nan,nan
1.219315866084425011e+02,1.951120815138282296e+02,nan,nan
1.221258366800535384e+02,1.962904953145916807e+02,1.080018315018314894e+02,2.699304029304029200e+02
1.222764227642276467e+02,1.970230352303522920e+02,1.074919678714859259e+02,2.723694779116465838e+02
1.226570247933884303e+02,1.983085399449035719e+02,1.068856589147286797e+02,2.716375968992247749e+02
1.230465793304221194e+02,1.994090247452692779e+02,1.053411306042884945e+02,2.711578947368420813e+02
1.229809523809523739e+02,1.998176870748299052e+02,1.049069767441860535e+02,2.704728682170542129e+02
1.230992063492063551e+02,2.004550264550264558e+02,1.043595959595959499e+02,2.700888888888888459e+02
1.235112881806108902e+02,2.016069057104913611e+02,1.037538759689922330e+02,2.695426356589147190e+02
1.237261904761904816e+02,2.023201058201058231e+02,1.027364341085271207e+02,2.695697674418604493e+02
1.242356321839080380e+02,2.039942528735631981e+02,1.016704761904761796e+02,2.695238095238095184e+02
1.241850282485875567e+02,2.043884180790960272e+02,nan,nan
1.244979591836734727e+02,2.054829931972788870e+02,1.007389558232931535e+02,2.691004016064256916e+02
1.247486338797814085e+02,2.061994535519125691e+02,1.001582867783985051e+02,2.692141527001862187e+02
1.246961178045515339e+02,2.062864792503346507e+02,9.972156862745096362e+01,2.690509803921568732e+02
1.249651162790697612e+02,2.068940568475452153e+02,9.878118609406952544e+01,2.690327198364008154e+02
1.252248677248677211e+02,2.080105820105819987e+02,9.825655430711609029e+01,2.689644194756554043e+02
1.253886639676113361e+02,2.083940620782725830e+02,9.808801498127338903e+01,2.688764044943820295e+02
1.254252873563218458e+02,2.090204342273307532e+02,9.800387596899223297e+01,2.689089147286821344e+02
1.258998628257887447e+02,2.102441700960219180e+02,9.723970037453182158e+01,2.689588014981273432e+02
1.260550964187327736e+02,2.109242424242424079e+02,nan,nan
1.263181818181818130e+02,2.112011019283746407e+02,9.564313725490195850e+01,2.692705882352940989e+02
1.265400000000000063e+02,2.123626666666666551e+02,9.523970037453182158e+01,2.692191011235955216e+02
1.267068965517241423e+02,2.131479885057470938e+02,9.492424242424240788e+01,2.692935606060605664e+02
1.267598870056497162e+02,2.137740112994350170e+02,9.469904761904761870e+01,2.691085714285714516e+02
1.268465829846582977e+02,2.141952580195257951e+02,9.408901515151514161e+01,2.693484848484848158e+02
1.270861111111110944e+02,2.152666666666666799e+02,9.361648745519711667e+01,2.694677419354838435e+02
1.272350427350427395e+02,2.159472934472934469e+02,9.361648745519711667e+01,2.694677419354838435e+02
1.273216885007277881e+02,2.174774381368267484e+02,9.332588454376163156e+01,2.695307262569832574e+02
1.273212365591397770e+02,2.183293010752688019e+02,9.290763052208835404e+01,2.698012048192771317e+02
1.272208994708994680e+02,2.194629629629629619e+02,9.225406504065040281e+01,2.698699186991869965e+02
1.272999999999999972e+02,2.198306666666666445e+02,9.215277777777777146e+01,2.696051587301587347e+02
1.272830687830687850e+02,2.205462962962962763e+02,9.126946107784431206e+01,2.685009980039919810e+02
1.271863945578231210e+02,2.218299319727890975e+02,9.079999999999999716e+01,2.670870370370370210e+02
1.271115760111575952e+02,2.228158995815899459e+02,8.967023172905524575e+01,2.658110516934046359e+02
1.270896358543417364e+02,2.237549019607843093e+02,8.856840077071289841e+01,2.647090558766859090e+02
1.269333333333333229e+02,2.252478260869565077e+02,8.796441947565543273e+01,2.640599250936329554e+02
1.270029239766081730e+02,2.258757309941520361e+02,8.706779661016949490e+01,2.630922787193973136e+02
1.268091168091168015e+02,2.262037037037036953e+02,8.602185792349726512e+01,2.621493624772313069e+02
1.266290097629009779e+02,2.266304044630404348e+02,8.595008912655971756e+01,2.620534759358288852e+02
1.264852150537634401e+02,2.268172043010752645e+02,8.474952919020715569e+01,2.609642184557438895e+02
1.262279314888010475e+02,2.270619235836627183e+02,8.456719022687607890e+01,2.607556719022687162e+02
1.251781376518218565e+02,2.280580296896086168e+02,8.440333333333332178e+01,2.605683333333333280e+02
1.244386666666666628e+02,2.284720000000000084e+02,8.336998254799301833e+01,2.596596858638743583e+02
1.241802853437094569e+02,2.286511024643320127e+02,8.336998254799301833e+01,2.596596858638743583e+02
1.227306547619047450e+02,2.292455357142857224e+02,8.281340579710145278e+01,2.591340579710144993e+02
1.223433476394849748e+02,2.293233190271816682e+02,8.226102292768959501e+01,2.586843033509699694e+02
1.216889818688981819e+02,2.296359832635983196e+02,8.200529100529099935e+01,2.583245149911816156e+02
1.211200000000000045e+02,2.297466666666666697e+02,8.200529100529099935e+01,2.583245149911816156e+02
1.202385185185185037e+02,2.298962962962962990e+02,8.095614035087719174e+01,2.575052631578947171e+02
1.196820083682008402e+02,2.298033472803347195e+02,8.041269841269840413e+01,2.569623015873015675e+02
1.193986394557823019e+02,2.295523809523809291e+02,7.997126436781609016e+01,2.565440613026819960e+02
1.182598639455782177e+02,2.293687074829931873e+02,7.997126436781609016e+01,2.565440613026819960e+02
1.175922974767596116e+02,2.293041168658698439e+02,7.971647509578544089e+01,2.564521072796934504e+02
1.170223978919630952e+02,2.291054018445322811e+02,7.946274509803920694e+01,2.562274509803921205e+02
1.161443994601889216e+02,2.287476383265856725e+02,7.848964218455743946e+01,2.553785310734463394e+02
1.155020920502091997e+02,2.284295676429567550e+02,7.847592592592592098e+01,2.554314814814814554e+02
1.151908602150537604e+02,2.284247311827956821e+02,7.830286738351253462e+01,2.553835125448028407e+02
1.142849872773536788e+02,2.281081424936386668e+02,7.800499999999999545e+01,2.553383333333333098e+02
1.136095617529880428e+02,2.276852589641434292e+02,7.700349040139616363e+01,2.546649214659685754e+02
1.123891213389121333e+02,2.271087866108786670e+02,7.610721247563351710e+01,2.541169590643274887e+02
1.122765957446808471e+02,2.270794326241134513e+02,7.610018214936246750e+01,2.543734061930782957e+02
1.115355191256830523e+02,2.266967213114754145e+02,7.601030927835051898e+01,2.544501718213058155e+02
1.105559895833333286e+02,2.261614583333333144e+02,7.583245149911816441e+01,2.546402116402116462e+02
1.097937743190661450e+02,2.257444876783397945e+02,7.539153439153439251e+01,2.543086419753086034e+02
1.083347338935574129e+02,2.249173669467786851e+02,7.400766283524903599e+01,2.533927203065133824e+02
1.081730769230769198e+02,2.248423076923076849e+02,7.392655367231638763e+01,2.534613935969867953e+02
1.069694444444444343e+02,2.241388888888888573e+02,7.365384615384616041e+01,2.533553113553113292e+02
1.061441798941798851e+02,2.236283068783068586e+02,7.365384615384616041e+01,2.533553113553113292e+02
1.054034391534391375e+02,2.231798941798941485e+02,7.331443298969071520e+01,2.532044673539518840e+02
1.041713147410358573e+02,2.223904382470119572e+02,7.210630630630630833e+01,2.524810810810810722e+02
1.034506666666666632e+02,2.218839999999999861e+02,7.205496453900708786e+01,2.523918439716312037e+02
1.028190104166666572e+02,2.213945312500000000e+02,7.205496453900708786e+01,2.523918439716312037e+02
1.020149051490514864e+02,2.209742547425474015e+02,7.157608695652173481e+01,2.522753623188405641e+02
1.013705179282868585e+02,2.206254980079681332e+02,7.144091710758377189e+01,2.522557319223985530e+02
1.002408163265306058e+02,2.197551020408163254e+02,7.083143939393939092e+01,2.518352272727272805e+02
9.982133333333332814e+01,2.193853333333333069e+02,7.082688766114179657e+01,2.517569060773480771e+02
9.896867167919798192e+01,2.189185463659147786e+02,7.090689013035381549e+01,2.517988826815642369e+02
9.845052083333332860e+01,2.184361979166666572e+02,7.090689013035381549e+01,2.517988826815642369e+02
9.782101167315174450e+01,2.181076523994811964e+02,7.040909090909090651e+01,2.518257575757575353e+02
9.699869791666665719e+01,2.173294270833333144e+02,7.025724637681159379e+01,2.517663043478260931e+02
9.617076502732238907e+01,2.169644808743169335e+02,7.032600732600731419e+01,2.517179487179487012e+02
9.574119241192411778e+01,2.164810298102980823e+02,7.049189189189189619e+01,2.515711711711711587e+02
9.463241106719367224e+01,2.158247694334650646e+02,7.124772313296902837e+01,2.519581056466302016e+02
9.410594315245477048e+01,2.157235142118862825e+02,7.147486033519552961e+01,2.519757914338919704e+02
9.337848605577688943e+01,2.151128818061088737e+02,7.154476190476189856e+01,2.520647619047618662e+02
9.256410256410255499e+01,2.144804318488529020e+02,7.207677902621722410e+01,2.527471910112359410e+02
9.216602316602316591e+01,2.143114543114542982e+02,7.311657559198542344e+01,2.536684881602914174e+02
9.188020833333332860e+01,2.138763020833333144e+02,7.423563218390805218e+01,2.535038314176244967e+02
9.135315985130111471e+01,2.137013630731102865e+02,7.518787878787878753e+01,2.536262626262625872e+02
9.030120481927710330e+01,2.131311914323962355e+02,7.586705202312138852e+01,2.535375722543352595e+02
8.973966942148760495e+01,2.126625344352616764e+02,7.659116022099448173e+01,2.532486187845303789e+02
8.913770913770912330e+01,2.123809523809523796e+02,7.688888888888888573e+01,2.533185185185184878e+02
8.865128205128205252e+01,2.120051282051281873e+02,7.778243512974052010e+01,2.527265469061875933e+02
8.759523809523808779e+01,2.114411027568922066e+02,7.809270216962524103e+01,2.530355029585798832e+02
8.678002699055329572e+01,2.110607287449392686e+02,7.854074074074073053e+01,2.536759259259259238e+02
8.609079118028533628e+01,2.105940337224383825e+02,7.903047619047617900e+01,2.528514285714285847e+02
8.485922974767595406e+01,2.097848605577689227e+02,7.897632058287796042e+01,2.531202185792349724e+02
8.453994490358125802e+01,2.093002754820936673e+02,7.983876811594201683e+01,2.531340579710144709e+02
8.428352490421455911e+01,2.085415070242656270e+02,8.019020715630884411e+01,2.536007532956685111e+02
8.346025641025640596e+01,2.076358974358974194e+02,8.101685393258426870e+01,2.531779026217228363e+02
8.307058823529412450e+01,2.069607843137254974e+02,8.133516483516483220e+01,2.532564102564102484e+02
8.284533333333332905e+01,2.062306666666666501e+02,8.174952919020715569e+01,2.534067796610169410e+02
8.216054421768707527e+01,2.049183673469387656e+02,8.270224719101123867e+01,2.534981273408239701e+02
8.202091503267973849e+01,2.044666666666666686e+02,8.430353817504655467e+01,2.542960893854748576e+02
8.127943262411346836e+01,2.032794326241134684e+02,8.634313725490194713e+01,2.543274509803921433e+02
8.096133333333332871e+01,2.024213333333333082e+02,8.796212121212120394e+01,2.542689393939393767e+02
8.069410150891631872e+01,2.014924554183813257e+02,8.921111111111110858e+01,2.542611111111111200e+02
8.057661290322580783e+01,2.010497311827956821e+02,9.017277486910994355e+01,2.543787085514833848e+02
8.033199999999999363e+01,2.003893333333333260e+02,9.075740740740739909e+01,2.547703703703703582e+02
7.989344262295081478e+01,1.991243169398906900e+02,9.236952380952381247e+01,2.541714285714285779e+02
7.977734375000000000e+01,1.986367187500000000e+02,9.276036036036035171e+01,2.539207207207206807e+02
7.957887517146775735e+01,1.981220850480109732e+02,9.354444444444445139e+01,2.533370370370370210e+02
7.940771349862258432e+01,1.975179063360881457e+02,9.409310986964617030e+01,2.530558659217876993e+02
7.926902887139107179e+01,1.970131233595800211e+02,9.477083333333332860e+01,2.528003472222222001e+02
7.888456549935148132e+01,1.955836575875486290e+02,9.567955801104972124e+01,2.519558011049723802e+02
7.886429512516468776e+01,1.954453227931488755e+02,9.641242937853107264e+01,2.515706214689265607e+02
7.879399141630901227e+01,1.945822603719599329e+02,9.707853403141361071e+01,2.519284467713786739e+02
7.876964769647696585e+01,1.940989159891598774e+02,9.816949152542372303e+01,2.520433145009416194e+02
7.861042524005486598e+01,1.929039780521261775e+02,9.924242424242423510e+01,2.519715909090909065e+02
7.857740585774058673e+01,1.921129707112970664e+02,1.003142857142857167e+02,2.518190476190475806e+02
7.860900140646975842e+01,1.916736990154711577e+02,1.012846441947565381e+02,2.516048689138576719e+02
7.846802721088434396e+01,1.912244897959183731e+02,1.022481060606060481e+02,2.513863636363636260e+02
7.855423280423279664e+01,1.904748677248677211e+02,1.032513966480446896e+02,2.508919925512104214e+02
7.874104683195591292e+01,1.891721763085399459e+02,1.037535460992907730e+02,2.507890070921985455e+02
7.901159420289853585e+01,1.881536231884057884e+02,1.047348066298342530e+02,2.504990791896869098e+02
7.912552301255230702e+01,1.873389121338912275e+02,1.052523540489642073e+02,2.504613935969867953e+02
7.915782312925169606e+01,1.867551020408163254e+02,1.061618497109826649e+02,2.505105973025047774e+02
7.926266666666666083e+01,1.863546666666666454e+02,1.064074074074074048e+02,2.508703703703703525e+02
7.995454545454545325e+01,1.843250688705234097e+02,1.073930635838150351e+02,2.507745664739884432e+02
8.030440771349861961e+01,1.830881542699724207e+02,1.077265917602996126e+02,2.509157303370786565e+02
8.053358681875791092e+01,1.825804816223067064e+02,1.084450867052023142e+02,2.509672447013487329e+02
8.074289405684753262e+01,1.816343669250645974e+02,1.086064257028112365e+02,2.511325301204819311e+02
8.105054644808743092e+01,1.811448087431693921e+02,1.116212121212121104e+02,2.509242424242424079e+02
8.125911458333332860e+01,1.804895833333333144e+02,1.120059171597633139e+02,2.504003944773175476e+02
8.178215223097112130e+01,1.788648293963254616e+02,1.122774566473988500e+02,2.499768786127167743e+02
8.194052044609665586e+01,1.784510532837670098e+02,1.124392156862744940e+02,2.497176470588235304e+02
8.242222222222221717e+01,1.775074074074074133e+02,1.125714285714285694e+02,2.492038095238094968e+02
8.312820512820512420e+01,1.762474358974358779e+02,1.126220930232558146e+02,2.489515503875968818e+02
8.358302122347065222e+01,1.755093632958801493e+02,1.124386973180076552e+02,2.486704980842911823e+02
8.406177606177605810e+01,1.746177606177606094e+02,1.127050505050504938e+02,2.478606060606060737e+02
8.459156785243740728e+01,1.737312252964426875e+02,1.127151162790697612e+02,2.474515503875968818e+02
8.478743961352657266e+01,1.734504830917874187e+02,1.127495183044315894e+02,2.474161849710982608e+02
8.547601010101008967e+01,1.724797979797979792e+02,1.129960317460317327e+02,2.469960317460317185e+02
8.636835748792269385e+01,1.715314009661835541e+02,1.130690335305719714e+02,2.468698224852070950e+02
8.725853018372701797e+01,1.704776902887138874e+02,1.129434343434343333e+02,2.462141414141413804e+02
8.760978835978835377e+01,1.698716931216931130e+02,1.128145956607494895e+02,2.458816568047337228e+02
8.828442728442728082e+01,1.690759330759330794e+02,1.130361445783132552e+02,2.453634538152610105e+02
8.914885496183205760e+01,1.682519083969465612e+02,1.130361445783132552e+02,2.453634538152610105e+02
8.970946822308690116e+01,1.676744487678339510e+02,1.131577909270216793e+02,2.451735700197238259e+02
9.069672131147541450e+01,1.667131147540983704e+02,1.132378167641325462e+02,2.445282651072124338e+02
9.161865569272976018e+01,1.658504801097393511e+02,1.132378167641325462e+02,2.445282651072124338e+02
9.165006385696040070e+01,1.656538952745849258e+02,1.133409961685823646e+02,2.444291187739463567e+02
9.268314321926487764e+01,1.647553865652724880e+02,1.133154761904761898e+02,2.444861111111110858e+02
9.344617380025938758e+01,1.639753566796368318e+02,1.133154761904761898e+02,2.444861111111110858e+02
9.408575380359611984e+01,1.633125864453665201e+02,1.137105788423153570e+02,2.444351297405189598e+02
9.468642951251645457e+01,1.628695652173913118e+02,1.139980620155038622e+02,2.443992248062015449e+02
9.552473958333332860e+01,1.619427083333333144e+02,1.138604651162790731e+02,2.446899224806201403e+02
9.546969696969696884e+01,1.619280303030303116e+02,1.143066666666666578e+02,2.448076190476190277e+02
9.674933333333332541e+01,1.607333333333333201e+02,1.153829365079365061e+02,2.447023809523809632e+02
9.742933333333333223e+01,1.600893333333333146e+02,1.150368098159509174e+02,2.450490797546012232e+02
9.837617135207496233e+01,1.592998661311914361e+02,1.146544715447154346e+02,2.453882113821138091e+02
9.950137741046830797e+01,1.584545454545454675e+02,1.146422764227642261e+02,2.454491869918699081e+02
9.986289308176100121e+01,1.581232704402515594e+02,1.146422764227642261e+02,2.454491869918699081e+02
1.010508701472556794e+02,1.570669344042837849e+02,1.146422764227642261e+02,2.454491869918699081e+02
1.016085753803595964e+02,1.564633471645919656e+02,1.147992202729044635e+02,2.457017543859649038e+02
1.021700133868808535e+02,1.559973226238286372e+02,1.147976190476190510e+02,2.456507936507936165e+02
1.034819277108433795e+02,1.550200803212851497e+02,1.147976190476190510e+02,2.456507936507936165e+02
1.043279569892473120e+02,1.545470430107526738e+02,1.147976190476190510e+02,2.456507936507936165e+02
1.051558265582655736e+02,1.539688346883468739e+02,1.149770114942528778e+02,2.454406130268199036e+02
1.067849002849002744e+02,1.529857549857549657e+02,1.156589147286821628e+02,2.448817829457364326e+02
1.075718390804597533e+02,1.525574712643677913e+02,1.156104417670682665e+02,2.450160642570280913e+02
1.082134986225895261e+02,1.522286501377410275e+02,1.155737373737373588e+02,2.450505050505050235e+02
1.084854771784232383e+02,1.520940525587828347e+02,1.155737373737373588e+02,2.450505050505050235e+02
1.091928374655647218e+02,1.515110192837465490e+02,1.156666666666666572e+02,2.448402366863905399e+02
1.100868347338935536e+02,1.512100840336134411e+02,1.158016359918200209e+02,2.445214723926380316e+02
1.107028112449799266e+02,1.509665327978580933e+02,1.155069033530571829e+02,2.444694280078895190e+02
1.113389355742296800e+02,1.506162464985994234e+02,1.157445109780439054e+02,2.443832335329341277e+02
1.119677419354838719e+02,1.504543010752688019e+02,1.157445109780439054e+02,2.443832335329341277e+02
1.124661246612465959e+02,1.501327913279132815e+02,1.157445109780439054e+02,2.443832335329341277e+02
1.133304721030042970e+02,1.497267525035765061e+02,1.159285714285714306e+02,2.446150793650793389e+02
1.135700280112044709e+02,1.496414565826330545e+02,1.162873563218390842e+02,2.445938697318007371e+02
1.141266666666666509e+02,1.494266666666666481e+02,1.162873563218390842e+02,2.445938697318007371e+02
1.147627118644067821e+02,1.490353107344632519e+02,1.165934959349593356e+02,2.445630081300812719e+02
1.148888888888888857e+02,1.491271753681392056e+02,1.166743737957610705e+02,2.448497109826589622e+02
1.161545454545454561e+02,1.486636363636363569e+02,1.174518072289156692e+02,2.447730923694778937e+02
1.162878120411159983e+02,1.487327459618208252e+02,1.176047904191616738e+02,2.450379241516965863e+02
1.168965517241379359e+02,1.485244252873563084e+02,1.179226190476190510e+02,2.452023809523809632e+02
1.172217630853994450e+02,1.486721763085399459e+02,1.181425818882466103e+02,2.452215799614643288e+02
1.176345381526104461e+02,1.485327978580990589e+02,1.184341563786008180e+02,2.452160493827160508e+02
1.178024691358024683e+02,1.486502057613168688e+02,1.188585858585858404e+02,2.451515151515151558e+02
1.185059288537549378e+02,1.485691699604743121e+02,nan,nan
1.189959183673469454e+02,1.487006802721088263e+02,nan,nan
1.197322404371584668e+02,1.490737704918032875e+02,nan,nan
1.203254901960784338e+02,1.491895424836601194e+02,nan,nan
1.211894586894586894e+02,1.498162393162393187e+02,nan,nan
1.212095238095238017e+02,1.498598639455782120e+02,1.196128364389233809e+02,2.447412008281573321e+02
1.212039999999999935e+02,1.499333333333333087e+02,1.196036585365853711e+02,2.445731707317073074e+02
1.215178117048345996e+02,1.501450381679389352e+02,nan,nan
1.214799498746867101e+02,1.502418546365914551e+02,nan,nan
1.215962059620596136e+02,1.505230352303522920e+02,1.196463414634146289e+02,2.440284552845528196e+02
1.226779661016949206e+02,1.517344632768361237e+02,1.196202020202020151e+02,2.438323232323232048e+02
1.225759897828863245e+02,1.515964240102171061e+02,1.193487475915221552e+02,2.435125240847784198e+02
1.230172642762284170e+02,1.521713147410358431e+02,1.194493554327808340e+02,2.430994475138121516e+02
1.231145833333333286e+02,1.526080729166666572e+02,1.191490196078431296e+02,2.427294117647058727e+02
1.236053333333333342e+02,1.533799999999999955e+02,1.182168674698795172e+02,2.412088353413654431e+02
1.238340026773761622e+02,1.538313253012048278e+02,1.171835205992509259e+02,2.402790262172284486e+02
1.242322834645669332e+02,1.545170603674540359e+02,1.164186046511627950e+02,2.380096899224806180e+02
1.246541143654114308e+02,1.554225941422594133e+02,1.157370600414078581e+02,2.366149068322981464e+02
1.247360000000000042e+02,1.556826666666666483e+02,1.154146341463414700e+02,2.347764227642276182e+02
1.250136054421768677e+02,1.563183673469387713e+02,nan,nan
1.253362068965517295e+02,1.570244252873563084e+02,1.144598393574297148e+02,2.321907630522088084e+02
1.255475234270414973e+02,1.574136546184738847e+02,1.139901380670611388e+02,2.312307692307692264e+02
1.256901798063623801e+02,1.576970954356846448e+02,1.135702811244979813e+02,2.300863453815260868e+02
1.260745428973277029e+02,1.587215189873417671e+02,1.134086629001883182e+02,2.295706214689265607e+02
1.264114365411436438e+02,1.594058577405857875e+02,1.128374485596707615e+02,2.283189300411522424e+02
1.267288135593220346e+02,1.600112994350282349e+02,1.124417177914110368e+02,2.275971370143149102e+02
1.271129707112970664e+02,1.609539748953974936e+02,1.122909090909090963e+02,2.273373737373737242e+02
1.275335968379446570e+02,1.617918313570487214e+02,1.123216374269005797e+02,2.270935672514619910e+02
1.277053333333333285e+02,1.623986666666666565e+02,1.114552845528455123e+02,2.253861788617885793e+02
1.279916666666666600e+02,1.630569444444444400e+02,1.110430711610486725e+02,2.241647940074905989e+02
1.283106666666666626e+02,1.638706666666666649e+02,1.106382113821138091e+02,2.236808943089430670e+02
1.286497395833333144e+02,1.645182291666666572e+02,1.104039215686274389e+02,2.228156862745098010e+02
1.294491525423728717e+02,1.658361581920903802e+02,1.099636363636363683e+02,2.220606060606060623e+02
1.296851851851851620e+02,1.666203703703703525e+02,1.097836257309941459e+02,2.214385964912280826e+02
1.304099462365591364e+02,1.676922043010752645e+02,nan,nan
1.310366013071895281e+02,1.690771241830065321e+02,1.090568627450980301e+02,2.192568627450980330e+02
1.315555555555555429e+02,1.702910052910052627e+02,1.085661080074487899e+02,2.188659217877095102e+02
1.323562753036437130e+02,1.715668016194331926e+02,1.079725490196078397e+02,2.176627450980392098e+02
1.330173333333333119e+02,1.730706666666666536e+02,1.072787193973634601e+02,2.170338983050847332e+02
1.331513994910941392e+02,1.733600508905852280e+02,1.064696132596685061e+02,2.166924493554327569e+02
1.339591567852437208e+02,1.749920948616600924e+02,1.054230019493177366e+02,2.162300194931773660e+02
1.346575875486381335e+02,1.763813229571984493e+02,1.045818540433924966e+02,2.152741617357001758e+02
1.352287581699346219e+02,1.774392156862745082e+02,1.045209580838323404e+02,2.151716566866267328e+02
1.358234519104084086e+02,1.787430830039525631e+02,1.034280510018214869e+02,2.139927140255009022e+02
1.363901808785529681e+02,1.800284237726098127e+02,1.021329479768786115e+02,2.131965317919075176e+02
1.369655172413793025e+02,1.811187739463601645e+02,1.011884920634920491e+02,2.125119047619047592e+02
1.375327868852459119e+02,1.822390710382513532e+02,1.001657355679701880e+02,2.118994413407821185e+02
1.380474308300395307e+02,1.830632411067193743e+02,9.946224677716388385e+01,2.112486187845303789e+02
1.382736705577172245e+02,1.836835278858625031e+02,9.822407407407406765e+01,2.105870370370370210e+02
1.391325459317585285e+02,1.851942257217847612e+02,9.729141716566866194e+01,2.105369261477045768e+02
1.395842985842985797e+02,1.863976833976834087e+02,9.604022988505747094e+01,2.098314176245210660e+02
1.402726098191214419e+02,1.876472868217054213e+02,9.539463601532565917e+01,2.095881226053639637e+02
1.406159695817490558e+02,1.884182509505703536e+02,9.399013806706113883e+01,2.092386587771202926e+02
1.411115241635687596e+02,1.893754646840148723e+02,9.384469696969695462e+01,2.091590909090909065e+02
1.416641025641025635e+02,1.908589743589743364e+02,9.267695473251028204e+01,2.086049382716049365e+02
1.423661417322834666e+02,1.918727034120734913e+02,9.277450980392156055e+01,2.085784313725490051e+02
1.428695090439276214e+02,1.928514211886304679e+02,9.212318840579709445e+01,2.081485507246376585e+02
1.432426564495529817e+02,1.935785440613026935e+02,9.192178770949720956e+01,2.080186219739292142e+02
1.436169934640522570e+02,1.944039215686274531e+02,nan,nan
1.442493224932249234e+02,1.954878048780487916e+02,8.796274509803920694e+01,2.074411764705882320e+02
1.446181353767560438e+02,1.961941251596423967e+02,8.616274509803920978e+01,2.069549019607842979e+02
1.449622395833333144e+02,1.968111979166666572e+02,8.628248587570621453e+01,2.063295668549905599e+02
1.457812500000000000e+02,1.981614583333333144e+02,8.706042884990252162e+01,2.056432748538011595e+02
1.457388059701492580e+02,1.982425373134328481e+02,8.726789366053169772e+01,2.050490797546012232e+02
1.462175032175032072e+02,1.988828828828828819e+02,nan,nan
1.470651340996168699e+02,1.994469987228607692e+02,8.700394477317553310e+01,2.036686390532544237e+02
1.480875160875160645e+02,2.001531531531531414e+02,8.723506743737956981e+01,2.030905587668593171e+02
1.489893333333333203e+02,2.007319999999999993e+02,8.737592592592592666e+01,2.026888888888888971e+02
1.497755102040816269e+02,2.012217687074829655e+02,8.715187376725837964e+01,2.020808678500985991e+02
1.505751633986928084e+02,2.016679738562091302e+02,8.646544715447153351e+01,2.009044715447154204e+02
1.518151147098515423e+02,2.021956815114709514e+02,8.603118908382064944e+01,2.003528265107212292e+02
1.523902777777777544e+02,2.024652777777777715e+02,8.592215568862275177e+01,2.000638722554890023e+02
1.530592885375494063e+02,2.026640316205533736e+02,8.535999999999999943e+01,1.990076190476190163e+02
1.534888888888888800e+02,2.029424836601307049e+02,8.508839779005525372e+01,1.983057090239410343e+02
1.545560165975103644e+02,2.033914246196403610e+02,nan,nan
1.550325520833333144e+02,2.036276041666666572e+02,8.498015873015872046e+01,1.954444444444444287e+02
1.553282828282828234e+02,2.038699494949494806e+02,8.574404761904762040e+01,1.936011904761904816e+02
1.557997416020671722e+02,2.038798449612403090e+02,8.634343434343433898e+01,1.914909090909090992e+02
1.570377358490566166e+02,2.045132075471697988e+02,8.664272559852669531e+01,1.893149171270718227e+02
1.576347941567064765e+02,2.048884462151394530e+02,8.663768115942028203e+01,1.877807971014492523e+02
1.581477124183006424e+02,2.053150326797385503e+02,8.699808429118773745e+01,1.860881226053639637e+02
1.587633209417595879e+02,2.058488228004956397e+02,8.712689393939393767e+01,1.843939393939393767e+02
1.588480392156862706e+02,2.059436274509803866e+02,8.723153692614769739e+01,1.836347305389221560e+02
1.600707070707070727e+02,2.071489898989898677e+02,8.741420118343195611e+01,1.823412228796844090e+02
1.603595505617977608e+02,2.072471910112359410e+02,nan,nan
1.606449553001276911e+02,2.077547892720306493e+02,8.742714570858282741e+01,1.801437125748502979e+02
1.612737226277372145e+02,2.084890510948904989e+02,8.749700598802395746e+01,1.785329341317365390e+02
1.616524317912218009e+02,2.089264531435349852e+02,8.752173913043478137e+01,1.782422360248447148e+02
1.623694344163658059e+02,2.096209386281588536e+02,8.774269005847953906e+01,1.764912280701754526e+02
1.631432192648922523e+02,2.107972116603295092e+02,8.744313725490195566e+01,1.757274509803921489e+02
1.634461343472750059e+02,2.112116603295310426e+02,8.726325757575756370e+01,1.741666666666666572e+02
1.640900243309002349e+02,2.120924574209245463e+02,8.718235294117647527e+01,1.732078431372548835e+02
1.641919584954604261e+02,2.123579766536965110e+02,8.711764705882353610e+01,1.721568627450980387e+02
1.648833333333333258e+02,2.134512820512820213e+02,8.712052730696797198e+01,1.705367231638417991e+02
1.652094175960346831e+02,2.137881040892193312e+02,8.683820662768030729e+01,1.697914230019493118e+02
1.656875000000000000e+02,2.144869791666666572e+02,8.668072289156626198e+01,1.686706827309236871e+02
1.657186311787072270e+02,2.147008871989860381e+02,8.667241379310344485e+01,1.680306513409961724e+02
1.658274967574578511e+02,2.149805447470817228e+02,8.643727598566307790e+01,1.668351254480286627e+02
1.660193050193050226e+02,2.152548262548262414e+02,8.642490842490842340e+01,1.655897435897435912e+02
1.661962365591397770e+02,2.160900537634408352e+02,8.640891472868216283e+01,1.642286821705426405e+02
1.662958333333333201e+02,2.166944444444444287e+02,8.634307992202728599e+01,1.632748538011695985e+02
1.662938271604938052e+02,2.169617283950617264e+02,8.624767225325884112e+01,1.627094972067039009e+02
1.664560723514211702e+02,2.170762273901808612e+02,8.618245614035087954e+01,1.622578947368421041e+02
1.664020752269779280e+02,2.180752269779507060e+02,8.613060428849901484e+01,1.610253411306042892e+02
1.662906976744185954e+02,2.191304909560723502e+02,8.584867075664621439e+01,1.597259713701431281e+02
1.661046831955922585e+02,2.205440771349862246e+02,nan,nan
1.660771349862258717e+02,2.213663911845729899e+02,8.551097804391217494e+01,1.575269461077844255e+02
1.662073170731707421e+02,2.213482384823848008e+02,8.528219696969696884e+01,1.569583333333333144e+02
1.662073791348600196e+02,2.218269720101781104e+02,8.528464419475655234e+01,1.563857677902621504e+02
1.655137741046831650e+02,2.233415977961432475e+02,8.516851851851851052e+01,1.552314814814814667e+02
1.652615176151761318e+02,2.238184281842818280e+02,8.505973025048169234e+01,1.548612716763005892e+02
1.649905149051490412e+02,2.247140921409213945e+02,8.494736842105263008e+01,1.538596491228070136e+02
1.644573643410852810e+02,2.256860465116278931e+02,8.460153256704980151e+01,1.525996168582375390e+02
1.638795944233206399e+02,2.264727503168567750e+02,8.453875968992247181e+01,1.521472868217054213e+02
1.630647382920110147e+02,2.275027548209366159e+02,8.433529411764705230e+01,1.513784313725490165e+02
1.630065876152832516e+02,2.276943346508563764e+02,8.412790697674418539e+01,1.506531007751937921e+02
1.623425925925925810e+02,2.285806878306878218e+02,8.394538606403013148e+01,1.496271186440677923e+02
1.619194968553458978e+02,2.289798742138364673e+02,8.387179487179486159e+01,1.493992673992673872e+02
1.613861003861003951e+02,2.295598455598455701e+02,nan,nan
1.607423076923076906e+02,2.300551282051281987e+02,8.355876685934488535e+01,1.477976878612716689e+02
1.599290495314591567e+02,2.308701472556894032e+02,8.344827586206896797e+01,1.468601532567049617e+02
1.593700787401574814e+02,2.313412073490813441e+02,8.337904761904761131e+01,1.467599999999999909e+02
1.591016731016730716e+02,2.317284427284427295e+02,8.325512104283053816e+01,1.465493482309124715e+02
1.581767676767676676e+02,2.323964646464646364e+02,8.307157464212679088e+01,1.456094069529652302e+02
1.569028340080971589e+02,2.334021592442644817e+02,8.297005988023951772e+01,1.442774451097804445e+02
1.567978142076502763e+02,2.334754098360655803e+02,8.256804733727810230e+01,1.434437869822485254e+02
1.558340136054421521e+02,2.339170068027210903e+02,8.257677902621722410e+01,1.430149812734082388e+02
1.557707509881422823e+02,2.343083003952569072e+02,8.247480620155037911e+01,1.420968992248061795e+02
1.557001287001286869e+02,2.344041184041184067e+02,8.242937853107343926e+01,1.416836158192090522e+02
1.541394700139469762e+02,2.352733612273360961e+02,8.224848484848484986e+01,1.404141414141413975e+02
1.537651821862348243e+02,2.356450742240215845e+02,8.205461393596986852e+01,1.404613935969867953e+02
1.536362433862433647e+02,2.357566137566137456e+02,8.191326530612245449e+01,1.399302721088435248e+02
1.531646746347941246e+02,2.360252324037184337e+02,8.192730496453900457e+01,1.395283687943262407e+02
1.525175097276264466e+02,2.365603112840466906e+02,8.172222222222222854e+01,1.387481481481481467e+02
1.511319148936170222e+02,2.369758865248226698e+02,8.165079365079364493e+01,1.378611111111110858e+02
1.510550595238094900e+02,2.369255952380952124e+02,8.152919020715630438e+01,1.374463276836158059e+02
1.508674698795180689e+02,2.369183400267737625e+02,8.140462427745664797e+01,1.373872832369942216e+02
1.501155378486055838e+02,2.370903054448871217e+02,8.133693693693693660e+01,1.368918918918919019e+02
1.489559228650137470e+02,2.369779614325068735e+02,8.111648745519713088e+01,1.361899641577061004e+02
1.476023391812865384e+02,2.369342105263157805e+02,8.074297188755019761e+01,1.354056224899598249e+02
1.473040446304044622e+02,2.368228730822872876e+02,8.063394683026584175e+01,1.350020449897750439e+02
1.473040446304044622e+02,2.368228730822872876e+02,8.062318840579709445e+01,1.348778467908902599e+02
1.460054644808743092e+02,2.365286885245901658e+02,8.036213991769547249e+01,1.345534979423868265e+02
1.455501355013549869e+02,2.364742547425474015e+02,8.034355828220859053e+01,1.345030674846625800e+02
1.444638297872340331e+02,2.362680851063829834e+02,7.991061452513966401e+01,1.330018621973929100e+02
1.442749287749287532e+02,2.361794871794871824e+02,7.987283236994220204e+01,1.329132947976878540e+02
1.434267782426778126e+02,2.358354253835425141e+02,7.990285714285714391e+01,1.329142857142857110e+02
1.428793774319066188e+02,2.356070038910505957e+02,7.933139534883720501e+01,1.316608527131782864e+02
1.423741765480895936e+02,2.356007905138339993e+02,7.929672447013486192e+01,1.315606936416184851e+02
1.409751037344398412e+02,2.349073305670816012e+02,7.906410256410255499e+01,1.306117216117216060e+02
1.400853994490358048e+02,2.345950413223140458e+02,7.897892720306512615e+01,1.304578544061302523e+02
1.398010752688171863e+02,2.344865591397849300e+02,7.897892720306512615e+01,1.304578544061302523e+02
1.392178988326848241e+02,2.342957198443579898e+02,nan,nan
1.376293333333333067e+02,2.335413333333333128e+02,7.822289156626506212e+01,1.288654618473895539e+02
1.359549929676511795e+02,2.327538677918424526e+02,7.775098039215686185e+01,1.278784313725490165e+02
1.351056910569105582e+02,2.323455284552845512e+02,7.772222222222221433e+01,1.274559386973180040e+02
1.340544217687074706e+02,2.316448979591836803e+02,7.739672801635991561e+01,1.261370143149284218e+02
1.332948717948717956e+02,2.313666666666666458e+02,nan,nan
1.317773279352226723e+02,2.306437246963562870e+02,7.705894308943089754e+01,1.251239837398373851e+02
1.303582677165354369e+02,2.299304461942257092e+02,7.690534979423867412e+01,1.244711934156378561e+02
1.296950904392764699e+02,2.295594315245477901e+02,7.694674556213017524e+01,1.240453648915187301e+02
1.279279279279279109e+02,2.286203346203346030e+02,7.682261208576997547e+01,1.237797270955165629e+02
1.270182291666666572e+02,2.279856770833333144e+02,nan,nan
1.258517006802721028e+02,2.274000000000000057e+02,nan,nan
1.247682291666666572e+02,2.267942708333333144e+02,7.602131782945735949e+01,1.214670542635658848e+02
1.239173126614986984e+02,2.261640826873384924e+02,7.597660818713450226e+01,1.205906432748538037e+02
1.231766268260292065e+02,2.257994687915006580e+02,7.599435028248588253e+01,1.203107344632768303e+02
1.220250626566415946e+02,2.250313283208019755e+02,7.592424242424242209e+01,1.193484848484848442e+02
1.209715447154471519e+02,2.245000000000000000e+02,7.585852713178293527e+01,1.190155038759689745e+02
1.200511756569847819e+02,2.238312586445366321e+02,7.548466257668711421e+01,1.183128834355828189e+02
1.194005069708491646e+02,2.233257287705956742e+02,7.529803921568627345e+01,1.174725490196078397e+02
1.187594771241829932e+02,2.229542483660130472e+02,7.529803921568627345e+01,1.174725490196078397e+02
1.182291666666666572e+02,2.224973958333333144e+02,7.526436781609194782e+01,1.168007662835248937e+02
1.176909323116219639e+02,2.223116219667943483e+02,7.522156862745097783e+01,1.165490196078431353e+02
1.160455153949129823e+02,2.210267737617135140e+02,7.500189393939393767e+01,1.157878787878787676e+02
1.155631313131313078e+02,2.206148989898989612e+02,7.483518518518518192e+01,1.152962962962962905e+02
1.149655172413793167e+02,2.201979565772669218e+02,7.483518518518518192e+01,1.152962962962962905e+02
1.142526041666666572e+02,2.196497395833333144e+02,7.493410852713178372e+01,1.150775193798449578e+02
1.136337135614702021e+02,2.193789607097591841e+02,7.465925925925925810e+01,1.135740740740740620e+02
1.127068741893644557e+02,2.185862516212710602e+02,7.463510848126232133e+01,1.128698224852070950e+02
1.119580052493438274e+02,2.180997375328083763e+02,7.461111111111111427e+01,1.124835390946501974e+02
1.110000000000000000e+02,2.172217898832684853e+02,7.459834368530019333e+01,1.124161490683229800e+02
1.103270911360799005e+02,2.167627965043695326e+02,nan,nan
1.090740740740740620e+02,2.157460317460317469e+02,7.456487025948102598e+01,1.111616766467065816e+02
1.077226890756302566e+02,2.150364145658263340e+02,7.481275720164609311e+01,1.107798353909464879e+02
1.073759689922480618e+02,2.145736434108527249e+02,7.495375722543352026e+01,1.111830443159922766e+02
1.062674418604651123e+02,2.136937984496124159e+02,7.499415204678362556e+01,1.112319688109161717e+02
1.055145754119138104e+02,2.132116603295310426e+02,7.534552845528455123e+01,1.103983739837398304e+02
1.045221354166666572e+02,2.124388020833333144e+02,7.544198895027624019e+01,1.096906077348066333e+02
1.035937500000000000e+02,2.118281250000000000e+02,7.564901960784312962e+01,1.091666666666666572e+02
1.025716198125836627e+02,2.110147255689424242e+02,7.582098765432098730e+01,1.092057613168724259e+02
1.017117117117117004e+02,2.103963963963963977e+02,7.580202020202018787e+01,1.093454545454545439e+02
1.009341397849462254e+02,2.098991935483871032e+02,7.605156537753222779e+01,1.089060773480663045e+02
9.968379446640315678e+01,2.089789196310935324e+02,7.630397236614852829e+01,1.087219343696027636e+02
9.912666666666665094e+01,2.083813333333333162e+02,7.638565891472867975e+01,1.071589147286821628e+02
9.830256410256409083e+01,2.078717948717948616e+02,7.642857142857143060e+01,1.067657142857142816e+02
9.734523809523810201e+01,2.073439153439153415e+02,7.644632768361582009e+01,1.066723163841807889e+02
9.623921568627450540e+01,2.065803921568627572e+02,7.650295857988164983e+01,1.062938856015778981e+02
9.531764705882352473e+01,2.057947712418300625e+02,nan,nan
9.424426450742240036e+01,2.051241565452091606e+02,7.689473684210526017e+01,1.044191033138401394e+02
9.347843137254902501e+01,2.045411764705882263e+02,7.706822612085770174e+01,1.042923976608187075e+02
9.238352638352637314e+01,2.038018018018017870e+02,7.709999999999999432e+01,1.039019607843137152e+02
9.142057291666665719e+01,2.031054687500000000e+02,7.753942652329747887e+01,1.029964157706093175e+02
9.049263721552877371e+01,2.022583668005354696e+02,7.837569060773481056e+01,1.017403314917127091e+02
8.871345029239765267e+01,2.011798245614035068e+02,7.936363636363635976e+01,1.007367424242424079e+02
8.809228650137740146e+01,2.005606060606060623e+02,8.018249534450652050e+01,9.984916201117317769e+01
8.701659751037344392e+01,1.995739972337482584e+02,8.040106951871658225e+01,9.958823529411765207e+01
8.658893280632410949e+01,1.990988142292490011e+02,8.150097465886939574e+01,9.789473684210526017e+01
8.613844086021505575e+01,1.986236559139784958e+02,8.204417670682730090e+01,9.704016064257027097e+01
8.452066115702479010e+01,1.967658402203856554e+02,8.257285429141715838e+01,9.610578842315368320e+01
8.407795698924731198e+01,1.961559139784946240e+02,8.276704545454545325e+01,9.603030303030301695e+01
8.345919778699860103e+01,1.953291839557399499e+02,8.332965009208102458e+01,9.514917127071822733e+01
8.312084993359893303e+01,1.949335989375829854e+02,8.351656920077971336e+01,9.479532163742689477e+01
8.284370677731672572e+01,1.947150760719225389e+02,8.391379310344827047e+01,9.386398467432950099e+01
8.143600562587903369e+01,1.925963431786216518e+02,8.420758483033931441e+01,9.331736526946107801e+01
8.120799999999999841e+01,1.924799999999999898e+02,8.465348399246704503e+01,9.291525423728813848e+01
8.052066115702479010e+01,1.911157024793388359e+02,8.465348399246704503e+01,9.291525423728813848e+01
8.018792866941014097e+01,1.907956104252400280e+02,8.532945736434108142e+01,9.175193798449612359e+01
7.988496732026142411e+01,1.902823529411764696e+02,8.551619047619047365e+01,9.140571428571428214e+01
7.926115485564304208e+01,1.892926509186351609e+02,8.604968944099378803e+01,9.045548654244305453e+01
7.907611548556430137e+01,1.888832020997375025e+02,8.621104536489151826e+01,9.022090729783036522e+01
7.873521505376344010e+01,1.883387096774193594e+02,8.621104536489151826e+01,9.022090729783036522e+01
7.839780521262001400e+01,1.868724279835390973e+02,8.712777777777777999e+01,8.924814814814814667e+01
7.830884353741495829e+01,1.860897959183673436e+02,8.721362799263351917e+01,8.930939226519336671e+01
7.816811594202897595e+01,1.844492753623188150e+02,8.798295454545454675e+01,8.766856060606060908e+01
7.800134952766531171e+01,1.843643724696356401e+02,8.834666666666666401e+01,8.748000000000000398e+01
7.804526748971193228e+01,1.833525377229080959e+02,8.873192239858906305e+01,8.723809523809524080e+01
7.803005464480874309e+01,1.827021857923496952e+02,8.890828924162256897e+01,8.687477954144620185e+01
7.810599721059971046e+01,1.821492329149232887e+02,8.946880570409980749e+01,8.641889483065952504e+01
7.800531208499334923e+01,1.813492695883134047e+02,9.003831417624520839e+01,8.533333333333332860e+01
7.798333333333332007e+01,1.808705128205128005e+02,9.063008130081300351e+01,8.466869918699187281e+01
7.801029601029600258e+01,1.798828828828828819e+02,9.083612662942272209e+01,8.416387337057727791e+01
7.817199999999999704e+01,1.790573333333333039e+02,9.134954954954953621e+01,8.385945945945945823e+01
7.847925033467201672e+01,1.777269076305220779e+02,9.188948306595364102e+01,8.317290552584670138e+01
7.869931972789115093e+01,1.769714285714285609e+02,9.232369942196531554e+01,8.243159922928708738e+01
7.875708502024291136e+01,1.763832658569500609e+02,9.337379576107899481e+01,8.239113680154142116e+01
7.889375830013280222e+01,1.755285524568392930e+02,9.429755178907720392e+01,8.286629001883238743e+01
7.903851261620185653e+01,1.747091633466135363e+02,9.628796844181459846e+01,8.248126232741616093e+01
7.928163265306122298e+01,1.741795918367346871e+02,9.732364341085269643e+01,8.249806201550387641e+01
7.970748299319727437e+01,1.728517006802721028e+02,9.903174603174602453e+01,8.185714285714286120e+01
7.996448087431693352e+01,1.722554644808743092e+02,9.964008179959098754e+01,8.190593047034764140e+01
8.037051792828685848e+01,1.710039840637450084e+02,1.007495183044315894e+02,8.156262042389209910e+01
8.036155913978493004e+01,1.706438172043010582e+02,1.015600000000000023e+02,8.148380952380952635e+01
8.032262382864792016e+01,1.704591700133868528e+02,1.023019607843137209e+02,8.121764705882353041e+01
8.160928961748632560e+01,1.680724043715846960e+02,1.033646408839778985e+02,8.079926335174953067e+01
8.160937500000000000e+01,1.677486979166666572e+02,1.039395711500974500e+02,8.031189083820662233e+01
8.209833971902936867e+01,1.668863346104725167e+02,1.042495446265937886e+02,7.997996357012749513e+01
8.245928753180660919e+01,1.664529262086513768e+02,1.052765567765567738e+02,7.934065934065934300e+01
8.339429312581063414e+01,1.656121919584954298e+02,1.058681732580037504e+02,7.925612052730696178e+01
8.476912568306009632e+01,1.643797814207650276e+02,1.068810916179337056e+02,7.900779727095515170e+01
8.479644808743168483e+01,1.643210382513661045e+02,1.071879844961240309e+02,7.879651162790698038e+01
8.574596774193548754e+01,1.636935483870967687e+02,1.077545787545787448e+02,7.865201465201464259e+01
8.610116731517510402e+01,1.633787289234759896e+02,1.086914285714285739e+02,7.825333333333333030e+01
8.683270440251571642e+01,1.626603773584905639e+02,1.089422718808193480e+02,7.826815642458100797e+01
8.752067183462531830e+01,1.619819121447028181e+02,1.106015779092702047e+02,7.807495069033529944e+01
8.812182061579650849e+01,1.615957161981258139e+02,1.109526627218934891e+02,7.807495069033529944e+01
8.869909208819713342e+01,1.611504539559014120e+02,1.114223484848484844e+02,7.801136363636364024e+01
8.891214470284236882e+01,1.609702842377260765e+02,1.119518518518518420e+02,7.806666666666666288e+01
9.010559796437658520e+01,1.601743002544529304e+02,1.125363984674329458e+02,7.787931034482758719e+01
9.085618279569891342e+01,1.596263440860214757e+02,1.132952898550724541e+02,7.785326086956521863e+01
9.169721115537848277e+01,1.591274900398406373e+02,1.136432748538011737e+02,7.798050682261208522e+01
9.180577427821521042e+01,1.589107611548556349e+02,1.139871086556169359e+02,7.804788213627992377e+01
9.249327956989246502e+01,1.585685483870967687e+02,1.147318007662835129e+02,7.819923371647509214e+01
9.368319559228649496e+01,1.578195592286501210e+02,1.147318007662835129e+02,7.819923371647509214e+01
9.424735449735449322e+01,1.573783068783068586e+02,1.160136452241715261e+02,7.800000000000000000e+01
9.464836601307189312e+01,1.571137254901960887e+02,1.167885714285714300e+02,7.870095238095237278e+01
9.557254901960784821e+01,1.566928104575163445e+02,1.185083798882681521e+02,7.972067039106144648e+01
9.608530183727033602e+01,1.562965879265091758e+02,1.202083333333333144e+02,8.019318181818181301e+01
9.684189723320157839e+01,1.558695652173913118e+02,1.219526627218934891e+02,8.054240631163708031e+01
9.818911564625850019e+01,1.551673469387755233e+02,1.231715976331360878e+02,8.102958579881656931e+01
9.853091397849460975e+01,1.549852150537634259e+02,1.247100591715976350e+02,8.142406311637080307e+01
9.936032388663967652e+01,1.545546558704453446e+02,1.263463687150837984e+02,8.179143389199255409e+01
9.996021947873799718e+01,1.541975308641975175e+02,1.275354609929077867e+02,8.195390070921985171e+01
1.009929676511954995e+02,1.538016877637130904e+02,1.289794238683127503e+02,8.233333333333332860e+01
1.018604992657856059e+02,1.533318649045521056e+02,1.302930402930402920e+02,8.215384615384616041e+01
1.028581871345029128e+02,1.529692982456140271e+02,1.308520710059171677e+02,8.237080867850097832e+01
1.032382864792503341e+02,1.527188755020080180e+02,nan,nan
1.043406432748537895e+02,1.524605263157894797e+02,1.329918699186991660e+02,8.253455284552845228e+01
1.047374631268436502e+02,1.525958702064896784e+02,1.335341365461847261e+02,8.243775100401606437e+01
1.053055555555555571e+02,1.527527777777777658e+02,1.343909465020576022e+02,8.250617283950617775e+01
1.065278969957081614e+02,1.527110157367667966e+02,1.347784679089026838e+02,8.251345755693581907e+01
1.070849933598937582e+02,1.527981407702523029e+02,1.353831417624520839e+02,8.259195402298850297e+01
1.079426666666666534e+02,1.528946666666666658e+02,1.359075144508670405e+02,8.253949903660885923e+01
1.086720647773279325e+02,1.529298245614035068e+02,1.365271317829457303e+02,8.252906976744185386e+01
1.092777777777777715e+02,1.530805555555555486e+02,1.374699792960662421e+02,8.261283643892339512e+01
1.092775665399239529e+02,1.530595690747781816e+02,1.379920634920634654e+02,8.265079365079364493e+01
1.104497354497354422e+02,1.532738095238095184e+02,1.380299401197604823e+02,8.267265469061875649e+01
1.108949416342412491e+02,1.533203631647211296e+02,1.390259259259259181e+02,8.309999999999999432e+01
1.117189542483660034e+02,1.534535947712418249e+02,1.390681399631675674e+02,8.311418047882135340e+01
1.120677731673582258e+02,1.536320885200553050e+02,1.389720670391061503e+02,8.334264432029794989e+01
1.131845730027548171e+02,1.539586776859504198e+02,1.395497076023391685e+02,8.362768031189082762e+01
1.133552812071330607e+02,1.539492455418381383e+02,1.395628742514969929e+02,8.369061876247504017e+01
1.139746514575411851e+02,1.542002534854245823e+02,1.394969696969696997e+02,8.365656565656564680e+01
1.145234159779614203e+02,1.543484848484848158e+02,1.394969696969696997e+02,8.365656565656564680e+01
1.151980474198047375e+02,1.545355648535564796e+02,1.402181818181818187e+02,8.398383838383837485e+01
1.154360056258790337e+02,1.546286919831223656e+02,1.401992337164750779e+02,8.409770114942529062e+01
1.160262467191600990e+02,1.547467191601049876e+02,1.401992337164750779e+02,8.409770114942529062e+01
1.161712062256809332e+02,1.548845654993514813e+02,1.402419047619047490e+02,8.408190476190475238e+01
1.162986666666666622e+02,1.549386666666666486e+02,1.407845303867403288e+02,8.409208103130754353e+01
1.170952380952380878e+02,1.552338935574229595e+02,1.413856589147286797e+02,8.420542635658914321e+01
1.175583684950773460e+02,1.552194092827004113e+02,1.416554307116104781e+02,8.434269662921347788e+01
1.182821576763485467e+02,1.556652835408021929e+02,1.416323809523809416e+02,8.433523809523809689e+01
1.186205962059620447e+02,1.558482384823848008e+02,1.419693486590038276e+02,8.434291187739462714e+01
1.188820301783264739e+02,1.560425240054869391e+02,1.419693486590038276e+02,8.434291187739462714e+01
1.193075880758807443e+02,1.562411924119240894e+02,1.427485714285714380e+02,8.446095238095237789e+01
1.194954954954954900e+02,1.564517374517374435e+02,1.428400000000000034e+02,8.444380952380952010e+01
1.199614427860696395e+02,1.569104477611940354e+02,1.429467455621301895e+02,8.449704142011835017e+01
1.199416342412451399e+02,1.570402075226977843e+02,1.427894736842105203e+02,8.451072124756333892e+01
1.203816793893129784e+02,1.575661577608142352e+02,1.426782273603082842e+02,8.463005780346820472e+01
1.208117048346055924e+02,1.578307888040712328e+02,1.433314176245210660e+02,8.471264367816091578e+01
1.214798387096774235e+02,1.587983870967742064e+02,1.433699186991869681e+02,8.478048780487804947e+01
1.218307086614173187e+02,1.591706036745406720e+02,1.433699186991869681e+02,8.478048780487804947e+01
1.217636122177954690e+02,1.590863213811420849e+02,1.434265873015872899e+02,8.475595238095237960e+01
1.221042524005486882e+02,1.594197530864197461e+02,1.437504761904761779e+02,8.476190476190475920e+01
1.228527443105756305e+02,1.605140562248996048e+02,nan,nan
1.231813110181310975e+02,1.613165969316596886e+02,1.450604288499025358e+02,8.443469785575048547e+01
1.232037037037036953e+02,1.614166666666666572e+02,1.450611439842209052e+02,8.446745562130178087e+01
1.235392535392535365e+02,1.616241956241956075e+02,1.458314176245210660e+02,8.442145593869730646e+01
1.237046070460704499e+02,1.618794037940379269e+02,1.458314176245210660e+02,8.442145593869730646e+01
1.243672316384180618e+02,1.629251412429378263e+02,1.465708812260536433e+02,8.429885057471264531e+01
1.248183060109289499e+02,1.635150273224043644e+02,1.467212475633528186e+02,8.401169590643274887e+01
1.253172043010752645e+02,1.641626344086021447e+02,1.469648033126293853e+02,8.393374741200827316e+01
1.255141700404858369e+02,1.644048582995951335e+02,1.481353535353535165e+02,8.368484848484848726e+01
1.256162464985994234e+02,1.647450980392156623e+02,1.487390476190476249e+02,8.352761904761904077e+01
1.260080645161290391e+02,1.651774193548387188e+02,1.491785714285714164e+02,8.349801587301587347e+01
1.265830013280212398e+02,1.659309428950863037e+02,1.499325626204238802e+02,8.341233140655104705e+01
1.269654714475431518e+02,1.666613545816732938e+02,1.506261510128913415e+02,8.337200736648249233e+01
1.272650602409638623e+02,1.670803212851405704e+02,1.510828516377649180e+02,8.336608863198458153e+01
1.275971128608923806e+02,1.677650918635170285e+02,1.521200000000000045e+02,8.341904761904761756e+01
1.279499341238471573e+02,1.681501976284584998e+02,1.531487758945386020e+02,8.325800376647833900e+01
1.283038461538461661e+02,1.687487179487179390e+02,1.538278388278388036e+02,8.324908424908424820e+01
1.289948914431672904e+02,1.698237547892720443e+02,1.546057347670250692e+02,8.324372759856629500e+01
1.292351421188630525e+02,1.701408268733849809e+02,1.554769503546099259e+02,8.321985815602836567e+01
1.297232947232947140e+02,1.709292149292149077e+02,1.562732240437158566e+02,8.312204007285973262e+01
1.302281420765027349e+02,1.717049180327868783e+02,nan,nan
1.303371647509578679e+02,1.716513409961685852e+02,1.584859437751003952e+02,8.295983935742971482e+01
1.309007936507936449e+02,1.725793650793650897e+02,1.590980392156862706e+02,8.301960784313725128e+01
1.309223918575063408e+02,1.725165394402035304e+02,1.599696969696969688e+02,8.322159090909090651e+01
1.314881889763779554e+02,1.733622047244094517e+02,1.610151515151515014e+02,8.321780303030301695e+01
1.319439999999999884e+02,1.742373333333333107e+02,nan,nan
1.323174603174603305e+02,1.747433862433862259e+02,1.623830227743271166e+02,8.360248447204969580e+01
1.323638778220451400e+02,1.748007968127490130e+02,1.634444444444444571e+02,8.366872427983538785e+01
1.327516339869280841e+02,1.754496732026143775e+02,1.635450980392156737e+02,8.373529411764705799e+01
1.331698841698841704e+02,1.759794079794079664e+02,1.649254658385093251e+02,8.379296066252587138e+01
1.338385826771653626e+02,1.773937007874015706e+02,1.654406130268199036e+02,8.406130268199233058e+01
1.338643410852713203e+02,1.776485788113695037e+02,1.658370370370370210e+02,8.427037037037037237e+01
1.337829457364341010e+02,1.781059431524547563e+02,1.665092592592592382e+02,8.434074074074072769e+01
1.342782152230971064e+02,1.794868766404199505e+02,1.671276190476190493e+02,8.429904761904761301e+01
1.343178294573643541e+02,1.795697674418604777e+02,1.674861111111110858e+02,8.449801587301587347e+01
1.344195624195623964e+02,1.805894465894465668e+02,1.683450292397660917e+02,8.480896686159843512e+01
1.346941176470588175e+02,1.817856209150326663e+02,1.688481262327416061e+02,8.515976331360947427e+01
1.347477124183006367e+02,1.824758169934640364e+02,1.689317738791422983e+02,8.512865497076023757e+01
1.348446969696969688e+02,1.836919191919191690e+02,1.697747747747747553e+02,8.576396396396395971e+01
1.347896825396825307e+02,1.839285714285714164e+02,1.700253623188405641e+02,8.609782608695651618e+01
1.349407713498622456e+02,1.855702479338843034e+02,1.706590038314176070e+02,8.621072796934865323e+01
1.348842239185750600e+02,1.853969465648854964e+02,1.714962121212121247e+02,8.661931818181818699e+01
1.349039999999999964e+02,1.876639999999999873e+02,1.717703703703703582e+02,8.667592592592592382e+01
1.349699346405228653e+02,1.879738562091503127e+02,1.727796610169491487e+02,8.733898305084746028e+01
1.349817708333333144e+02,1.889557291666666572e+02,1.731657032755298644e+02,8.729479768786127636e+01
1.350546875000000000e+02,1.897721354166666572e+02,1.740310077519379774e+02,8.751356589147286513e+01
1.351019607843137180e+02,1.908209150326797214e+02,1.749608938547486048e+02,8.763314711359403475e+01
1.350292887029288806e+02,1.924783821478382038e+02,1.760318352059925076e+02,8.793071161048688111e+01
1.349986928104574986e+02,1.929189542483659920e+02,1.768295880149812547e+02,8.793071161048688111e+01
1.350796221322536894e+02,1.940215924426450442e+02,1.776312849162011105e+02,8.793668528864058942e+01
1.351373333333333164e+02,1.946293333333333067e+02,1.782901554404145088e+02,8.768566493955094643e+01
1.351802168021679904e+02,1.958997289972899409e+02,1.792031558185404378e+02,8.765285996055226292e+01
1.350094850948509304e+02,1.969810298102980823e+02,1.799942196531791865e+02,8.772832369942196351e+01
1.350674448767833837e+02,1.976329442282749653e+02,1.800620155038759549e+02,8.772286821705425552e+01
1.350992063492063551e+02,1.985449735449735158e+02,1.816589595375722581e+02,8.772639691714836374e+01
1.350602240896358524e+02,1.992436974789916064e+02,1.819962962962962933e+02,8.764444444444444571e+01
1.352248677248677211e+02,2.004153439153438967e+02,1.828157349896480355e+02,8.763975155279503326e+01
1.350501355013549869e+02,2.020392953929539317e+02,1.835843621399176868e+02,8.770370370370370949e+01
1.349368279569892195e+02,2.028010752688171863e+02,1.844969325153374200e+02,8.778936605316972930e+01
1.349388646288209657e+02,2.042852983988354936e+02,1.850847457627118615e+02,8.800376647834274024e+01
1.348787878787878469e+02,2.046811594202898448e+02,1.861753371868978775e+02,8.801926782273602612e+01
1.348993464052287266e+02,2.052326797385620694e+02,1.868119180633146925e+02,8.810428305400371585e+01
1.347876447876447799e+02,2.067387387387387321e+02,1.876242424242424249e+02,8.808686868686868365e+01
1.346706036745406720e+02,2.073057742782152104e+02,1.882765567765567596e+02,8.826007326007325560e+01
1.345411436541143644e+02,2.081143654114365233e+02,1.888333333333333144e+02,8.833143939393939092e+01
1.341827956989247070e+02,2.092768817204301115e+02,1.898052434456928665e+02,8.842322097378276169e+01
1.341776859504132347e+02,2.098663911845729899e+02,1.907240740740740534e+02,8.842407407407407050e+01
1.341519999999999868e+02,2.104493333333332998e+02,1.916092592592592325e+02,8.882777777777778283e+01
1.339173669467787136e+02,2.107955182072828961e+02,1.920929824561403336e+02,8.897894736842104635e+01
1.338394557823129105e+02,2.114571428571428555e+02,1.925139664804469248e+02,8.920484171322159739e+01
1.338161865569273061e+02,2.127626886145404512e+02,1.937847619047618650e+02,8.928000000000000114e+01
1.339729344729344689e+02,2.123404558404558315e+02,1.949563492063491879e+02,8.922619047619048160e+01
1.339729344729344689e+02,2.123404558404558315e+02,1.954300411522633567e+02,8.920370370370370949e+01
1.340472103004291853e+02,2.130615164520743576e+02,1.962753623188405641e+02,8.925181159420289134e+01
1.340290456431535233e+02,2.132669432918395387e+02,1.971351851851851507e+02,8.939074074074073906e+01
1.339432624113475185e+02,2.135418439716311809e+02,1.981142322097377928e+02,8.937827715355804514e+01
1.339985632183907853e+02,2.139482758620689538e+02,1.993625730994152150e+02,8.929044834307991607e+01
1.339986225895316636e+02,2.143829201101928277e+02,1.998594594594594582e+02,8.932972972972973480e+01
1.340054200542005276e+02,2.142425474254742426e+02,2.006333333333332973e+02,8.941578947368421382e+01
1.338553191489361609e+02,2.150354609929077867e+02,2.014015151515151274e+02,8.950378787878787534e+01
1.336695526695526723e+02,2.153506493506493484e+02,2.029509803921568505e+02,8.961764705882353610e+01
1.331884057971014386e+02,2.163405797101449082e+02,2.036144578313252964e+02,8.965461847389558159e+01
1.330491367861885692e+02,2.162828685258964185e+02,2.042631578947368496e+02,8.968031189083819754e+01
1.327951807228915584e+02,2.163373493975903727e+02,2.050230496453900457e+02,8.998936170212765262e+01
1.323387533875338704e+02,2.173224932249322308e+02,2.058924731182795824e+02,9.008243727598565442e+01
1.320456989247311697e+02,2.175000000000000000e+02,2.073120155038759549e+02,8.991279069767442422e+01
1.318661417322834666e+02,2.179816272965879023e+02,2.087279693486590020e+02,8.972988505747126453e+01
1.315060240963855449e+02,2.183493975903614341e+02,2.095251396648044704e+02,8.980074487895716118e+01
1.308699186991869965e+02,2.194634146341463463e+02,2.102951388888888857e+02,8.981423611111110006e+01
1.303319946452476472e+02,2.198821954484604930e+02,2.119356060606060339e+02,9.005681818181818699e+01
1.302069444444444457e+02,2.201152777777777771e+02,2.130000000000000000e+02,8.998666666666666458e+01
1.292950354609928922e+02,2.213929078014184313e+02,2.135612052730696462e+02,8.988323917137475405e+01
1.291399999999999864e+02,2.217560000000000002e+02,2.144898373983739646e+02,8.985365853658537105e+01
1.283477633477633333e+02,2.226681096681096506e+02,2.152026515151515014e+02,9.013068181818181301e+01
1.274247538677918357e+02,2.233530239099859216e+02,2.164568627450980216e+02,9.021372549019606879e+01
1.264942528735632123e+02,2.246652298850574425e+02,2.176705426356588760e+02,9.018217054263564592e+01
1.262652482269503480e+02,2.248482269503545865e+02,2.186479400749063302e+02,9.009176029962546295e+01
1.258427419354838719e+02,2.253655913978494425e+02,2.194469273743016799e+02,9.021042830540037016e+01
1.243434782608695599e+02,2.267028985507246261e+02,2.206259689922480618e+02,9.063178294573643257e+01
1.236512605042016872e+02,2.271260504201680703e+02,2.216023391812865384e+02,9.065302144249511684e+01
1.230000000000000000e+02,2.272812071330589561e+02,2.220891472868216852e+02,9.059302325581394655e+01
1.224315352697095420e+02,2.278312586445366321e+02,2.231520467836257353e+02,9.061793372319688444e+01
1.216019283746556425e+02,2.284669421487603245e+02,2.233582887700534627e+02,9.065953654188948008e+01
1.210294511378848625e+02,2.285930388219544795e+02,2.251156069364161851e+02,9.073988439306359055e+01
1.199294605809128598e+02,2.291258644536652582e+02,2.257351351351351241e+02,9.102702702702703164e+01
1.183766233766233711e+02,2.297215007215007176e+02,2.269784946236559051e+02,9.102329749103941481e+01
1.178418079096045119e+02,2.300748587570621453e+02,2.276319845857417761e+02,9.085549132947977569e+01
1.167859195402298838e+02,2.304468390804597675e+02,2.280633946830265586e+02,9.081799591002044281e+01
1.165021097046413558e+02,2.307524613220815581e+02,2.296427145708582600e+02,9.081237524950098816e+01
1.159173441734417196e+02,2.308848238482384829e+02,2.307248062015503649e+02,9.103875968992247181e+01
1.146938483547925500e+02,2.313018597997138670e+02,2.315465949820788296e+02,9.102329749103941481e+01
1.138856345885634482e+02,2.317433751743375012e+02,2.327196969696969688e+02,9.064962121212120394e+01
1.133948087431693921e+02,2.320136612021857729e+02,2.330000000000000000e+02,9.079337231968810329e+01
1.129651324965132346e+02,2.321854951185494826e+02,2.336666666666666288e+02,9.095409181636725293e+01
1.122866941015088997e+02,2.325418381344307193e+02,2.346317829457364326e+02,9.105813953488372192e+01
1.114115226337448519e+02,2.327421124828532015e+02,2.349679849340866156e+02,9.130320150659133560e+01
1.106963276836158201e+02,2.330932203389830590e+02,2.357723132969034339e+02,9.125500910746811201e+01
1.098973277074542807e+02,2.334261603375527443e+02,2.360627450980392155e+02,9.130196078431372086e+01
1.095135501355013474e+02,2.334566395663956371e+02,2.366885245901639223e+02,9.130418943533696563e+01
1.090493827160493794e+02,2.334787379972565020e+02,2.370962199312714631e+02,9.124398625429552112e+01
1.077943262411347405e+02,2.339843971631205477e+02,2.382405303030302832e+02,9.130303030303029743e+01
1.073886583679114750e+02,2.338990318118948721e+02,2.387188755020079896e+02,9.122891566265060703e+01
1.060465793304221194e+02,2.340145560407569008e+02,nan,nan
1.054326241134751712e+02,2.340822695035460868e+02,2.390727272727272634e+02,9.088888888888888573e+01
1.056719999999999970e+02,2.341133333333333155e+02,nan,nan
1.039156293222683161e+02,2.341728907330567040e+02,2.403515151515151445e+02,9.085252525252525402e+01
1.033555555555555543e+02,2.341861111111111029e+02,2.409141104294478453e+02,9.077096114519426351e+01
1.029590163934426243e+02,2.339480874316939776e+02,2.408662551440328912e+02,9.078600823045266566e+01
1.028706896551724128e+02,2.341882183908045931e+02,2.414501915708812021e+02,9.119540229885058125e+01
1.018813333333333304e+02,2.341466666666666470e+02,2.418759689922480618e+02,9.126744186046511231e+01
1.010623306233062237e+02,2.341544715447154488e+02,2.417393939393939490e+02,9.152929292929292160e+01
1.006027210884353593e+02,2.340721088435373929e+02,2.420502008032128174e+02,9.181325301204819311e+01
9.984383202099736820e+01,2.337821522309711213e+02,2.424861878453038742e+02,9.192633517495394813e+01
9.927517730496452941e+01,2.338723404255319167e+02,2.429423868312757122e+02,9.225308641975308888e+01
9.867876344086020879e+01,2.337674731182795540e+02,nan,nan
9.786419753086420315e+01,2.335994513031550071e+02,2.430658436213991536e+02,9.268518518518519045e+01
9.730758807588074433e+01,2.335826558265582378e+02,2.430646464646464437e+02,9.322828282828282909e+01
9.714363143631436515e+01,2.335880758807587938e+02,2.434678030303030027e+02,9.354356060606059486e+01
9.644163150492263981e+01,2.333319268635724200e+02,2.436317829457364326e+02,9.362596899224806180e+01
9.582942708333332860e+01,2.331718750000000000e+02,2.443449612403100559e+02,9.429069767441860961e+01
9.512350597609561476e+01,2.331500664010624178e+02,2.451357285429141655e+02,9.501596806387225058e+01
9.436933333333332996e+01,2.329573333333333096e+02,2.456044176706826931e+02,9.558032128514055614e+01
9.421552878179383583e+01,2.329544846050870035e+02,2.460944123314065166e+02,9.621194605009632994e+01
9.347755102040815700e+01,2.326612244897959272e+02,2.470446927374301538e+02,9.692551210428304387e+01
9.275839793281652135e+01,2.322596899224806180e+02,2.471880819366852791e+02,9.789013035381749717e+01
9.224773022049285487e+01,2.318975356679636661e+02,2.478438095238095116e+02,9.955238095238094331e+01
9.193893129770992800e+01,2.319618320610686908e+02,2.488033707865168651e+02,1.010973782771535525e+02
9.146143790849671973e+01,2.315895424836601251e+02,2.498342749529190030e+02,1.022015065913370790e+02
9.056084656084655649e+01,2.310396825396825307e+02,2.506224677716390374e+02,1.033904235727439982e+02
9.017857142857143060e+01,2.306984126984127101e+02,2.514191033138401394e+02,1.041968810916179251e+02
8.881768707482993364e+01,2.295333333333333314e+02,2.522702169625246427e+02,1.051163708086784823e+02
8.887258687258687928e+01,2.297683397683397573e+02,2.527635658914728367e+02,1.058953488372092977e+02
8.870816599732262375e+01,2.297429718875501976e+02,2.528979963570127154e+02,1.063497267759562845e+02
8.837948717948717103e+01,2.293820512820512647e+02,2.538775894538606224e+02,1.071581920903954739e+02
8.773600000000000421e+01,2.289000000000000057e+02,2.543240740740740478e+02,1.075518518518518505e+02
8.735826771653543688e+01,2.286968503937007995e+02,2.550704761904761710e+02,1.081657142857142873e+02
8.707379134860050840e+01,2.284796437659032904e+02,2.555076628352490218e+02,1.087701149425287355e+02
8.622965879265090905e+01,2.274133858267716448e+02,2.559482758620689538e+02,1.091800766283524808e+02
8.602005012531327566e+01,2.272543859649122737e+02,2.559482758620689538e+02,1.091800766283524808e+02
8.591603053435115100e+01,2.274007633587786188e+02,2.564358974358974024e+02,1.101282051282051242e+02
8.493145161290323131e+01,2.259784946236559051e+02,2.564962121212120678e+02,1.100587121212121104e+02
8.459580052493437563e+01,2.255774278215222921e+02,2.565257936507936165e+02,1.103055555555555429e+02
8.428358208955224029e+01,2.255733830845771024e+02,2.565313725490195793e+02,1.102725490196078368e+02
8.395614035087719174e+01,2.249536340852130252e+02,2.568566308243727576e+02,1.107741935483871032e+02
8.347503373819162675e+01,2.243508771929824377e+02,2.571461988304093325e+02,1.109649122807017534e+02
8.286860304287689871e+01,2.232987551867219906e+02,2.572666666666666515e+02,1.112235294117647015e+02
8.255957161981257286e+01,2.229491298527442780e+02,2.572369477911646527e+02,1.112409638554216826e+02
8.229198966408267779e+01,2.223514211886304679e+02,2.573234126984126533e+02,1.112857142857142918e+02
8.165300546448087005e+01,2.213251366120218506e+02,2.573234126984126533e+02,1.112857142857142918e+02
8.137768817204299410e+01,2.202594086021505291e+02,2.573234126984126533e+02,1.112857142857142918e+02
8.127645502645501097e+01,2.202314814814814667e+02,2.575368217054263482e+02,1.115135658914728651e+02
8.089915966386554658e+01,2.194593837535013847e+02,2.576909090909090878e+02,1.116222222222222058e+02
8.055186721991701404e+01,2.184771784232365235e+02,2.575029239766082014e+02,1.115068226120857560e+02
8.015846994535517922e+01,2.176024590163934533e+02,2.575029239766082014e+02,1.115068226120857560e+02
8.007304116865869048e+01,2.170438247011952058e+02,2.577975460122699474e+02,1.116850715746421088e+02
7.992050209205021361e+01,2.164853556485355739e+02,2.574311377245509220e+02,1.116866267465069740e+02
7.971167369901546351e+01,2.157468354430379804e+02,2.579737827715355252e+02,1.121404494382022534e+02
7.941666666666665719e+01,2.150163934426229559e+02,2.579851851851851734e+02,1.121111111111111143e+02
7.917908496732025014e+01,2.140810457516339795e+02,2.579737827715355252e+02,1.121404494382022534e+02
7.895141700404857943e+01,2.127881241565451944e+02,2.581257142857143094e+02,1.123923809523809325e+02
7.892653061224490330e+01,2.115619047619047421e+02,2.579871086556169075e+02,1.125616942909760496e+02
7.873749999999999716e+01,2.109638888888888744e+02,2.578951310861422712e+02,1.126573033707865221e+02
7.848299319727890122e+01,2.095823129251700720e+02,2.578951310861422712e+02,1.126573033707865221e+02
7.823120567375886480e+01,2.083390070921985853e+02,2.579329608938547267e+02,1.126852886405958856e+02
7.822746781115880310e+01,2.083161659513590678e+02,2.579329608938547267e+02,1.126852886405958856e+02
7.805742296918766954e+01,2.069467787114845692e+02,2.580386740331491637e+02,1.134125230202578081e+02
7.793495934959349825e+01,2.062601626016260070e+02,2.583419243986253946e+02,1.136804123711340253e+02
7.785433070866142202e+01,2.060131233595800211e+02,2.583419243986253946e+02,1.136804123711340253e+02
7.780212483399733969e+01,2.047556440903054238e+02,2.587308377896612797e+02,1.140035650623885743e+02
7.777913279132791047e+01,2.045135501355013332e+02,2.587407407407407050e+02,1.143111111111111171e+02
7.778354978354978755e+01,2.032380952380952408e+02,2.591377245508982128e+02,1.147884231536926052e+02
7.777648578811368907e+01,2.028307493540051496e+02,2.590243445692883597e+02,1.149213483146067460e+02
7.798373983739837456e+01,2.020460704607045841e+02,2.589553072625698178e+02,1.148845437616387244e+02
7.784677419354838435e+01,2.014811827956989134e+02,2.589661016949152668e+02,1.149227871939736332e+02
7.829766803840877287e+01,2.000068587105623976e+02,2.594363636363636374e+02,1.153555555555555401e+02
7.850207468879668227e+01,1.991078838174273926e+02,2.597017543859649322e+02,1.159044834307992033e+02
7.871409214092139450e+01,1.983238482384823840e+02,2.601574074074073906e+02,1.163388888888888886e+02
7.883950617283950635e+01,1.980740740740740762e+02,2.601005586592178815e+02,1.162756052141526908e+02
7.856140350877191736e+01,1.982118758434547772e+02,2.600994475138121516e+02,1.163112338858195187e+02
7.894817927170866767e+01,1.970560224089635710e+02,2.601382575757575637e+02,1.164488636363636402e+02
7.922268907563025664e+01,1.961386554621848859e+02,2.600607843137254349e+02,1.167607843137254804e+02
7.934893617021276668e+01,1.958382978723404335e+02,2.603508771929824661e+02,1.170565302144249387e+02
7.942398884239888446e+01,1.955285913528591095e+02,2.604417177914110653e+02,1.171676891615541791e+02
7.971916010498686944e+01,1.950419947506561584e+02,2.604347826086956275e+02,1.172008281573498891e+02
7.977731092436974336e+01,1.942016806722689068e+02,2.603712574850299575e+02,1.170698602794411016e+02
8.000700280112043572e+01,1.935028011204481686e+02,2.608038095238094911e+02,1.174895238095237886e+02
7.980277777777776294e+01,1.934069444444444343e+02,2.610952380952380736e+02,1.177352380952380884e+02
8.031432748538010458e+01,1.925906432748537895e+02,2.610952380952380736e+02,1.177352380952380884e+02
8.042475386779183566e+01,1.920773558368494776e+02,2.610952380952380736e+02,1.177352380952380884e+02
8.096250000000000568e+01,1.913236111111110915e+02,2.614128787878787534e+02,1.179924242424242351e+02
8.132920110192836205e+01,1.903264462809917461e+02,2.613781362007168241e+02,1.179551971326164761e+02
8.133473389355741290e+01,1.901246498599439576e+02,2.615026737967914414e+02,1.180445632798573854e+02
8.193499308437067441e+01,1.891383125864453518e+02,2.620574074074073678e+02,1.184129629629629505e+02
8.210884353741495545e+01,1.885986394557822905e+02,2.620983606557376788e+02,1.185027322404371546e+02
8.294166666666666288e+01,1.874749999999999943e+02,2.621390374331550674e+02,1.185240641711230012e+02
8.334867503486749740e+01,1.866331938633193772e+02,2.621160220994474912e+02,1.186169429097605814e+02
8.352500000000000568e+01,1.860166666666666799e+02,2.624376163873370160e+02,1.188417132216014807e+02
8.410973936899861769e+01,1.852482853223593793e+02,2.624548802946592900e+02,1.188158379373848845e+02
8.431016731016730148e+01,1.849240669240668922e+02,2.623624772313296489e+02,1.187905282331511643e+02
8.536568213783402825e+01,1.833094233473980239e+02,2.624548802946592900e+02,1.188158379373848845e+02
8.608369408369408404e+01,1.818629148629148347e+02,2.623763440860215042e+02,1.188046594982078688e+02
8.628954802259886492e+01,1.815042372881355845e+02,2.619074074074073906e+02,1.188574074074074076e+02
8.668260292164674752e+01,1.811407702523240175e+02,2.619393939393939377e+02,1.188087121212121104e+02
8.738375350140054820e+01,1.797885154061624462e+02,2.620982658959537730e+02,1.188593448940269610e+02
8.765013774104683364e+01,1.790426997245178882e+02,2.619627450980391927e+02,1.187705882352941131e+02
8.884322033898304483e+01,1.774194915254237230e+02,2.618876611418047560e+02,1.189742173112338861e+02
8.940573770491803884e+01,1.765546448087431486e+02,2.616769230769230603e+02,1.190735042735042697e+02
8.974759945130314520e+01,1.761426611796981945e+02,2.616528497409326519e+02,1.190276338514680390e+02
9.012021857923497237e+01,1.755628415300546123e+02,2.616701570680628492e+02,1.190855148342059238e+02
9.042000000000000171e+01,1.749079999999999870e+02,2.616701570680628492e+02,1.190855148342059238e+02
9.187294469357249227e+01,1.726980568011958042e+02,2.620750915750915624e+02,1.196208791208791240e+02
9.215350877192982182e+01,1.723026315789473699e+02,2.619717514124293984e+02,1.197099811676082766e+02
9.275034867503485714e+01,1.715871687587168424e+02,2.619717514124293984e+02,1.197099811676082766e+02
9.304269972451790238e+01,1.709063360881542621e+02,2.621003787878787534e+02,1.197973484848484844e+02
9.319455782312924441e+01,1.707224489795918316e+02,2.621003787878787534e+02,1.197973484848484844e+02
9.432331902718168237e+01,1.691559370529327282e+02,2.620155945419103318e+02,1.198927875243664545e+02
9.484978540772532085e+01,1.682775393419170200e+02,2.618715083798882688e+02,1.197616387337057660e+02
9.517866666666665765e+01,1.678093333333333135e+02,2.618022598870056754e+02,1.197758945386063942e+02
9.573333333333332007e+01,1.671251700680271881e+02,2.617456647398843756e+02,1.197764932562620288e+02
9.630133333333333212e+01,1.663066666666666436e+02,2.617456647398843756e+02,1.197764932562620288e+02
9.670070921985814039e+01,1.654836879432623959e+02,2.616041666666666288e+02,1.197215909090909065e+02
9.713911845730027039e+01,1.648209366391184574e+02,2.621072124756335029e+02,1.198693957115009567e+02
9.747989623865109365e+01,1.642892347600518690e+02,2.624867424242424363e+02,1.198181818181818130e+02
9.815437158469944734e+01,1.635204918032787020e+02,2.623970037453183295e+02,1.196853932584269700e+02
9.843650793650793673e+01,1.629523809523809632e+02,2.620514285714285734e+02,1.192685714285714340e+02
9.961764705882353610e+01,1.613949579831932795e+02,2.617614035087719344e+02,1.190052631578947313e+02
1.000469897209985248e+02,1.605712187958883987e+02,2.620695970695970800e+02,1.190732600732600730e+02
1.001720867208671990e+02,1.603631436314362873e+02,2.620629629629629562e+02,1.191407407407407391e+02
1.006737288135593218e+02,1.595437853107344495e+02,2.619307116104868669e+02,1.192116104868913737e+02
1.009513274336283217e+02,1.589837758112094264e+02,2.619307116104868669e+02,1.192116104868913737e+02
1.017530864197530889e+02,1.580068587105623976e+02,2.629944134078212414e+02,1.194134078212290433e+02
1.023208852005532492e+02,1.572019363762102273e+02,2.626628352490421321e+02,1.195555555555555429e+02
1.031359084406294642e+02,1.559442060085836772e+02,2.627791164658634102e+02,1.197148594377509880e+02
1.037241379310344769e+02,1.550545977011494188e+02,2.631950757575757507e+02,1.201268939393939377e+02
1.040326241134751655e+02,1.546666666666666572e+02,2.635542857142856974e+02,1.203409523809523733e+02
1.051591591591591595e+02,1.532177177177177043e+02,2.636774774774774528e+02,1.207657657657657495e+02
1.053578231292516847e+02,1.528190476190476090e+02,2.639363295880149849e+02,1.211029962546816421e+02
1.062397163120567285e+02,1.515163120567375756e+02,2.643261648745519778e+02,1.214193548387096797e+02
1.068913362701908909e+02,1.506402349486049843e+02,2.651240740740740307e+02,1.218796296296296191e+02
1.073532536520584273e+02,1.500637450199203329e+02,2.653421985815602397e+02,1.223138297872340416e+02
1.085440956651718949e+02,1.483916292974588771e+02,2.655898778359511425e+02,1.227417102966841043e+02
1.092752293577981675e+02,1.474541284403669863e+02,2.659420289855071928e+02,1.233134057971014386e+02
1.097967115097159763e+02,1.469267563527653238e+02,2.662366148531951353e+02,1.236580310880829074e+02
1.101568627450980387e+02,1.460434173669467555e+02,2.662307692307692264e+02,1.240085470085469979e+02
1.108333333333333286e+02,1.452945402298850297e+02,2.667532228360957447e+02,1.247090239410681392e+02
1.114166666666666572e+02,1.443940677966101589e+02,2.673699421965317811e+02,1.254855491329479804e+02
1.118750000000000000e+02,1.437208333333333314e+02,2.680907407407407277e+02,1.262481481481481325e+02
1.128721264367815991e+02,1.422643678160919194e+02,2.682688172043010582e+02,1.267383512544802784e+02
1.134449152542372872e+02,1.416610169491525539e+02,2.688371212121211897e+02,1.275397727272727337e+02
1.143886524822694923e+02,1.404411347517730348e+02,2.686490299823632881e+02,1.278747795414462018e+02
1.145518207282913181e+02,1.400602240896358239e+02,2.699861111111110858e+02,1.290773809523809632e+02
1.152892561983471040e+02,1.390853994490358048e+02,2.702979515828677677e+02,1.296685288640595672e+02
1.157580872011251643e+02,1.379760900140646811e+02,2.702350000000000136e+02,1.299149999999999920e+02
1.164237037037036941e+02,1.364533333333333474e+02,2.709549549549549283e+02,1.309261261261261211e+02
1.168728070175438631e+02,1.351461988304093609e+02,2.709982174688057057e+02,1.309964349376114114e+02
1.174217391304347871e+02,1.336333333333333258e+02,2.719453551912568514e+02,1.323934426229508290e+02
1.177030567685589517e+02,1.330815138282387124e+02,2.722632575757575637e+02,1.329204545454545325e+02
1.178101092896174720e+02,1.321571038251366019e+02,2.729547101449275033e+02,1.334981884057970944e+02
1.181588652482269453e+02,1.306978723404255334e+02,2.731234567901234414e+02,1.336984126984127101e+02
1.183657817109144474e+02,1.293775811209439439e+02,2.727708333333333144e+02,1.339670138888888857e+02
1.188095238095238102e+02,1.282202380952381020e+02,2.738877192982455995e+02,1.351807017543859502e+02
1.188959212376933863e+02,1.277890295358649837e+02,2.741666666666666856e+02,1.357256944444444287e+02
1.191351351351351298e+02,1.266411411411411336e+02,2.744427083333333144e+02,1.361215277777777715e+02
1.193394495412844094e+02,1.251666666666666572e+02,2.745199999999999818e+02,1.361466666666666470e+02
1.193950617283950493e+02,1.243950617283950493e+02,2.746247723132968872e+02,1.366666666666666572e+02
1.196213450292397624e+02,1.234663742690058399e+02,2.750511363636363740e+02,1.373655303030302832e+02
1.196479076479076440e+02,1.225064935064935128e+02,2.752054054054054291e+02,1.383045045045045072e+02
1.197536231884057969e+02,1.214710144927536248e+02,2.750092081031307316e+02,1.397955801104972409e+02
1.199214092140921366e+02,1.205907859078590718e+02,2.752359550561797619e+02,1.415692883895131047e+02
1.199872340425531974e+02,1.193687943262411295e+02,2.754540229885057556e+02,1.428122605363984690e+02
1.200425240054869676e+02,1.189368998628257827e+02,2.756537037037036839e+02,1.440629629629629562e+02
1.200762711864406782e+02,1.176327683615819097e+02,2.755180952380952135e+02,1.447314285714285802e+02
1.200981182795698885e+02,1.171626344086021447e+02,2.755706521739130608e+02,1.461376811594202820e+02
1.201214814814814815e+02,1.147718518518518351e+02,2.758285163776492936e+02,1.474335260115607014e+02
1.199665271966527200e+02,1.140195258019525681e+02,2.759550561797752835e+02,1.487565543071160903e+02
1.197352941176470580e+02,1.129159663865546150e+02,2.761580952380951999e+02,1.493771428571428430e+02
1.194344262295081904e+02,1.117800546448087431e+02,2.763409090909090651e+02,1.503920454545454675e+02
1.193703703703703667e+02,1.111399176954732440e+02,2.763934108527131457e+02,1.515833333333333144e+02
1.188381344307270098e+02,1.095967078189300423e+02,2.764892787524366327e+02,1.526783625730994061e+02
1.186241426611796896e+02,1.090041152263374471e+02,2.766985018726591647e+02,1.535992509363295824e+02
1.184841269841269877e+02,1.082764550264550110e+02,2.769399224806201687e+02,1.547519379844961236e+02
1.181472556894243553e+02,1.071646586345381564e+02,2.770810313075506315e+02,1.553756906077348106e+02
1.179749670619235786e+02,1.065296442687747032e+02,2.772152380952380781e+02,1.567428571428571331e+02
1.176666666666666572e+02,1.058185328185328160e+02,2.773086419753086034e+02,1.575467372134038726e+02
1.169132231404958731e+02,1.044779614325068735e+02,2.774562383612662870e+02,1.582346368715083713e+02
1.163279569892473120e+02,1.034583333333333286e+02,2.775009107468123943e+02,1.591092896174863256e+02
1.162096774193548328e+02,1.029502688172042895e+02,2.778000000000000114e+02,1.606060606060605949e+02
1.157558299039780394e+02,1.021659807956104231e+02,2.778662790697674154e+02,1.614554263565891290e+02
1.156364883401920309e+02,1.018559670781892947e+02,2.780159680638722648e+02,1.626986027944111584e+02
1.155390625000000000e+02,1.014205729166666572e+02,2.780598802395209646e+02,1.633353293413173617e+02
1.148197146562905289e+02,1.003981841763942953e+02,2.780722222222221944e+02,1.642259259259259068e+02
1.148550135501354958e+02,1.002452574525745206e+02,2.781619585687382141e+02,1.651468926553672247e+02
1.141633728590250314e+02,9.910803689064557886e+01,2.781293260473588020e+02,1.658360655737704974e+02
1.138439153439153273e+02,9.840608465608464428e+01,2.781601489757914010e+02,1.665698324022346242e+02
1.132578875171467701e+02,9.763511659807956278e+01,2.781902071563088157e+02,1.676101694915254257e+02
1.127161981258366694e+02,9.687416331994644736e+01,nan,nan
1.126143790849673110e+02,9.649150326797385446e+01,2.784715447154471235e+02,1.702845528455284523e+02
1.121363022941970229e+02,9.590958164642374584e+01,2.777764471057884066e+02,1.711377245508982128e+02
1.117194337194337095e+02,9.553925353925353647e+01,2.768602794411177683e+02,1.719221556886227518e+02
1.111725032425421489e+02,9.466277561608301028e+01,2.762003853564547171e+02,1.730000000000000000e+02
1.108503937007874072e+02,9.411417322834645915e+01,2.757771203155818398e+02,1.740295857988165551e+02
1.105972789115646151e+02,9.360272108843535932e+01,2.752700186219739180e+02,1.749757914338919704e+02
1.102195121951219505e+02,9.315447154471544877e+01,2.751909909909909402e+02,1.754198198198197929e+02
1.090669291338582667e+02,9.217585301837269185e+01,2.748647619047618491e+02,1.765771428571428601e+02
1.089176626826029235e+02,9.190305444887117403e+01,2.749055555555555657e+02,1.767592592592592382e+02
1.076215846994535354e+02,9.108606557377049739e+01,2.747738791423001885e+02,1.778070175438596436e+02
1.073824701195219120e+02,9.083930942895085536e+01,2.747049808429118798e+02,1.786398467432950099e+02
1.070638020833333286e+02,9.073828125000000000e+01,2.744635108481261909e+02,1.794654832347139859e+02
1.064861111111111001e+02,9.023611111111110006e+01,2.741315315315314933e+02,1.801891891891891930e+02
1.061348314606741638e+02,9.011111111111110006e+01,2.741280602636534809e+02,1.808192090395480136e+02
1.041914323962516704e+02,8.933333333333332860e+01,nan,nan
1.043190661478599282e+02,8.908041504539558275e+01,2.736646825396825307e+02,1.827043650793650613e+02
1.036521164021163912e+02,8.882671957671956875e+01,2.737580952380952226e+02,1.830971428571428703e+02
1.030330687830687850e+02,8.867592592592592382e+01,2.735694444444444571e+02,1.839722222222222285e+02
1.019247311827956963e+02,8.819892473118278531e+01,2.733776493256261801e+02,1.846127167630057784e+02
1.013566796368352669e+02,8.804928664072632216e+01,2.732742857142857247e+02,1.853657142857142901e+02
1.009185750636132184e+02,8.789821882951653720e+01,2.730545454545454618e+02,1.863656565656565647e+02
1.004601990049751237e+02,8.788184079601990106e+01,2.729401197604790354e+02,1.876107784431137588e+02
9.937021276595744723e+01,8.727375886524822590e+01,2.726666666666666288e+02,1.881535580524344198e+02
9.927410468319558845e+01,8.724380165289255729e+01,2.724611111111111086e+02,1.887037037037036953e+02
9.843790849673202104e+01,8.719738562091502843e+01,2.721787709497206720e+02,1.899683426443202734e+02
9.764769647696476795e+01,8.710298102981029444e+01,2.721205273069679720e+02,1.911035781544255769e+02
9.810512820512819587e+01,8.704230769230768772e+01,2.719846743295018996e+02,1.922279693486590020e+02
9.681029810298102234e+01,8.731300813008130035e+01,2.717947368421052374e+02,1.929649122807017250e+02
9.591631799163180006e+01,8.735425383542536792e+01,2.715102420856610479e+02,1.939236499068900912e+02
9.553081232492996833e+01,8.750700280112043572e+01,2.713727810650887591e+02,1.951420118343195327e+02
9.477248677248675790e+01,8.764550264550263137e+01,2.714990583804142830e+02,1.959227871939736190e+02
9.427553763440859314e+01,8.784677419354838435e+01,2.715579322638145641e+02,1.967379679144385136e+02
9.345219638242893723e+01,8.816149870801032762e+01,2.712198198198198043e+02,1.983135135135135272e+02
9.351836734693877418e+01,8.812789115646258153e+01,2.710931098696461845e+02,1.989273743016759681e+02
9.251120448179270284e+01,8.866806722689075571e+01,2.709592592592592268e+02,1.998759259259259125e+02
9.220982735723769963e+01,8.864807436918989936e+01,2.708491620111731777e+02,2.011024208566107632e+02
9.190056022408963088e+01,8.878291316526609478e+01,2.708757062146892736e+02,2.021148775894538403e+02
9.143027888446215456e+01,8.897609561752987872e+01,2.708087431693988947e+02,2.028816029143897595e+02
9.055465587044534459e+01,8.953036437246963430e+01,2.707267759562841434e+02,2.038087431693988947e+02
9.033768115942028487e+01,8.968985507246375732e+01,2.705522682445758846e+02,2.051439842209072708e+02
9.002732240437157429e+01,8.977732240437157429e+01,2.704784313725489824e+02,2.060392156862745026e+02
8.993552812071330038e+01,8.987379972565156550e+01,2.704685185185184650e+02,2.066425925925925924e+02
8.950067476383264875e+01,9.019298245614034215e+01,2.704437984496123590e+02,2.080736434108526964e+02
8.906613756613755584e+01,9.066798941798941769e+01,2.703856589147286513e+02,2.082015503875968818e+02
8.865277777777777146e+01,9.120555555555554861e+01,2.701196078431372030e+02,2.098450980392156850e+02
8.836005625879043635e+01,9.190857946554147873e+01,2.700251937984496067e+02,2.107713178294573595e+02
8.806967213114754145e+01,9.244262295081966840e+01,2.699157088122605046e+02,2.118659003831417351e+02
8.810391363022941391e+01,9.238326585695006088e+01,2.697693798449612359e+02,2.128875968992248033e+02
8.782133333333332814e+01,9.304399999999999693e+01,2.694058823529411484e+02,2.138686274509803695e+02
8.725574712643677344e+01,9.440660919540229656e+01,2.691203703703703809e+02,2.148203703703703695e+02
8.708620689655172953e+01,9.451580459770113407e+01,2.688888888888888573e+02,2.156992337164750779e+02
8.676429567642955476e+01,9.555230125523011964e+01,2.688152610441766797e+02,2.162690763052208638e+02
8.676023391812864816e+01,9.559941520467835119e+01,2.687001862197392370e+02,2.170893854748603360e+02
8.628487518355358077e+01,9.694419970631423666e+01,2.683390804597701162e+02,2.184444444444444287e+02
8.627361111111109437e+01,9.763194444444442865e+01,2.680867052023121460e+02,2.188901734104046284e+02
8.603566529492454151e+01,9.828943758573387868e+01,2.677619047619047592e+02,2.200438095238095002e+02
8.575171467764059230e+01,9.961865569272976018e+01,2.675846702317290351e+02,2.209875222816399116e+02
8.566235632183907001e+01,1.005330459770114828e+02,2.674898989898990180e+02,2.212895622895622694e+02
8.533048433048432457e+01,1.015284900284900118e+02,2.671969696969696884e+02,2.232575757575757223e+02
8.512376933895920672e+01,1.028537271448663830e+02,2.666978557504872924e+02,2.244463937621832201e+02
8.507859078590784918e+01,1.030840108401083910e+02,2.664026217228464475e+02,2.249812734082396730e+02
8.474609929078013693e+01,1.045163120567375898e+02,2.659748062015503933e+02,2.263856589147286513e+02
8.461538461538461320e+01,1.050868945868945872e+02,2.659220272904483409e+02,2.273684210526315894e+02
8.468821839080459313e+01,1.056364942528735469e+02,2.658051001821493173e+02,2.278816029143897595e+02
8.439531680440769890e+01,1.064490358126721645e+02,2.654627450980391927e+02,2.293333333333333144e+02
8.411533052039381175e+01,1.077805907172995745e+02,2.650313725490195793e+02,2.306862745098038943e+02
8.405220883534136078e+01,1.086024096385542208e+02,2.649484126984126533e+02,2.314384920634920491e+02
8.384604519774009646e+01,1.098206214689265465e+02,2.646724470134874423e+02,2.319672447013487329e+02
8.396969696969695462e+01,1.104449035812672122e+02,2.648018018018017870e+02,2.325153153153152914e+02
8.361581920903954313e+01,1.119138418079095914e+02,2.642055888223552529e+02,2.342814371257485107e+02
8.344964539007091275e+01,1.128907801418439618e+02,2.640552268244575771e+02,2.352307692307692264e+02
8.338075880758806591e+01,1.137018970189701861e+02,2.635641025641025408e+02,2.358113553113552996e+02
8.318459495351925170e+01,1.148579017264276132e+02,2.634990990990990554e+02,2.366558558558558332e+02
8.319104084321475057e+01,1.151225296442687807e+02,2.633199999999999932e+02,2.376399999999999864e+02
8.308333333333332860e+01,1.170107526881720332e+02,2.630038759689922472e+02,2.389573643410852526e+02
8.298544973544973402e+01,1.170343915343915313e+02,2.628114285714285643e+02,2.398400000000000034e+02
8.287413554633471335e+01,1.191217150760719221e+02,2.626015779092701905e+02,2.409447731755423945e+02
8.292069892473118387e+01,1.201518817204300973e+02,2.624319526627218693e+02,2.411400394477317377e+02
8.296460176991151059e+01,1.212109144542772725e+02,2.619818181818181984e+02,2.422686868686868422e+02
8.312415654520916064e+01,1.221902834008097187e+02,2.618650306748466505e+02,2.433067484662576589e+02
8.329476584022037855e+01,1.238264462809917319e+02,2.615337186897880315e+02,2.440366088631984383e+02
8.339430894308942754e+01,1.247967479674796749e+02,2.611610486891385676e+02,2.447397003745318216e+02
8.357880055788004370e+01,1.256415620641562043e+02,2.609087523277467540e+02,2.454636871508379841e+02
8.377595628415299700e+01,1.266762295081967267e+02,2.606165703275529495e+02,2.460828516377649180e+02
8.391910739191072821e+01,1.275439330543933067e+02,2.604370370370370438e+02,2.468925925925925924e+02
8.414509803921568221e+01,1.284013071895424787e+02,2.600968992248061795e+02,2.480852713178294380e+02
8.456431535269709343e+01,1.300138312586445295e+02,2.599664804469273918e+02,2.485810055865921697e+02
8.460519125683059372e+01,1.304904371584699447e+02,2.599790476190476056e+02,2.489904761904761585e+02
8.489406779661017310e+01,1.314279661016949206e+02,2.595838150289017108e+02,2.498208092485549230e+02
8.493417366946778202e+01,1.317717086834733777e+02,nan,nan
8.529880478087649465e+01,1.327304116865869617e+02,2.591481481481480955e+02,2.519122807017543835e+02
8.540026246719159531e+01,1.333057742782152104e+02,2.591189083820662518e+02,2.522436647173489064e+02
8.594511378848727645e+01,1.346787148594377470e+02,2.590208333333333144e+02,2.530416666666666288e+02
8.621288515406160968e+01,1.357969187675069804e+02,2.590400000000000205e+02,2.530399999999999920e+02
8.649457994579944398e+01,1.366531165311652956e+02,2.585272727272727025e+02,2.544060606060606062e+02
8.690591397849460975e+01,1.380147849462365457e+02,2.584867075664621439e+02,2.554314928425357607e+02
8.722088353413654715e+01,1.389451137884872765e+02,2.583352272727272521e+02,2.560151515151515014e+02
8.746013071895424673e+01,1.396784313725490279e+02,2.583856589147286513e+02,2.564961240310076960e+02
8.786290322580644840e+01,1.406720430107526738e+02,2.580757575757575637e+02,2.573484848484848158e+02
8.835762483130903888e+01,1.421821862348178058e+02,2.577961904761904748e+02,2.579828571428571422e+02
8.861847389558232635e+01,1.427831325301204686e+02,2.575208333333333144e+02,2.585018939393939377e+02
8.894312169312168237e+01,1.436574074074073906e+02,2.574531835205992252e+02,2.588071161048688964e+02
8.968898186889818192e+01,1.453654114365411374e+02,nan,nan
9.003333333333333144e+01,1.464986111111111029e+02,2.585277777777777715e+02,2.609543650793650613e+02
9.051452282157676166e+01,1.475698478561548939e+02,2.592032520325203109e+02,2.617703252032520140e+02
9.086938775510203925e+01,1.488000000000000114e+02,2.596164658634538114e+02,2.624497991967871258e+02
9.115693904020751859e+01,1.494319066147859871e+02,2.601724806201549995e+02,2.629844961240309544e+02
9.180338541666665719e+01,1.507252604166666572e+02,2.606511226252158622e+02,2.635336787564766610e+02
9.251111111111110574e+01,1.523527777777777601e+02,2.614624277456647405e+02,2.644373795761079009e+02
9.283190883190881948e+01,1.534715099715099598e+02,nan,nan
9.311466666666665049e+01,1.540573333333333039e+02,2.623422459893047858e+02,2.660196078431372371e+02
9.387916666666666288e+01,1.555805555555555486e+02,2.628954954954954815e+02,2.672954954954954587e+02
9.411375661375660684e+01,1.561679894179893893e+02,2.633043478260869392e+02,2.682137681159420026e+02
9.493252361673414441e+01,1.577813765182186216e+02,2.637639639639639313e+02,2.691009009009009105e+02
9.496296296296296191e+01,1.579519890260630746e+02,2.645828677839850798e+02,2.703854748603351936e+02
9.560201149425286360e+01,1.593275862068965409e+02,2.647996357012750082e+02,2.708724954462659298e+02
9.617006802721087411e+01,1.602965986394557660e+02,2.652813102119460495e+02,2.715606936416185135e+02
9.663081009296148238e+01,1.613173970783532525e+02,2.656479400749063302e+02,2.724119850187265683e+02
9.720054200542004708e+01,1.623048780487804947e+02,2.665677655677655480e+02,2.733516483516483504e+02
9.815611814345992059e+01,1.635021097046413558e+02,2.671589147286821344e+02,2.742325581395348877e+02
9.872549019607842524e+01,1.643375350140055957e+02,2.677957610789980549e+02,2.750789980732176900e+02
9.960364145658262203e+01,1.653445378151260456e+02,2.685955056179775511e+02,2.757640449438202381e+02
1.003451327433628251e+02,1.660486725663716925e+02,2.697061143984220735e+02,2.771341222879684096e+02
1.008698140200285991e+02,1.666065808297567798e+02,2.702222222222222285e+02,2.776530214424951168e+02
1.015927419354838719e+02,1.673051075268816987e+02,2.710282485875706016e+02,2.783709981167608021e+02
1.025408022130013848e+02,1.681645919778699749e+02,2.717238095238095070e+02,2.791123809523809314e+02
1.029232914923291418e+02,1.687085076708507358e+02,2.725555555555555429e+02,2.802085769980506598e+02
1.036464237516868963e+02,1.692118758434547772e+02,2.730034904013961636e+02,2.805951134380453595e+02
1.047308228730822748e+02,1.702189679218967626e+02,2.737462121212120678e+02,2.813181818181818130e+02
1.055822603719599329e+02,1.709327610872674938e+02,2.746455938697317833e+02,2.821206896551724412e+02
1.057283950617283921e+02,1.711152263374485472e+02,2.753236434108526964e+02,2.824651162790697754e+02
1.063436692506459877e+02,1.714780361757105709e+02,2.760910852713178087e+02,2.828197674418604493e+02
1.071924119241192415e+02,1.722994579945799387e+02,2.765461847389557875e+02,2.834156626506024281e+02
1.078299039780521156e+02,1.728477366255144148e+02,2.771310861423220899e+02,2.838707865168539115e+02
1.086937321937321883e+02,1.734430199430199195e+02,2.776312849162011389e+02,2.843445065176908884e+02
1.094751773049645323e+02,1.739659574468085168e+02,2.777771639042356924e+02,2.845009208103130618e+02
1.102360515021459264e+02,1.744763948497854074e+02,2.778952380952380850e+02,2.841466666666666470e+02
1.110329041487839703e+02,1.749370529327610768e+02,2.780738522954091536e+02,2.844131736526946383e+02
1.116244897959183646e+02,1.754367346938775540e+02,2.789357429718875210e+02,2.851425702811245060e+02
1.125699855699855618e+02,1.760057720057719735e+02,2.795126705653021304e+02,2.854191033138401394e+02
1.132101449275362199e+02,1.765289855072463752e+02,2.806131687242798307e+02,2.863395061728394921e+02
1.136796536796536827e+02,1.769235209235208970e+02,2.813166666666666629e+02,2.879666666666666401e+02
1.140282738095238102e+02,1.772842261904761756e+02,2.804420289855071928e+02,2.876159420289855007e+02
1.152660944206008651e+02,1.778426323319027063e+02,2.795454545454545610e+02,2.878712121212120678e+02
1.161274509803921546e+02,1.783935574229691667e+02,2.789559386973180040e+02,2.880881226053639352e+02
1.167067238912732421e+02,1.787439198855507527e+02,2.784181459566074750e+02,2.881400394477317377e+02
1.174851063829787279e+02,1.792425531914893497e+02,2.784181459566074750e+02,2.881400394477317377e+02
1.180779220779220822e+02,1.796233766233766289e+02,nan,nan
1.184550484094052507e+02,1.799875518672199064e+02,2.774343434343434183e+02,2.882888888888888914e+02
1.194843304843304850e+02,1.805840455840455832e+02,2.769420289855072497e+02,2.879503105590061978e+02
1.198120411160058723e+02,1.809588839941262677e+02,2.770363636363636601e+02,2.883454545454545723e+02
1.204390243902439011e+02,1.814092140921408998e+02,2.770363636363636601e+02,2.883454545454545723e+02
1.207238095238095212e+02,1.817210884353741278e+02,2.770118343195265993e+02,2.882781065088757373e+02
1.218285322359396332e+02,1.825994513031550071e+02,2.770363636363636601e+02,2.883454545454545723e+02
1.222429378531073354e+02,1.831214689265536606e+02,2.773975155279503042e+02,2.887701863354037073e+02
1.224025974025974079e+02,1.833636363636363740e+02,2.773703703703703809e+02,2.887078189300411282e+02
1.227069892473118244e+02,1.837217741935483843e+02,2.773703703703703809e+02,2.887078189300411282e+02
1.232354497354497340e+02,1.843875661375661252e+02,2.773703703703703809e+02,2.887078189300411282e+02
1.238484848484848442e+02,1.849328063241106861e+02,2.773703703703703809e+02,2.887078189300411282e+02
1.242279999999999944e+02,1.854319999999999879e+02,2.774216867469879730e+02,2.881847389558232635e+02
1.247267973856209125e+02,1.859202614379084935e+02,2.774212678936605130e+02,2.883067484662576589e+02
1.248845144356955217e+02,1.859632545931758330e+02,2.774212678936605130e+02,2.883067484662576589e+02
1.257192982456140271e+02,1.870229419703103702e+02,nan,nan
1.265319999999999965e+02,1.881479999999999961e+02,2.774212678936605130e+02,2.883067484662576589e+02
1.272161785216178487e+02,1.889232914923291275e+02,2.770267489711933990e+02,2.888930041152263470e+02
1.276613545816733080e+02,1.892124833997343671e+02,2.770159680638722648e+02,2.888023952095808227e+02
1.279911949685534438e+02,1.896805031446540681e+02,2.770159680638722648e+02,2.888023952095808227e+02
1.286924119241192273e+02,1.906341463414634063e+02,2.770159680638722648e+02,2.888023952095808227e+02
1.294672021419009411e+02,1.915970548862115095e+02,2.765775193798449436e+02,2.890135658914728651e+02
1.300014245014245091e+02,1.921780626780626733e+02,nan,nan
1.305033467202141821e+02,1.929906291834002445e+02,2.764897119341563325e+02,2.893312757201645695e+02
1.306889763779527698e+02,1.929895013123359320e+02,2.767267080745341445e+02,2.890683229813664639e+02
1.313897637795275557e+02,1.939448818897637921e+02,2.767490196078430813e+02,2.892078431372548835e+02
1.317318295739348173e+02,1.944624060150376010e+02,2.767810077519379774e+02,2.891937984496123590e+02
1.325559701492537386e+02,1.953843283582089612e+02,nan,nan
1.331200000000000045e+02,1.964866666666666504e+02,2.776727642276422330e+02,2.894044715447154204e+02
1.336142473118279383e+02,1.971115591397849300e+02,2.777996254681647770e+02,2.889456928838951058e+02
1.339354413702239697e+02,1.979011857707509989e+02,2.778314393939393767e+02,2.890530303030302548e+02
1.340948813982521699e+02,1.986454431960049760e+02,2.785536062378167230e+02,2.891461988304093325e+02
1.344007633587786188e+02,1.996361323155216212e+02,2.787469879518072275e+02,2.895682730923694521e+02
1.348199233716475192e+02,2.008671775223499196e+02,2.788109756097560989e+02,2.893434959349593214e+02
1.349448441247002393e+02,2.012074340527577760e+02,2.788109756097560989e+02,2.893434959349593214e+02
1.350023640661938487e+02,2.017186761229314413e+02,2.788109756097560989e+02,2.893434959349593214e+02
1.352829931972788984e+02,2.039523809523809348e+02,2.788109756097560989e+02,2.893434959349593214e+02
1.355145228215767759e+02,2.040110650069156293e+02,2.796049382716049649e+02,2.896378600823044849e+02
1.354153645833333144e+02,2.052109375000000000e+02,2.797309236947791078e+02,2.896265060240963862e+02
1.354601307189542183e+02,2.057307189542483457e+02,2.798139059304703551e+02,2.897157464212678519e+02
1.355989375830013159e+02,2.072523240371845645e+02,nan,nan
1.358539007092198574e+02,2.078936170212765830e+02,nan,nan
1.357450142450142323e+02,2.084772079772079678e+02,2.799757575757575978e+02,2.885535353535353238e+02
1.359497354497354422e+02,2.091970899470899496e+02,2.803176470588235247e+02,2.883137254901960773e+02
1.359746835443037867e+02,2.102672292545709922e+02,2.803506743737957549e+02,2.883506743737957549e+02
1.359834024896265419e+02,2.112793914246196323e+02,2.802787524366471530e+02,2.882846003898635558e+02
1.359338624338624015e+02,2.118835978835978722e+02,2.807400793650793389e+02,2.885833333333333144e+02
1.359905913978494425e+02,2.121478494623655706e+02,2.808698752228164039e+02,2.883618538324420797e+02
1.360207468879667942e+02,2.135615491009681648e+02,2.809867424242424363e+02,2.884337121212120678e+02
1.358608815426997012e+02,2.142314049586776719e+02,2.810135658914728651e+02,2.885077519379844944e+02
1.359118457300275509e+02,2.152727272727272805e+02,2.810135658914728651e+02,2.885077519379844944e+02
1.360172642762283886e+02,2.159375830013279938e+02,nan,nan
1.360337381916329207e+02,2.164777327935222786e+02,2.814726930320150586e+02,2.893295668549905599e+02
1.358694444444444400e+02,2.178361111111111086e+02,2.817337164750957754e+02,2.892624521072796711e+02
1.358571428571428612e+02,2.178911564625850019e+02,2.817803921568627175e+02,2.892392156862745196e+02
1.358829931972788927e+02,2.190217687074829769e+02,2.821647286821705052e+02,2.898042635658914605e+02
1.358495934959349540e+02,2.199092140921408998e+02,2.821242603550296053e+02,2.896410256410256352e+02
1.357500000000000000e+02,2.208033854166666572e+02,2.825648148148147811e+02,2.898759259259259125e+02
1.352750000000000057e+02,2.220111111111110915e+02,2.831811594202898164e+02,2.902373188405796895e+02
1.355125164690381894e+02,2.220026350461132836e+02,2.831811594202898164e+02,2.902373188405796895e+02
1.345802968960863382e+02,2.234426450742240036e+02,2.835291005291005035e+02,2.907054673721340237e+02
1.342382864792503199e+02,2.237791164658634671e+02,2.832644927536231876e+02,2.905199275362318758e+02
1.336450742240215845e+02,2.244966261808366994e+02,2.838828282828282568e+02,2.914989898989898620e+02
1.335442708333333144e+02,2.249596354166666572e+02,2.842609523809523466e+02,2.919504761904761381e+02
1.329075520833333144e+02,2.257317708333333144e+02,2.842928709055876766e+02,2.919383429672446937e+02
1.324041184041184067e+02,2.262574002574002350e+02,2.842466281310211684e+02,2.923718689788053666e+02
1.318064102564102598e+02,2.268000000000000114e+02,2.842723809523809564e+02,2.925638095238094820e+02
1.309459459459459367e+02,2.273745173745173815e+02,2.841872852233676667e+02,2.924278350515463671e+02
1.303081009296148807e+02,2.279814077025232280e+02,2.844283054003724374e+02,2.926238361266293850e+02
1.300193637621023299e+02,2.282904564315352616e+02,2.845809523809523398e+02,2.930304761904761790e+02
1.295301837270341139e+02,2.286719160104986770e+02,2.846212121212120678e+02,2.931022727272727479e+02
1.292049286640726109e+02,2.290894941634241206e+02,2.846212121212120678e+02,2.931022727272727479e+02
1.280727513227513157e+02,2.297526455026454926e+02,2.851173184357542141e+02,2.936350093109869590e+02
1.276707482993197260e+02,2.299836734693877531e+02,2.853333333333333144e+02,2.939468302658486323e+02
1.273226666666666631e+02,2.302506666666666604e+02,2.853333333333333144e+02,2.939468302658486323e+02
1.264329183955739921e+02,2.307109266943291743e+02,2.855555555555555429e+02,2.941890838206627450e+02
1.265582010582010497e+02,2.308095238095237960e+02,2.859658634538152455e+02,2.945783132530120270e+02
1.261687763713080130e+02,2.310984528832629792e+02,2.859801587301587347e+02,2.948015873015872899e+02
1.255306666666666615e+02,2.313986666666666565e+02,2.864042145593869577e+02,2.950402298850574994e+02
1.246922043010752645e+02,2.318575268817204176e+02,2.864280303030302548e+02,2.951969696969696884e+02
1.246510638297872333e+02,2.318127659574467998e+02,2.866898395721925112e+02,2.954420677361853791e+02
1.242253711201079511e+02,2.322118758434547772e+02,2.869714285714285893e+02,2.958895238095237801e+02
1.231946778711484569e+02,2.327170868347338910e+02,2.876704119850186885e+02,2.967808988764044784e+02
1.231900709219858072e+02,2.327617021276595608e+02,2.880364298724954324e+02,2.969927140255009022e+02
1.221120331950207429e+02,2.330124481327800936e+02,2.880561797752808957e+02,2.970805243445692554e+02
1.221680911680911663e+02,2.329031339031338916e+02,2.881686507936507837e+02,2.973630952380952408e+02
1.213208333333333400e+02,2.329333333333333371e+02,2.883843351548269425e+02,2.975245901639344197e+02
1.210300546448087431e+02,2.329508196721311606e+02,2.886917148362234684e+02,2.977263969171483495e+02
1.201753681392235507e+02,2.328420348058902221e+02,2.890368217054263482e+02,2.979360465116279215e+02
1.196377410468319482e+02,2.325895316804407571e+02,2.891078431372548607e+02,2.980352941176470836e+02
1.188247011952191201e+02,2.326520584329349219e+02,2.891078431372548607e+02,2.980352941176470836e+02
1.185722222222222229e+02,2.325694444444444287e+02,2.897170542635658421e+02,2.979302325581395507e+02
1.173047210300429128e+02,2.322432045779685268e+02,2.898943089430894133e+02,2.979491869918699081e+02
1.171223628691983123e+02,2.322405063291139129e+02,2.903872832369942216e+02,2.983179190751445162e+02
1.165903614457831310e+02,2.322048192771084416e+02,2.903817829457364041e+02,2.983333333333333144e+02
1.156857923497267677e+02,2.318142076502732039e+02,2.904571428571428555e+02,2.983485714285714039e+02
1.154302788844621546e+02,2.316374501992031867e+02,2.904571428571428555e+02,2.983485714285714039e+02
1.145718270571827020e+02,2.314239888423988702e+02,2.908559670781892805e+02,2.984814814814814667e+02
1.138906882591093108e+02,2.312064777327935303e+02,2.910734126984126533e+02,2.987658730158730123e+02
1.133402203856749253e+02,2.310137741046831650e+02,2.910431372549019216e+02,2.987803921568627175e+02
1.125107526881720332e+02,2.306424731182795540e+02,2.910734126984126533e+02,2.987658730158730123e+02
1.119681274900398336e+02,2.305365205843293381e+02,2.910734126984126533e+02,2.987658730158730123e+02
1.107219917012448178e+02,2.299695712309820124e+02,2.910490196078430927e+02,2.985647058823529392e+02
1.107104247104247037e+02,2.300000000000000000e+02,2.909107468123861509e+02,2.985555555555555429e+02
1.099446640316205475e+02,2.295902503293807513e+02,2.908752327746740889e+02,2.985121042830539864e+02
1.091491569390401963e+02,2.292944228274967600e+02,2.908752327746740889e+02,2.985121042830539864e+02
1.085299479166666572e+02,2.289531250000000000e+02,2.906123595505617914e+02,2.987209737827715230e+02
1.075208333333333286e+02,2.285598958333333144e+02,2.899625246548323503e+02,2.983333333333333144e+02
1.067794871794871767e+02,2.281705128205128119e+02,2.897439024390243958e+02,2.983963414634146147e+02
1.062706666666666564e+02,2.278679999999999950e+02,nan,nan
1.057991803278688536e+02,2.276051912568305795e+02,2.894058823529411484e+02,2.984254901960783855e+02
1.048786666666666605e+02,2.270840000000000032e+02,2.892901960784313360e+02,2.980294117647058556e+02
1.039225449515905950e+02,2.266320885200553050e+02,2.891378600823044849e+02,2.983786008230452467e+02
1.031746031746031775e+02,2.262063492063492163e+02,2.893812260536398071e+02,2.989559386973180040e+02
1.027786357786357740e+02,2.258738738738738618e+02,2.899919191919191803e+02,2.990666666666666629e+02
1.016782945736434129e+02,2.253436692506459735e+02,2.902168674698795030e+02,2.990140562248995479e+02
1.011374045801526762e+02,2.249885496183206044e+02,2.909507575757575637e+02,2.988522727272727479e+02
1.000942895086321300e+02,2.243081009296148522e+02,2.912965235173824112e+02,2.985173824130878870e+02
9.972243839169908597e+01,2.241543450064850731e+02,2.921104868913857331e+02,2.991273408239700302e+02
9.973828125000000000e+01,2.241809895833333144e+02,nan,nan
9.843092522179973969e+01,2.232889733840304132e+02,2.941355932203389898e+02,3.001374764595103102e+02
9.794723294723294771e+01,2.229819819819819600e+02,2.951410256410256352e+02,3.010714285714285552e+02
9.703306878306878502e+01,2.223425925925925810e+02,2.956871508379888382e+02,3.016554934823091116e+02
9.673257287705955321e+01,2.222522179974651237e+02,2.961760299625468065e+02,3.020393258426966554e+02
9.628947368421052033e+01,2.219047619047618980e+02,2.963731884057970660e+02,3.023242753623188150e+02
9.564676616915421903e+01,2.213880597014925513e+02,2.973060109289617685e+02,3.028433515482695384e+02
9.475220125786162839e+01,2.207484276729559554e+02,2.971719298245614027e+02,3.026877192982456108e+02
9.412620027434840608e+01,2.202592592592592666e+02,2.979429097605893162e+02,3.033554327808471385e+02
9.369160104986875126e+01,2.198149606299212735e+02,2.986388888888888573e+02,3.037559523809524080e+02
9.307291666666665719e+01,2.193502604166666572e+02,2.988766114180478439e+02,3.040128913443830356e+02
9.276893939393939092e+01,2.189760101010101039e+02,2.996531007751937636e+02,3.047267441860465169e+02
9.248370927318295287e+01,2.187744360902255778e+02,3.002222222222222285e+02,3.050662768031188534e+02
9.150266666666665571e+01,2.174679999999999893e+02,3.007370370370369983e+02,3.054759259259259352e+02
9.113461538461538680e+01,2.169384615384615245e+02,3.012630630630630435e+02,3.057387387387387321e+02
9.066666666666667140e+01,2.164510582010582027e+02,3.016227106227105992e+02,3.060384615384615472e+02
9.045478036175710201e+01,2.161847545219638107e+02,3.016159420289855007e+02,3.060543478260869392e+02
9.016419753086418609e+01,2.158679012345678814e+02,3.018996212121211897e+02,3.062443181818181870e+02
8.972030651340996599e+01,2.151060025542784047e+02,3.027435897435897232e+02,3.068619329388560004e+02
8.945466155810981945e+01,2.144061302681992345e+02,3.035085714285714289e+02,3.073790476190475829e+02
8.920910209102089539e+01,2.138450184501845115e+02,3.041843575418994305e+02,3.076834264432029613e+02
8.843783068783068302e+01,2.129457671957671892e+02,3.046734006734006357e+02,3.079680134680134529e+02
8.848556430446193133e+01,2.130091863517060062e+02,3.061140819964348907e+02,3.086417112299465089e+02
8.790318118948823667e+01,2.114647302904564299e+02,3.073831417624521123e+02,3.095842911877394386e+02
8.768612191958494861e+01,2.113968871595330654e+02,3.085105973025047774e+02,3.105664739884393271e+02
8.745013123359579765e+01,2.104737532808398726e+02,3.091992753623188150e+02,3.110634057971014386e+02
8.726693227091632821e+01,2.098127490039840666e+02,3.102529411764705856e+02,3.122431372549019102e+02
8.720817369093231264e+01,2.092132822477649938e+02,3.106139359698681801e+02,3.125649717514124291e+02
8.699212598425197029e+01,2.088136482939632401e+02,3.116395348837209553e+02,3.137461240310076960e+02
8.689803921568626777e+01,2.082183006535947527e+02,3.122144249512670626e+02,3.145847953216374435e+02
8.681242078580480381e+01,2.075893536121672867e+02,3.127752808988764173e+02,3.153838951310860921e+02
8.678914141414141170e+01,2.071818181818181870e+02,3.133632958801497921e+02,3.162584269662921201e+02
8.689219858156027954e+01,2.060382978723404221e+02,3.139745098039215350e+02,3.165882352941176237e+02
8.694576719576718915e+01,2.050462962962962763e+02,3.143508771929824661e+02,3.166783625730994345e+02
8.681045751633986640e+01,2.050810457516339795e+02,3.150536398467432946e+02,3.167203065134099234e+02
8.679794079794078243e+01,2.045276705276705229e+02,3.152130177514792990e+02,3.168500986193294011e+02
8.720026881720428946e+01,2.031626344086021447e+02,3.153257575757575637e+02,3.167424242424242493e+02
8.731640625000000000e+01,2.024427083333333144e+02,3.156281310211945765e+02,3.167109826589595514e+02
8.760483870967742348e+01,2.014932795698924508e+02,3.158456790123456699e+02,3.168971193415637799e+02
8.770399999999999352e+01,2.008293333333333237e+02,3.180809248554913324e+02,3.170327552986512387e+02
8.771882951653942939e+01,2.002913486005088828e+02,3.180900383141762404e+02,3.155478927203064927e+02
8.808104575163397953e+01,1.991568627450980387e+02,3.177337398373983319e+02,3.141443089430894133e+02
8.859202059202058877e+01,1.980540540540540633e+02,3.173779069767442138e+02,3.133779069767442138e+02
8.899606299212598515e+01,1.967874015748031411e+02,3.166591337099811767e+02,3.129943502824858683e+02
8.945899470899469463e+01,1.956455026455026314e+02,3.159404096834264237e+02,3.131284916201117312e+02
8.954879594423320555e+01,1.954157160963244451e+02,3.150706521739130608e+02,3.130253623188405641e+02
9.009848484848484418e+01,1.942209595959595845e+02,3.148108614232209561e+02,3.133520599250936129e+02
9.054568854568853453e+01,1.932831402831402556e+02,3.146062378167641214e+02,3.137426900584795249e+02
9.157235142118861404e+01,1.909948320413436704e+02,3.140372549019607504e+02,3.138215686274509721e+02
9.176913099870297685e+01,1.905395590142671836e+02,nan,nan
9.214687100893996785e+01,1.899208173690932142e+02,3.132241715399609916e+02,3.136569200779726998e+02
9.261997405966276631e+01,1.888651102464331757e+02,3.130339321357285485e+02,3.137385229540917635e+02
9.300787401574802971e+01,1.878582677165354369e+02,3.129410569105691025e+02,3.145020325203252014e+02
9.357258064516129537e+01,1.867768817204301115e+02,nan,nan
9.410432569974554440e+01,1.856157760814249116e+02,3.125182926829268126e+02,3.141605691056910246e+02
9.452107279693485964e+01,1.851877394636015310e+02,3.125182926829268126e+02,3.141605691056910246e+02
9.514322916666665719e+01,1.838111979166666572e+02,3.125182926829268126e+02,3.141605691056910246e+02
9.548050314465407951e+01,1.829333333333333087e+02,nan,nan
9.638955823293173353e+01,1.811646586345381422e+02,3.121104294478527663e+02,3.144662576687116484e+02
9.677254901960783684e+01,1.804941176470588289e+02,3.123435582822085621e+02,3.146728016359917888e+02
9.713032581453633441e+01,1.798446115288220426e+02,3.125608782435129456e+02,3.146566866267464775e+02
9.793832020997375309e+01,1.782480314960629926e+02,3.134827586206896513e+02,3.150593869731800396e+02
9.867564102564101347e+01,1.769833333333333201e+02,3.144107142857142776e+02,3.155833333333333144e+02
9.921774193548387188e+01,1.756397849462365457e+02,nan,nan
9.949182389937107018e+01,1.750867924528301955e+02,3.156036585365853853e+02,3.164532520325203109e+02
1.000644361833952871e+02,1.737620817843866234e+02,3.159917184265009951e+02,3.163643892339544550e+02
1.008708010335917180e+02,1.724134366925064512e+02,3.157581300813008056e+02,3.167418699186991944e+02
1.016115485564304350e+02,1.709041994750656102e+02,3.157764471057884066e+02,3.167305389221556879e+02
1.018998682476943287e+02,1.700737812911725939e+02,nan,nan
1.024405228758169955e+02,1.691137254901960887e+02,nan,nan
1.031839999999999975e+02,1.674226666666666574e+02,nan,nan
1.037371794871794748e+02,1.659871794871794748e+02,nan,nan
1.042943548387096797e+02,1.648776881720430083e+02,3.165679012345678984e+02,3.171872427983539069e+02
1.047311385459533568e+02,1.639259259259259238e+02,nan,nan
1.054319444444444400e+02,1.623013888888888800e+02,3.169112426035503063e+02,3.169861932938856057e+02
1.057506887052341540e+02,1.612451790633608653e+02,nan,nan
1.065370370370370239e+02,1.599501424501424367e+02,nan,nan
1.069731182795698885e+02,1.586465053763440665e+02,nan,nan
1.074901129943502696e+02,1.572485875706214529e+02,3.169337121212120678e+02,3.160416666666666288e+02
1.081522633744855995e+02,1.556872427983539069e+02,3.171864406779661181e+02,3.162711864406779796e+02
1.085252100840336169e+02,1.541526610644257573e+02,3.171907514450867325e+02,3.163930635838150351e+02
1.090790960451977298e+02,1.529844632768361237e+02,3.172222222222222285e+02,3.163859649122807127e+02
1.096108663729808939e+02,1.517298091042584360e+02,3.171715976331361162e+02,3.163431952662721756e+02
1.101191489361702196e+02,1.500042553191489390e+02,nan,nan
1.103319386331938574e+02,1.494602510460250926e+02,nan,nan
1.107008547008547055e+02,1.477578347578347291e+02,nan,nan
1.112907801418439675e+02,1.464297872340425499e+02,3.168161616161615939e+02,3.165212121212121019e+02
1.116088154269972392e+02,1.453402203856749111e+02,3.165194274028629593e+02,3.161349693251533495e+02
1.120868347338935536e+02,1.436484593837534760e+02,3.159221556886227518e+02,3.158203592814371063e+02
1.124187675070027979e+02,1.424761904761904532e+02,nan,nan
1.127727272727272663e+02,1.411763085399448983e+02,3.154236947791164312e+02,3.151004016064256916e+02
1.134323570432356973e+02,1.395216178521617678e+02,3.150998003992015697e+02,3.153473053892215603e+02
1.138795180722891587e+02,1.381847389558232919e+02,nan,nan
1.144293785310734393e+02,1.361242937853107264e+02,3.139337349397590629e+02,3.140461847389557875e+02
1.150524822695035425e+02,1.341446808510638391e+02,3.134738955823293054e+02,3.148473895582329192e+02
1.153240740740740620e+02,1.335251322751322505e+02,3.131289134438305268e+02,3.149779005524861759e+02
1.159985443959242986e+02,1.314337700145560461e+02,3.131902071563088157e+02,3.150000000000000000e+02
1.162544951590594735e+02,1.305892116182572522e+02,3.135273069679848845e+02,3.149378531073446084e+02
1.166680851063829749e+02,1.284439716312056703e+02,3.139357429718875210e+02,3.145923694779116317e+02
1.172321937321937213e+02,1.271125356125356092e+02,3.143546511627906739e+02,3.147112403100774713e+02
1.173794466403162033e+02,1.261304347826087024e+02,3.149329268292682968e+02,3.152967479674796323e+02
1.179733893557422846e+02,1.238711484593837469e+02,3.154814814814814667e+02,3.156646090534979407e+02
1.181949152542372872e+02,1.223319209039547957e+02,nan,nan
1.184467787114845834e+02,1.220462184873949525e+02,3.157032520325203109e+02,3.163089430894308975e+02
1.184824191279887486e+02,1.198298171589310783e+02,nan,nan
1.185174731182795682e+02,1.181384408602150557e+02,3.159743589743589496e+02,3.169763313609467446e+02
1.184955640050697099e+02,1.171318124207857920e+02,3.159743589743589496e+02,3.169763313609467446e+02
1.184993662864385300e+02,1.152965779467680676e+02,3.159743589743589496e+02,3.169763313609467446e+02
1.184193989071038260e+02,1.136980874316939776e+02,nan,nan
1.184979919678714850e+02,1.126787148594377470e+02,nan,nan
1.183202099737532791e+02,1.116981627296587902e+02,nan,nan
1.180865248226950257e+02,1.093134751773049516e+02,nan,nan
1.178051075268817129e+02,1.076706989247311839e+02,3.148488612836438847e+02,3.165590062111801331e+02
1.178815104166666572e+02,1.071354166666666572e+02,nan,nan
1.177855297157622658e+02,1.058527131782945787e+02,nan,nan
1.175603112840466906e+02,1.047924773022049152e+02,nan,nan
1.172445355191256766e+02,1.025628415300546408e+02,3.126398467432949815e+02,3.155191570881225971e+02
1.168714689265536606e+02,1.012542372881355988e+02,3.107981481481481296e+02,3.145333333333333599e+02
1.167158931082981610e+02,9.999578059071730252e+01,3.091187739463601361e+02,3.139923371647509498e+02
1.165802968960863666e+02,9.884480431848851367e+01,3.079717514124293984e+02,3.132203389830508513e+02
1.161700960219478702e+02,9.751851851851851904e+01,3.068352490421455627e+02,3.127835249042145165e+02
1.154036568213783340e+02,9.530239099859352336e+01,3.055246548323471529e+02,3.124378698224851973e+02
1.151959999999999980e+02,9.492933333333333223e+01,3.045676767676767440e+02,3.120303030303030027e+02
1.148352788586251592e+02,9.389623865110246470e+01,3.040287356321838956e+02,3.114923371647509498e+02
1.143102981029810223e+02,9.261246612466123906e+01,3.031516966067864018e+02,3.111417165668662506e+02
1.138198198198198128e+02,9.167824967824967075e+01,3.024678714859437605e+02,3.107610441767067755e+02
1.130968992248062079e+02,9.039147286821705052e+01,3.016584362139917630e+02,3.104506172839506348e+02
1.125504469987228475e+02,8.963729246487866931e+01,3.012296747967479291e+02,3.099105691056910246e+02
1.117918313570487499e+02,8.844795783926218746e+01,3.004156378600822563e+02,3.094711934156378561e+02
1.117104247104247037e+02,8.798455598455598192e+01,2.999547325102880677e+02,3.081893004115225949e+02
1.116117353308364528e+02,8.767166042446940821e+01,2.991717791411043095e+02,3.059509202453987768e+02
1.105427841634738115e+02,8.640229885057470938e+01,2.984210526315789593e+02,3.044210526315789593e+02
1.101164807930607168e+02,8.582403965303592486e+01,2.975851449275361915e+02,3.030163043478260647e+02
1.094198966408268632e+02,8.495607235142118441e+01,2.959406952965234723e+02,3.011165644171779263e+02
1.092183908045977034e+02,8.461685823754788771e+01,2.958103130755064285e+02,3.002872928176795426e+02
1.087563131313131208e+02,8.400126262626261564e+01,2.949146825396825307e+02,2.990634920634920491e+02
1.082357414448669175e+02,8.339923954372623882e+01,2.943645224171539780e+02,2.981988304093567308e+02
1.077237354085603158e+02,8.271076523994811680e+01,2.935625000000000000e+02,2.973219696969696884e+02
1.069051282051282072e+02,8.182564102564101916e+01,2.930361904761904270e+02,2.966057142857142708e+02
1.065858974358974365e+02,8.153974358974357983e+01,2.927319587628866202e+02,2.957353951890034409e+02
1.060238993710691773e+02,8.108805031446540568e+01,2.924007285974498700e+02,2.953533697632058193e+02
1.058138686131386805e+02,8.076885644768854888e+01,2.919071969696969404e+02,2.946401515151515014e+02
1.051394169835234322e+02,8.016096324461342704e+01,2.914767225325884397e+02,2.937281191806331435e+02
1.043622641509434033e+02,7.930943396226415132e+01,2.910764705882352814e+02,2.930725490196078340e+02
1.040123456790123413e+02,7.896913580246912545e+01,2.910866290018832387e+02,2.928323917137475974e+02
1.036199261992619967e+02,7.869741697416974091e+01,2.905555555555555429e+02,2.921619585687382141e+02
1.029238845144356844e+02,7.816141732283465160e+01,nan,nan
1.022027363184079576e+02,7.737189054726367488e+01,2.902678571428571672e+02,2.916091269841269309e+02
1.019923664122137410e+02,7.724681933842238379e+01,2.901071428571428328e+02,2.909801587301587347e+02
1.018649635036496335e+02,7.699513381995133443e+01,2.894488636363636260e+02,2.902708333333333144e+02
1.010385572139303463e+02,7.638681592039800705e+01,2.891620626151012630e+02,2.900018416206261236e+02
9.989733333333332155e+01,7.541866666666665253e+01,2.889147727272727479e+02,2.897708333333333144e+02
9.925428194993412490e+01,7.515283267457179761e+01,2.886703096539162061e+02,2.895956284153005527e+02
9.856125356125355097e+01,7.455840455840454695e+01,2.885009416195856602e+02,2.890188323917137154e+02
9.780566801619433193e+01,7.434278002699053900e+01,2.884239130434782510e+02,2.885960144927536248e+02
9.764202334630350322e+01,7.432944228274966747e+01,2.881713221601489749e+02,2.886312849162011389e+02
9.674494949494948060e+01,7.401136363636364024e+01,2.876833333333333371e+02,2.884314814814814554e+02
9.579102564102562667e+01,7.360897435897435059e+01,2.868419047619047433e+02,2.880990476190476102e+02
9.510533333333333417e+01,7.343466666666665787e+01,2.865224171539960594e+02,2.879707602339181562e+02
9.453333333333333144e+01,7.333071895424835418e+01,2.858528864059589978e+02,2.874599627560521071e+02
9.343589743589743080e+01,7.310897435897435059e+01,2.855112359550561791e+02,2.874307116104868669e+02
9.293869731800766942e+01,7.288378033205619033e+01,2.851510128913443509e+02,2.874769797421730573e+02
9.290458015267175540e+01,7.296692111959286819e+01,2.847349397590361377e+02,2.873353413654618294e+02
9.150683060109288647e+01,7.272404371584698879e+01,2.836745098039215804e+02,2.869509803921568505e+02
9.095297372060856844e+01,7.258644536652835200e+01,2.834327485380117082e+02,2.867719298245614254e+02
9.081189488243428798e+01,7.261410788381742520e+01,2.828557504873294306e+02,2.867855750487329374e+02
9.065294924554183353e+01,7.255144032921811004e+01,2.824683026584866639e+02,2.867791411042944674e+02
8.948717948717947479e+01,7.249170437405730638e+01,2.813173652694610496e+02,2.873552894211576358e+02
8.851412429378530078e+01,7.255084745762711407e+01,2.802395209580838582e+02,2.878403193612774089e+02
8.840613026819923448e+01,7.257088122605364333e+01,2.793812375249501088e+02,2.879181636726546571e+02
8.709602194787379403e+01,7.318381344307269387e+01,2.779981884057970660e+02,2.881757246376811281e+02
8.691372549019607163e+01,7.333594771241828880e+01,2.771981481481481069e+02,2.886666666666666856e+02
8.632188295165393299e+01,7.369720101781169319e+01,2.760368217054263482e+02,2.893972868217053929e+02
8.503600000000000136e+01,7.447199999999999420e+01,2.744233128834355853e+02,2.898650306748466505e+02
8.446640316205534305e+01,7.501581027667984358e+01,2.729714285714285893e+02,2.903409523809523876e+02
8.408461538461538964e+01,7.529871794871793611e+01,2.716414728682170221e+02,2.904922480620155056e+02
8.376614987080102992e+01,7.560206718346252330e+01,2.706519337016574696e+02,2.906850828729281488e+02
8.373126614987079108e+01,7.554392764857880138e+01,2.692703252032520140e+02,2.913069105691056393e+02
8.238320209973753094e+01,7.663910761154855322e+01,2.679447852760736168e+02,2.914662576687116484e+02
8.207682291666665719e+01,7.697395833333332860e+01,2.672026515151515014e+02,2.915265151515151274e+02
8.196442687747035905e+01,7.717391304347826519e+01,2.664860335195530752e+02,2.915698324022346242e+02
8.146102150537633690e+01,7.781048387096774377e+01,2.653516483516483504e+02,2.915421245421245544e+02
8.129249011857707785e+01,7.815019762845849982e+01,2.641259259259259125e+02,2.918592592592592609e+02
8.089105058365758794e+01,7.823735408560311555e+01,nan,nan
8.076981132075471237e+01,7.856226415094339188e+01,2.619563492063492163e+02,2.921349206349206042e+02
8.048050314465407951e+01,7.888805031446540283e+01,2.606130268199233342e+02,2.921034482758620925e+02
7.980641025641024555e+01,7.969743589743589496e+01,2.598994413407821185e+02,2.921992551210428246e+02
7.980107526881720048e+01,7.999462365591396917e+01,2.586725838264299568e+02,2.924852071005917082e+02
7.947154471544715193e+01,8.101761517615175023e+01,2.575863453815260868e+02,2.924016064257028233e+02
7.920936639118455957e+01,8.184022038567492530e+01,nan,nan
7.890079365079364493e+01,8.253042328042326403e+01,2.550858283433133522e+02,2.925469061876246997e+02
7.888931788931787992e+01,8.273359073359073079e+01,nan,nan
7.865997322623827870e+01,8.336947791164658383e+01,2.535355805243445388e+02,2.927116104868913453e+02
7.830152143845089086e+01,8.473997233748271185e+01,2.524444444444444287e+02,2.926704980842911823e+02
7.823593964334705220e+01,8.536351165980795486e+01,2.514666666666666401e+02,2.926882352941176464e+02
7.810433604336041924e+01,8.653252032520325088e+01,2.505310077519379490e+02,2.926492248062015165e+02
7.800272108843536500e+01,8.743401360544217482e+01,2.496513409961685568e+02,2.926590038314176354e+02
7.811952191235059217e+01,8.738379814077025287e+01,2.491242937853107264e+02,2.925894538606402762e+02
7.783471074380165078e+01,8.910606060606059486e+01,2.480715746421267625e+02,2.926216768916154933e+02
7.776108726752502776e+01,9.040486409155936087e+01,2.473815261044176452e+02,2.926445783132530210e+02
7.773029045643153268e+01,9.049515905947440331e+01,2.473413654618473743e+02,2.926044176706827216e+02
7.770233196159121292e+01,9.110425240054868823e+01,2.463979797979797866e+02,2.925979797979798036e+02
7.752683615819208285e+01,9.247316384180790294e+01,2.457465886939571078e+02,2.925945419103313725e+02
7.760380116959063912e+01,9.263157894736842479e+01,2.445983436853001649e+02,2.926066252587991698e+02
7.757142857142856940e+01,9.375036075036074124e+01,2.444837398373983319e+02,2.926605691056910246e+02
7.734805890227576697e+01,9.434270414993305565e+01,2.440900383141762404e+02,2.926455938697317833e+02
7.737466666666665560e+01,9.514000000000000057e+01,2.436893939393939092e+02,2.927215909090909349e+02
7.734114583333332860e+01,9.578125000000000000e+01,2.430993788819875761e+02,2.927805383022774208e+02
7.721106821106819496e+01,9.654568854568853453e+01,2.419730250481695180e+02,2.927360308285163342e+02
7.713114754098360493e+01,9.813251366120218222e+01,2.418265895953757365e+02,2.927764932562620288e+02
7.701415701415700710e+01,9.883912483912483538e+01,2.417426900584795249e+02,2.927914230019492834e+02
7.710671936758893708e+01,9.974835309617917289e+01,2.413015873015872899e+02,2.927460317460316901e+02
7.696519410977241193e+01,1.010495314591700122e+02,2.410968992248061795e+02,2.927170542635658421e+02
7.696908602150537604e+01,1.019879032258064484e+02,2.410144927536231592e+02,2.927639751552795246e+02
7.666813509544786598e+01,1.033671071953010170e+02,2.410345528455284523e+02,2.927337398373983319e+02
7.664705882352940591e+01,1.041218487394958032e+02,2.410345528455284523e+02,2.927337398373983319e+02
7.663025210084033745e+01,1.051974789915966397e+02,2.409609053497942170e+02,2.927489711934156276e+02
7.653703703703702388e+01,1.067977207977207854e+02,nan,nan
7.641176470588234793e+01,1.073305322128851458e+02,nan,nan
7.635483870967742348e+01,1.085752688172042895e+02,nan,nan
7.631647211413748266e+01,1.097600518806744390e+02,nan,nan
7.624005486968449929e+01,1.115198902606310014e+02,nan,nan
7.618650793650793673e+01,1.129153439153439109e+02,nan,nan
7.609561752988048511e+01,1.142762284196547142e+02,2.403060428849902337e+02,2.936101364522417043e+02
7.617741935483870463e+01,1.149462365591397770e+02,2.400813492063491879e+02,2.936111111111110858e+02
7.615223097112860273e+01,1.162703412073490767e+02,2.402658486707566112e+02,2.936993865030675011e+02
7.613594771241828596e+01,1.171895424836601194e+02,2.401277445109780047e+02,2.936247504990019479e+02
7.601787994891442679e+01,1.187675606641123807e+02,2.401104294478527663e+02,2.936094069529652302e+02
7.592948717948716819e+01,1.195923076923076991e+02,2.397962962962963047e+02,2.936707818930041185e+02
7.594315245478036047e+01,1.206201550387596910e+02,nan,nan
7.595338983050847048e+01,1.224661016949152526e+02,nan,nan
7.589787234042553621e+01,1.232326241134751683e+02,nan,nan
7.586831275720165024e+01,1.240521262002743441e+02,nan,nan
7.582666666666665378e+01,1.252453333333333347e+02,nan,nan
7.578133333333332189e+01,1.266906666666666581e+02,2.395548654244306022e+02,2.937142857142857224e+02
7.585986394557822621e+01,1.277877551020408191e+02,2.395548654244306022e+02,2.937142857142857224e+02
7.587307692307692264e+01,1.284987179487179390e+02,nan,nan
7.586586985391765836e+01,1.296706507304116940e+02,2.396339468302658133e+02,2.936993865030675011e+02
7.582845188284518656e+01,1.301729428172942846e+02,2.389220272904483409e+02,2.935146198830409503e+02
7.594374120956398144e+01,1.316019690576652579e+02,2.388722554890219385e+02,2.935628742514970213e+02
7.595780590717299674e+01,1.326357243319268662e+02,2.388722554890219385e+02,2.935628742514970213e+02
7.595681511470984049e+01,1.333009446693656912e+02,2.382914285714285825e+02,2.935085714285714289e+02
7.620600858369098773e+01,1.348068669527897043e+02,2.382403100775193536e+02,2.934573643410852810e+02
7.645350500715306907e+01,1.359656652360515068e+02,2.377456647398844041e+02,2.934739884393063676e+02
7.680415045395589857e+01,1.367405966277561333e+02,2.377456647398844041e+02,2.934739884393063676e+02
7.756878306878306262e+01,1.383280423280423292e+02,2.378742857142857190e+02,2.934857142857142662e+02
7.794243641231591369e+01,1.391271753681392056e+02,2.372832369942196635e+02,2.934682080924855541e+02
7.885290148448042657e+01,1.405357624831308954e+02,2.375131086142321806e+02,2.934588014981273432e+02
7.915616797900261759e+01,1.411535433070866077e+02,2.368742857142857190e+02,2.934285714285714448e+02
7.944098573281452502e+01,1.414721141374837714e+02,2.366519337016574696e+02,2.934475138121546820e+02
8.004280155642022976e+01,1.424552529182879255e+02,2.364858757062146992e+02,2.934632768361581725e+02
8.065333333333332178e+01,1.432186666666666497e+02,2.359959839357429416e+02,2.934779116465863353e+02
8.139701897018969134e+01,1.441273712737127255e+02,2.359959839357429416e+02,2.934779116465863353e+02
8.191304347826087451e+01,1.447061923583662519e+02,2.351865079365078941e+02,2.934206349206348818e+02
8.243388429752066315e+01,1.453691460055096343e+02,2.347658730158730123e+02,2.932123015873015675e+02
8.289153439153437830e+01,1.459854497354497198e+02,2.347630522088353189e+02,2.932449799196787126e+02
8.343060959792475728e+01,1.465654993514915532e+02,2.345688622754491064e+02,2.932455089820359149e+02
8.454046639231823690e+01,1.475692729766803666e+02,2.342444444444444116e+02,2.932121212121211897e+02
8.465710382513660193e+01,1.478183060109289499e+02,2.335708582834330969e+02,2.932694610778443121e+02
8.545316804407713107e+01,1.487520661157024904e+02,2.336568047337278244e+02,2.930591715976331102e+02
8.598780487804877737e+01,1.493048780487804947e+02,2.336568047337278244e+02,2.930591715976331102e+02
8.659641873278236801e+01,1.496460055096418671e+02,2.336933333333332996e+02,2.930742857142857360e+02
8.723537414965984738e+01,1.500829931972788813e+02,2.331751412429378547e+02,2.930960451977401249e+02
8.797619047619046739e+01,1.504201680672268822e+02,2.322606060606060510e+02,2.929737373737373787e+02
8.838645418326693459e+01,1.506958831341301277e+02,2.324911242603550363e+02,2.929743589743589496e+02
8.959523809523808779e+01,1.510630252100840210e+02,2.325089820359281418e+02,2.929441117764470732e+02
9.007183908045975329e+01,1.513290229885057272e+02,2.325421455938696909e+02,2.930229885057471506e+02
8.993526170798897112e+01,1.514421487603305820e+02,nan,nan
9.099435028248586832e+01,1.515169491525423666e+02,2.314060606060606062e+02,2.930828282828282454e+02
9.120434227330778754e+01,1.518786717752234949e+02,2.314733727810650805e+02,2.930828402366863656e+02
9.188888888888888573e+01,1.519313358302122197e+02,2.315372549019607504e+02,2.930901960784313474e+02
9.339617486338796937e+01,1.520560109289617401e+02,2.311231060606060339e+02,2.930643939393939377e+02
9.407133058984909724e+01,1.521152263374485472e+02,2.308686274509803695e+02,2.931196078431372030e+02
9.453917662682601986e+01,1.523094289508632073e+02,2.307291666666666288e+02,2.935094696969696884e+02
9.505532503457814641e+01,1.523720608575380311e+02,2.301965317919075176e+02,2.934624277456647405e+02
9.512273361227335045e+01,1.524058577405857875e+02,2.301965317919075176e+02,2.934624277456647405e+02
9.589026063100136810e+01,1.524252400548696755e+02,2.301965317919075176e+02,2.934624277456647405e+02
9.596403872752419772e+01,1.525228215767634765e+02,2.301965317919075176e+02,2.934624277456647405e+02
9.776211453744492985e+01,1.524155653450807506e+02,nan,nan
9.780620155038759833e+01,1.523010335917312545e+02,nan,nan
9.795833333333332860e+01,1.520833333333333144e+02,2.303830227743271166e+02,2.938240165631469836e+02
9.847545219638242031e+01,1.516692506459948220e+02,nan,nan
9.888188976377952599e+01,1.514553805774278032e+02,nan,nan
9.986638537271447547e+01,1.505583684950773318e+02,2.297218934911242627e+02,2.936410256410256352e+02
9.999062918340025874e+01,1.503239625167335873e+02,2.297365269461077730e+02,2.935209580838323404e+02
1.004030054644808700e+02,1.501311475409836191e+02,2.298742857142857190e+02,2.935390476190476079e+02
1.006230769230769226e+02,1.499384615384615245e+02,2.297572254335260027e+02,2.934816955684007667e+02
1.011221374045801582e+02,1.494122137404580144e+02,2.297572254335260027e+02,2.934816955684007667e+02
1.022159999999999940e+02,1.481080000000000041e+02,2.294269005847953338e+02,2.928538011695906675e+02
1.025078125000000000e+02,1.474882812500000000e+02,2.295027624309392138e+02,2.927808471454879964e+02
1.030752269779507060e+02,1.469351491569390191e+02,2.291736526946107801e+02,2.926027944111776264e+02
1.034820717131474055e+02,1.464501992031872533e+02,2.291736526946107801e+02,2.926027944111776264e+02
1.043546666666666596e+02,1.451346666666666465e+02,2.294385964912280826e+02,2.926354775828459651e+02
1.050715249662618049e+02,1.439244264507422315e+02,2.291779141104294411e+02,2.924969325153374484e+02
1.054204081632653072e+02,1.435102040816326507e+02,2.291626984126983757e+02,2.925277777777777715e+02
1.059045801526717554e+02,1.428384223918575060e+02,2.295658914728682021e+02,2.925271317829457303e+02
1.064465648854961870e+02,1.418346055979643552e+02,2.295658914728682021e+02,2.925271317829457303e+02
1.070871212121212182e+02,1.408169191919191690e+02,2.293888888888888573e+02,2.923988095238095184e+02
1.081474103585657360e+02,1.389415670650730306e+02,2.286854990583804010e+02,2.923182674199622966e+02
1.087503267973856111e+02,1.379529411764705742e+02,2.285764272559852373e+02,2.922836095764272386e+02
1.089923664122137410e+02,1.375521628498727580e+02,2.285764272559852373e+02,2.922836095764272386e+02
1.097133592736705481e+02,1.361206225680933812e+02,2.287024482109227677e+02,2.921657250470809686e+02
1.105177304964538934e+02,1.344482269503546092e+02,2.280416666666666288e+02,2.919242424242424363e+02
1.110730027548209335e+02,1.332093663911845738e+02,2.281085271317829211e+02,2.919399224806201687e+02
1.116470588235294059e+02,1.321738562091503013e+02,2.277415730337078514e+02,2.919438202247191043e+02
1.121434262948207135e+02,1.313014608233731622e+02,2.277935606060605949e+02,2.918882575757575637e+02
1.126536964980544724e+02,1.299753566796368318e+02,2.272386831275719885e+02,2.916213991769546965e+02
1.131969111969112021e+02,1.287670527670527463e+02,nan,nan
1.137777777777777715e+02,1.274888888888888800e+02,nan,nan
1.141255060728745008e+02,1.262860998650472197e+02,2.268363636363636431e+02,2.916707070707070670e+02
1.147109266943291743e+02,1.253720608575380311e+02,2.266211180124223574e+02,2.916024844720496958e+02
1.153234042553191472e+02,1.234595744680851084e+02,2.268363636363636431e+02,2.916707070707070670e+02
1.154814814814814810e+02,1.220651851851851717e+02,2.268363636363636431e+02,2.916707070707070670e+02
1.156403872752420483e+02,1.216846473029045654e+02,2.270081300813007772e+02,2.920406504065040281e+02
1.158666666666666600e+02,1.197170068027210732e+02,2.269700374531834939e+02,2.919700374531835223e+02
1.161490857946554058e+02,1.186568213783403536e+02,2.268659003831417351e+02,2.919808429118774029e+02
1.162260371959942660e+02,1.173304721030042970e+02,2.267746212121211897e+02,2.919640151515151274e+02
1.164558629776021093e+02,1.163662714097496576e+02,2.267546816479400604e+02,2.919250936329588058e+02
1.164632034632034703e+02,1.144487734487734372e+02,2.264853801169590781e+02,2.918011695906432692e+02
1.165569272976680395e+02,1.138628257887517066e+02,2.264853801169590781e+02,2.918011695906432692e+02
1.166720647773279325e+02,1.123549257759784012e+02,2.264853801169590781e+02,2.918011695906432692e+02
1.165753803596127085e+02,1.106915629322268160e+02,2.264853801169590781e+02,2.918011695906432692e+02
1.165541838134430606e+02,1.094101508916323695e+02,2.264853801169590781e+02,2.918011695906432692e+02
1.164308943089430954e+02,1.083997289972899694e+02,2.263468208092485554e+02,2.916820809248554838e+02
1.163946666666666516e+02,1.068319999999999936e+02,2.264128787878787818e+02,2.916212121212120678e+02
1.162619974059662695e+02,1.052101167315175161e+02,2.264590476190475954e+02,2.916399999999999864e+02
1.161756569847856042e+02,1.039211618257261449e+02,2.264333333333333087e+02,2.915058823529411711e+02
1.159537815126050475e+02,1.027198879551820738e+02,2.265099206349206327e+02,2.915535714285714448e+02
1.158118948824342880e+02,1.014882434301521386e+02,2.256647058823529335e+02,2.916392156862744969e+02
1.156088709677419359e+02,9.990456989247311981e+01,2.251904761904762040e+02,2.915575396825396410e+02
1.152705718270571680e+02,9.826778242677823982e+01,2.251904761904762040e+02,2.915575396825396410e+02
1.150648148148148096e+02,9.704100529100529116e+01,2.251904761904762040e+02,2.915575396825396410e+02
1.148856345885634482e+02,9.569735006973499480e+01,2.253430799220272718e+02,2.915321637426900452e+02
1.145722460658082866e+02,9.409298998569383343e+01,2.244756335282650923e+02,2.912826510721247359e+02
1.141733870967741922e+02,9.273118279569891342e+01,2.245207100591715914e+02,2.913333333333333144e+02
1.140732026143790705e+02,9.179477124183006254e+01,2.247687861271676297e+02,2.913949903660886207e+02
1.137454780361757116e+02,9.091085271317830063e+01,2.245149700598802269e+02,2.913972055888223167e+02
1.135319999999999965e+02,8.955866666666665310e+01,2.244722222222222001e+02,2.913730158730158450e+02
1.131790849673202501e+02,8.781568627450980102e+01,2.242868686868686439e+02,2.915838383838383265e+02
1.128447837150127242e+02,8.693256997455470980e+01,2.242295409181636501e+02,2.916966067864271395e+02
1.123684210526315752e+02,8.546423751686909043e+01,2.242295409181636501e+02,2.916966067864271395e+02
1.121070950468540701e+02,8.416064257028112650e+01,2.242114285714285700e+02,2.914019047619047456e+02
1.118739837398373993e+02,8.303929539295391749e+01,2.237668711656441758e+02,2.913210633946829944e+02
1.113056708160442554e+02,8.155186721991701404e+01,nan,nan
1.103130081300813004e+02,7.967886178861787982e+01,2.234618473895582156e+02,2.911506024096385659e+02
1.096469038208168598e+02,7.859947299077732907e+01,2.234618473895582156e+02,2.911506024096385659e+02
1.093540856031128357e+02,7.802334630350195255e+01,2.234618473895582156e+02,2.911506024096385659e+02
1.085413436692506366e+02,7.679974160206717215e+01,2.234618473895582156e+02,2.911506024096385659e+02
1.075702811244979955e+02,7.560642570281125074e+01,2.233516260162601554e+02,2.910772357723577102e+02
1.069304461942257234e+02,7.475853018372701797e+01,2.232540650406504028e+02,2.910284552845528196e+02
1.063893229166666572e+02,7.425000000000000000e+01,2.231460905349794075e+02,2.909012345679012128e+02
1.056306306306306197e+02,7.325740025740024919e+01,2.229907407407407050e+02,2.906777777777778056e+02
1.049106666666666570e+02,7.247333333333332916e+01,2.230595238095237960e+02,2.905932539682539755e+02
1.037991631799163201e+02,7.150488145048812783e+01,2.229317269076305195e+02,2.905883534136546018e+02
1.031028806584362201e+02,7.087242798353909734e+01,2.225503875968992133e+02,2.905813953488371908e+02
1.021533333333333218e+02,7.022933333333332939e+01,2.225503875968992133e+02,2.905813953488371908e+02
1.020760456273764305e+02,7.004942965779467556e+01,2.226039215686274417e+02,2.905705882352941103e+02
1.018745247148288939e+02,6.946261089987325477e+01,2.224556213017751531e+02,2.905049309664693737e+02
1.013384030418250887e+02,6.895817490494296464e+01,2.217701863354037357e+02,2.903809523809523512e+02
1.011969111969112021e+02,6.871685971685970173e+01,2.217017543859649038e+02,2.904756335282650639e+02
1.005768229166666572e+02,6.820833333333332860e+01,2.217017543859649038e+02,2.904756335282650639e+02
9.988679245283019270e+01,6.765534591194968073e+01,2.214709302325581461e+02,2.903817829457364041e+02
9.905338541666665719e+01,6.738671875000000000e+01,2.212172284644194633e+02,2.902752808988764173e+02
9.876251788268955067e+01,6.707010014306150936e+01,2.206331360946745690e+02,2.899783037475344827e+02
9.792637215528780814e+01,6.697456492637213898e+01,2.203773946360153104e+02,2.899310344827586050e+02
9.741115434500648007e+01,6.676005188067443896e+01,2.201557971014492523e+02,2.896413043478260647e+02
9.617906336088154262e+01,6.663223140495867369e+01,2.199546351084812272e+02,2.892209072978303652e+02
9.639417989417988508e+01,6.656084656084655649e+01,2.199823529411764582e+02,2.891215686274509835e+02
9.567438867438866623e+01,6.630373230373228921e+01,2.195588822355289267e+02,2.885868263473053617e+02
9.438842975206611641e+01,6.641597796143250321e+01,2.192859960552268035e+02,2.884161735700196800e+02
9.347210884353739857e+01,6.655374149659863292e+01,2.192289156626505928e+02,2.883775100401606437e+02
9.296190476190474783e+01,6.652108843537415339e+01,2.189490196078430984e+02,2.881039215686274133e+02
9.243832020997375309e+01,6.660367454068240534e+01,2.187533718689787747e+02,2.879017341040462270e+02
9.192577597840754322e+01,6.644264507422401778e+01,2.182261904761904816e+02,2.875575396825396410e+02
9.151626016260162544e+01,6.653658536585365368e+01,2.180386178861788267e+02,2.876077235772357312e+02
9.095538057742781746e+01,6.668897637795275557e+01,nan,nan
9.034842249657063462e+01,6.660082304526748942e+01,2.173745098039215407e+02,2.872333333333332916e+02
8.996253229974159638e+01,6.667571059431523395e+01,2.173745098039215407e+02,2.872333333333332916e+02
8.946480743691897430e+01,6.678087649402390014e+01,2.170223577235772154e+02,2.870040650406504028e+02
8.856025641025640027e+01,6.719102564102563235e+01,2.164686868686868308e+02,2.870080808080807628e+02
8.850626566416039509e+01,6.718170426065162815e+01,nan,nan
8.778314745972737398e+01,6.765427509293679975e+01,2.158078431372548778e+02,2.866098039215686413e+02
8.678742138364779635e+01,6.857232704402514400e+01,2.156744186046511516e+02,2.864670542635658421e+02
8.665796019900497527e+01,6.870024875621889748e+01,2.145996055226824240e+02,2.860670611439841764e+02
8.593103448275861922e+01,6.943039591315452697e+01,2.143488372093023315e+02,2.863062015503875841e+02
8.549542483660130188e+01,6.980915032679737919e+01,2.143488372093023315e+02,2.862713178294573595e+02
8.478800557880055067e+01,7.095397489539749358e+01,2.139506903353056941e+02,2.863668639053254310e+02
8.451241830065357874e+01,7.135555555555554008e+01,2.130170454545454675e+02,2.858958333333333144e+02
8.403199999999999648e+01,7.209999999999999432e+01,2.127120315581853731e+02,2.859132149901380444e+02
8.365740740740740478e+01,7.255423280423279664e+01,2.121946050096339036e+02,2.858381502890173351e+02
8.344674965421852164e+01,7.302351313969570867e+01,2.121646586345381138e+02,2.859538152610441557e+02
8.315830115830115687e+01,7.320463320463321111e+01,2.117539682539682531e+02,2.858134920634920491e+02
8.271292517006801859e+01,7.433061224489796359e+01,2.118274509803921433e+02,2.858803921568627402e+02
8.245406824146981251e+01,7.452230971128608417e+01,2.101272727272727252e+02,2.852626262626262132e+02
8.212634408602150415e+01,7.548252688172041758e+01,2.096666666666666288e+02,2.852447013487475829e+02
8.185733333333332951e+01,7.587466666666665560e+01,2.096003787878787818e+02,2.853238636363636260e+02
8.153385416666665719e+01,7.696744791666665719e+01,2.092242424242424192e+02,2.852282828282828291e+02
8.113114754098360493e+01,7.727049180327868783e+01,2.087602339181286482e+02,2.851734892787524132e+02
8.086998616874134882e+01,7.877316735822959970e+01,2.080243902439024453e+02,2.850650406504065018e+02
8.070571827057182190e+01,7.921757322175731986e+01,2.074222222222222172e+02,2.850666666666666629e+02
8.051764705882352757e+01,8.015424836601306424e+01,2.071619047619047365e+02,2.852990476190475988e+02
8.034408602150537604e+01,8.120026881720428946e+01,2.068775100401606153e+02,2.854738955823293054e+02
8.021522309711285459e+01,8.187664041994749198e+01,2.064522417153995946e+02,2.855029239766082014e+02
8.010113960113959308e+01,8.293874643874643482e+01,2.053732534930139479e+02,2.853672654690618629e+02
8.004011065006915260e+01,8.332918395573996406e+01,2.049349112426035617e+02,2.855285996055226292e+02
8.002421652421651288e+01,8.500000000000000000e+01,2.046349206349206327e+02,2.858511904761904816e+02
7.996360989810770548e+01,8.592867540029111240e+01,nan,nan
7.997113997113996220e+01,8.666955266955265813e+01,2.041201550387596626e+02,2.865484496124030898e+02
8.003422619047617559e+01,8.858333333333332860e+01,nan,nan
7.988798920377867319e+01,8.833738191632927794e+01,2.019018404907975537e+02,2.864580777096114161e+02
8.009305555555555145e+01,9.008194444444443150e+01,nan,nan
8.017687074829930793e+01,9.163809523809523228e+01,nan,nan
8.026964769647696585e+01,9.289024390243902474e+01,nan,nan
8.039861111111109437e+01,9.373194444444443718e+01,nan,nan
8.045748987854250345e+01,9.502024291497976094e+01,1.999305555555555145e+02,2.875138888888888573e+02
8.086192468619246654e+01,9.680892608089260420e+01,1.994658869395711349e+02,2.880272904483430807e+02
8.091527777777777430e+01,9.786527777777776294e+01,1.990863453815260868e+02,2.890441767068272725e+02
8.121999999999999886e+01,9.956266666666665799e+01,1.990530303030302832e+02,2.900208333333333144e+02
8.119727891156462363e+01,1.002503401360544188e+02,1.987827715355805083e+02,2.907546816479400604e+02
8.158569500674762764e+01,1.019365721997300938e+02,1.985109780439121607e+02,2.915808383233533050e+02
8.170472440944881498e+01,1.031968503937007853e+02,1.979866666666666504e+02,2.924571428571428555e+02
8.219420289855071360e+01,1.052550724637681014e+02,1.973107344632768445e+02,2.934708097928436814e+02
8.230904183535761831e+01,1.060566801619433193e+02,1.968835341365461602e+02,2.941646586345381138e+02
8.263464337700145279e+01,1.077132459970887908e+02,1.963668639053254310e+02,2.948007889546350953e+02
8.294329183955738927e+01,1.094163208852005482e+02,1.958353174603174409e+02,2.958234126984126533e+02
8.311740890688258787e+01,1.107557354925775854e+02,1.951918604651162923e+02,2.966589147286821344e+02
8.354519774011298239e+01,1.123079096045197645e+02,1.942987804878048905e+02,2.975101626016260070e+02
8.379282868525896788e+01,1.131288180610889782e+02,1.938068181818181870e+02,2.979734848484848158e+02
8.381142098273571150e+01,1.141527224435590853e+02,1.936361904761904498e+02,2.980971428571428419e+02
8.407843137254901933e+01,1.159620915032679704e+02,1.929962546816479119e+02,2.985636704119850151e+02
8.424773022049285487e+01,1.166926070038910552e+02,1.923679417122039865e+02,2.992131147540983420e+02
8.454452926208649899e+01,1.180305343511450360e+02,1.923333333333333144e+02,2.993095238095237960e+02
8.474045801526717980e+01,1.191335877862595396e+02,1.916849816849816648e+02,2.998095238095237960e+02
8.499462365591396917e+01,1.203750000000000000e+02,1.908148148148148096e+02,3.005146198830409503e+02
8.506896551724138078e+01,1.214750957854406153e+02,1.908148148148148096e+02,3.007016460905349504e+02
8.538569604086843867e+01,1.228212005108556752e+02,1.906566265060240823e+02,3.008654618473895539e+02
8.549806949806949774e+01,1.231930501930501975e+02,1.902743902439024453e+02,3.014288617886178372e+02
8.585958005249342762e+01,1.247664041994750619e+02,1.902504930966469487e+02,3.014536489151873866e+02
8.607607192254494066e+01,1.260553250345781464e+02,nan,nan
8.614267185473410393e+01,1.268884565499351424e+02,1.895174418604651123e+02,3.033914728682170221e+02
8.640985732814526443e+01,1.280324254215304620e+02,1.884585741811175126e+02,3.045645472061656847e+02
8.666934404283800575e+01,1.292382864792503199e+02,1.886546906187624586e+02,3.042574850299401419e+02
8.668352788586250313e+01,1.299935149156938792e+02,1.884383838383838281e+02,3.041434343434343077e+02
8.709327846364882930e+01,1.318079561042523835e+02,1.883253493013972104e+02,3.038902195608782222e+02
8.713779527559054827e+01,1.325157480314960594e+02,1.886111111111110858e+02,3.037519841269840981e+02
8.725428194993412490e+01,1.332635046113306885e+02,1.887212475633528186e+02,3.030448343079921756e+02
8.776997245179062190e+01,1.349944903581267113e+02,1.885581395348837077e+02,3.026298449612402806e+02
8.775994513031548649e+01,1.357832647462277009e+02,1.883182674199622966e+02,3.026195856873823118e+02
8.795495495495495675e+01,1.368082368082367850e+02,1.876626984126984041e+02,3.027817460317460245e+02
8.804726368159202821e+01,1.378718905472636607e+02,1.871201550387596626e+02,3.028624031007751682e+02
8.845649263721551847e+01,1.398393574297188877e+02,1.870299625468164493e+02,3.027996254681647770e+02
8.880208333333332860e+01,1.405104166666666572e+02,1.862568306010929007e+02,3.028670309653916206e+02
8.910569105691057246e+01,1.421002710027100306e+02,1.855739644970414304e+02,3.031143984220906873e+02
8.936424731182795256e+01,1.435295698924730914e+02,1.847292929292929102e+02,3.031818181818181870e+02
9.005380577427820299e+01,1.451522309711286027e+02,1.845711382113821060e+02,3.029898373983739361e+02
9.030864197530864601e+01,1.462551440329218053e+02,1.840251937984496067e+02,3.026065891472867975e+02
9.093117408906883270e+01,1.477246963562753024e+02,nan,nan
9.130178326474621997e+01,1.488436213991769534e+02,1.830473372781065109e+02,3.016252465483234459e+02
9.175630252100840778e+01,1.500588235294117680e+02,nan,nan
9.246318607764391118e+01,1.515903614457831452e+02,1.824291187739463567e+02,2.999348659003831017e+02
9.280510752688171294e+01,1.525793010752688019e+02,1.817212121212121190e+02,2.990565656565656241e+02
9.327844712182060505e+01,1.535207496653279691e+02,1.811751412429378547e+02,2.987325800376647749e+02
9.370901639344262435e+01,1.545382513661201926e+02,1.806541218637992756e+02,2.983010752688172147e+02
9.479561042524005643e+01,1.565048010973936812e+02,1.802254335260115568e+02,2.978150289017340810e+02
9.521584699453551082e+01,1.576174863387978178e+02,1.795445736434108426e+02,2.973546511627906739e+02
9.545466666666665390e+01,1.582293333333333010e+02,1.790828516377649180e+02,2.969383429672446937e+02
9.651803751803750231e+01,1.599797979797979508e+02,1.781098265895953716e+02,2.962755298651252360e+02
9.706420765027321806e+01,1.611939890710382315e+02,1.777284644194756424e+02,2.961910112359550453e+02
9.762900976290097788e+01,1.622873082287308080e+02,1.768901515151515014e+02,2.956856060606060623e+02
9.831267217630852429e+01,1.635454545454545325e+02,1.765102420856610763e+02,2.954432029795157746e+02
9.907203389830507945e+01,1.647104519774011067e+02,1.766089385474860194e+02,2.955549348230912301e+02
9.952173913043478137e+01,1.655927536231883721e+02,1.759404096834264237e+02,2.950968342644320046e+02
1.004472222222222229e+02,1.670416666666666572e+02,1.751098265895953716e+02,2.948805394990365585e+02
1.012627118644067821e+02,1.685381355932203462e+02,1.742274509803921489e+02,2.946039215686274133e+02
1.019208333333333343e+02,1.696500000000000057e+02,1.741640488656195203e+02,2.943001745200697883e+02
1.025668073136427552e+02,1.707693389592123481e+02,1.738160291438979925e+02,2.942204007285974399e+02
1.034149659863945487e+02,1.718462585034013443e+02,1.734376068376068076e+02,2.942888888888888914e+02
1.042909836065573757e+02,1.733674863387978178e+02,1.722078853046594986e+02,2.940268817204300831e+02
1.049504132231405009e+02,1.743471074380165362e+02,1.712196078431372541e+02,2.935764705882352814e+02
1.056543715846994473e+02,1.753046448087431486e+02,1.704861878453038742e+02,2.935119705340699738e+02
1.063694444444444400e+02,1.763347222222222115e+02,1.703989071038251382e+02,2.934735883424407916e+02
1.071752305665349070e+02,1.776824769433465008e+02,1.694682539682539471e+02,2.930853174603174125e+02
1.080371959942775248e+02,1.789799713876966791e+02,1.691458333333333144e+02,2.930606060606060623e+02
1.086693440428380057e+02,1.798406961178045265e+02,1.679609053497942170e+02,2.925555555555555429e+02
1.095609756097560989e+02,1.811219512195121979e+02,1.670419047619047603e+02,2.918076190476190277e+02
1.108093220338983116e+02,1.826906779661017026e+02,1.667939068100358213e+02,2.915465949820788296e+02
1.113872752420470249e+02,1.836998616874135450e+02,1.654742063492063266e+02,2.905714285714285552e+02
1.120877192982456023e+02,1.847665317139001218e+02,1.651135940409683371e+02,2.904487895716945900e+02
1.129163292847503328e+02,1.860512820512820440e+02,1.642643678160919478e+02,2.898486590038314148e+02
1.139920948616600782e+02,1.875322793148880010e+02,1.637777777777777715e+02,2.894249512670565423e+02
1.150160642570281055e+02,1.887188755020080180e+02,1.631059730250481721e+02,2.890655105973024774e+02
1.161783264746227644e+02,1.900274348422496473e+02,1.626789366053169488e+02,2.887607361963190442e+02
1.170367346938775484e+02,1.909102040816326564e+02,1.615930232558139608e+02,2.881569767441860677e+02
1.180251046025104671e+02,1.921213389121338935e+02,1.605818882466281252e+02,2.873834296724469937e+02
1.187605820105819987e+02,1.926997354497354422e+02,1.598123752495009740e+02,2.866766467065868369e+02
1.196455862977602038e+02,1.936745718050065648e+02,1.597191919191918998e+02,2.866242424242424249e+02
1.205569272976680395e+02,1.945596707818930042e+02,1.586916221033868055e+02,2.856524064171122745e+02
1.214767596281540420e+02,1.954236387782204361e+02,1.577897727272727195e+02,2.850208333333333144e+02
1.219841269841269877e+02,1.958571428571428612e+02,nan,nan
1.228524590163934391e+02,1.966885245901639223e+02,1.568114285714285643e+02,2.828761904761904589e+02
1.240887096774193594e+02,1.977903225806451530e+02,1.561666666666666572e+02,2.817739463601532179e+02
1.249245541838134272e+02,1.985240054869684343e+02,1.556459510357815361e+02,2.806572504708097426e+02
1.250052083333333286e+02,1.987343750000000000e+02,1.546854990583804010e+02,2.792165725047080969e+02
1.256992187500000000e+02,1.993476562500000000e+02,1.544061302681992061e+02,2.784425287356322087e+02
1.267192982456140271e+02,2.002010796221322551e+02,1.539419475655430460e+02,2.776666666666666288e+02
1.273818646232439278e+02,2.007790549169859275e+02,1.534394785847299545e+02,2.766666666666666288e+02
1.277094017094017033e+02,2.008962148962149001e+02,1.533923809523809325e+02,2.767714285714285438e+02
1.291098339719029298e+02,2.019361430395912862e+02,1.522391304347825951e+02,2.755471014492753739e+02
1.302965879265091758e+02,2.028293963254592995e+02,1.519392156862745082e+02,2.747235294117647300e+02
1.308540829986613119e+02,2.032904953145916807e+02,1.516092592592592325e+02,2.738055555555555429e+02
1.312899728997289799e+02,2.034566395663956371e+02,1.514655493482308941e+02,2.723817504655493167e+02
1.316627296587926423e+02,2.038188976377952883e+02,1.515568627450980159e+02,2.716372549019607732e+02
1.334293333333333180e+02,2.043466666666666640e+02,1.514091816367265437e+02,2.701836327345309314e+02
1.343551020408163197e+02,2.046911564625850133e+02,nan,nan
1.360013280212483266e+02,2.050717131474103496e+02,1.517154471544715477e+02,2.687967479674796323e+02
1.370776439089691792e+02,2.056104417670682665e+02,1.510655105973025059e+02,2.676184971098265919e+02
1.376256613756613660e+02,2.056904761904762040e+02,1.505867446393762066e+02,2.667602339181286766e+02
1.389944444444444400e+02,2.060597222222222058e+02,1.503256262042389153e+02,2.665202312138728189e+02
1.394933920704845889e+02,2.063538913362701805e+02,1.497510040160642291e+02,2.658835341365461886e+02
1.406551724137931103e+02,2.065962643678160759e+02,1.494060606060606062e+02,2.657333333333333485e+02
1.420087719298245474e+02,2.067573099415204467e+02,1.493473053892215603e+02,2.657005988023952341e+02
1.428000000000000114e+02,2.071374999999999886e+02,1.489138576779025982e+02,2.654737827715355252e+02
1.435296610169491487e+02,2.072598870056496878e+02,1.485163776493256194e+02,2.654470134874758855e+02
1.443650793650793389e+02,2.073795093795093578e+02,1.478468992248061795e+02,2.647500000000000000e+02
1.447786885245901658e+02,2.075013661202185631e+02,1.475957854406130139e+02,2.646915708812260277e+02
1.458875661375661252e+02,2.077341269841269877e+02,1.475957854406130139e+02,2.646915708812260277e+02
1.474544217687074763e+02,2.079823129251700493e+02,1.472662601626016112e+02,2.647093495934959151e+02
1.475551128818060818e+02,2.080332005312084789e+02,1.469075144508670405e+02,2.644123314065510044e+02
1.485624142661179690e+02,2.082757201646090550e+02,1.463985102420856492e+02,2.642271880819366743e+02
1.500652482269503309e+02,2.083290780141843754e+02,1.461164658634538114e+02,2.642510040160642575e+02
1.510392953929539317e+02,2.086151761517614887e+02,nan,nan
1.523385416666666572e+02,2.088828125000000000e+02,1.458263473053892199e+02,2.639740518962075839e+02
1.529322268326417600e+02,2.088921161825726074e+02,1.454575936883629197e+02,2.634950690335305694e+02
1.537909604519773836e+02,2.089971751412429057e+02,1.450686274509803866e+02,2.634392156862745082e+02
1.550367107195300775e+02,2.090748898678414207e+02,1.446247619047618969e+02,2.631504761904761835e+02
1.561748633879781210e+02,2.093169398907103584e+02,1.446247619047618969e+02,2.631504761904761835e+02
1.567682291666666572e+02,2.094726562500000000e+02,1.442877846790890146e+02,2.629275362318840052e+02
1.572586872586872460e+02,2.097014157014156979e+02,1.439531835205992252e+02,2.625149812734082388e+02
1.586823529411764753e+02,2.096928104575163445e+02,1.437016460905349504e+02,2.621584362139917630e+02
1.599166666666666572e+02,2.100027322404371546e+02,1.435288065843621155e+02,2.616666666666666856e+02
1.614032921810699577e+02,2.103978052126200282e+02,1.442601626016260070e+02,2.619390243902439011e+02
1.613591731266149907e+02,2.106576227390180804e+02,1.445921325051759823e+02,2.611697722567287201e+02
1.625520833333333144e+02,2.111080729166666572e+02,1.447034764826175604e+02,2.603558282208588821e+02
1.632477302204928549e+02,2.113450064850842978e+02,1.448599605522682339e+02,2.596706114398421619e+02
1.639189189189189051e+02,2.116936936936936888e+02,1.448117647058823536e+02,2.589862745098039341e+02
1.646860465116278931e+02,2.119793281653746817e+02,1.449459962756052107e+02,2.593463687150838268e+02
1.648511450381679424e+02,2.120038167938931224e+02,1.449781420765027349e+02,2.587668488160290963e+02
1.659836477987421404e+02,2.126125786163521809e+02,1.449981884057970944e+02,2.588297101449275033e+02
1.667693282636248284e+02,2.131812420785804818e+02,1.444008179959100175e+02,2.575460122699386716e+02
1.672521525215252041e+02,2.134415744157441566e+02,1.446888888888888687e+02,2.572181818181817903e+02
1.675698924731182728e+02,2.136642771804062022e+02,1.452063492063491879e+02,2.568531746031745797e+02
1.683826199740596508e+02,2.141841763942931038e+02,nan,nan
1.689617283950617264e+02,2.147604938271604738e+02,nan,nan
1.698159588159587940e+02,2.153770913770913751e+02,1.466244979919678428e+02,2.553634538152610105e+02
1.699458794587945647e+02,2.152976629766297663e+02,1.465789473684210407e+02,2.543801169590643383e+02
1.699674185463659057e+02,2.152844611528821872e+02,1.465780346820809257e+02,2.542524084778419819e+02
1.712093862815884506e+02,2.161696750902526958e+02,1.462647058823529278e+02,2.529960784313725242e+02
1.714763636363636294e+02,2.163672727272727343e+02,1.461757246376811565e+02,2.524855072463767840e+02
1.716400966183574894e+02,2.164263285024154584e+02,1.460581395348837077e+02,2.520581395348837077e+02
1.720952380952380736e+02,2.167807017543859445e+02,1.459087301587301511e+02,2.525892857142857224e+02
1.726332094175960208e+02,2.172788104089219416e+02,1.458654244306418093e+02,2.525610766045548417e+02
1.731647940074906273e+02,2.176292134831460601e+02,1.460168539325842687e+02,2.524700374531834939e+02
1.737283950617283779e+02,2.180320987654320959e+02,1.460168539325842687e+02,2.524700374531834939e+02
1.745025445292620816e+02,2.187022900763358848e+02,1.462339544513457383e+02,2.515900621118012452e+02
1.750733590733590859e+02,2.192046332046332111e+02,1.463254901960784196e+02,2.520431372549019216e+02
1.756702127659574444e+02,2.195992907801418426e+02,1.463468208092485554e+02,2.519017341040462554e+02
1.766304619225967372e+02,2.203470661672908761e+02,nan,nan
1.773903030303030164e+02,2.210787878787878640e+02,1.467344961240310113e+02,2.515387596899224718e+02
1.784242424242424363e+02,2.218598484848484986e+02,1.468861788617886077e+02,2.509308943089430670e+02
1.785296969696969711e+02,2.218969696969696770e+02,1.471952662721893432e+02,2.510059171597632997e+02
1.798997493734335649e+02,2.229385964912280542e+02,1.473394683026584744e+02,2.509447852760736168e+02
1.806539440203562208e+02,2.234796437659032904e+02,1.473603082851637680e+02,2.512023121387283311e+02
1.819053177691309884e+02,2.244760051880674325e+02,1.476590476190476124e+02,2.511257142857142810e+02
1.825538461538461661e+02,2.247987179487179503e+02,1.479644194756554043e+02,2.498127340823969860e+02
1.837431906614785930e+02,2.257224383916990860e+02,1.476441947565542989e+02,2.509588014981273147e+02
1.839503030303030187e+02,2.257151515151515184e+02,1.474294478527607453e+02,2.516053169734151140e+02
1.851437422552664032e+02,2.268847583643122618e+02,1.473115079365079225e+02,2.515912698412698205e+02
1.853308913308913191e+02,2.272136752136752023e+02,1.470787878787878924e+02,2.525454545454545325e+02
1.866050870147255694e+02,2.278969210174029172e+02,1.463767258382642922e+02,2.527692307692307736e+02
1.874570312500000000e+02,2.286236979166666572e+02,1.459906890130353645e+02,2.533016759776536446e+02
1.882819548872180349e+02,2.292556390977443641e+02,1.455057471264367734e+02,2.534348659003831301e+02
1.894202334630350322e+02,2.300440985732814454e+02,1.450975609756097526e+02,2.532296747967479575e+02
1.900968137254901649e+02,2.305723039215686185e+02,1.450975609756097526e+02,2.532296747967479575e+02
1.909950433705080570e+02,2.313234200743494284e+02,1.443918128654970872e+02,2.535087719298245474e+02
1.922388059701492580e+02,2.321716417910447774e+02,1.440719696969696884e+02,2.534810606060605949e+02
1.930472541507024005e+02,2.327151979565772706e+02,1.440655430711610450e+02,2.535655430711610450e+02
1.941542288557213851e+02,2.336467661691542048e+02,1.438820224719101191e+02,2.537172284644194633e+02
1.955626566416040077e+02,2.346390977443608961e+02,1.438448275862068897e+02,2.538601532567049617e+02
1.961564885496183308e+02,2.350381679389313092e+02,1.432276867030965377e+02,2.534098360655737565e+02
1.971363636363636260e+02,2.358787878787878753e+02,1.431604938271604794e+02,2.535943562610229094e+02
1.985369649805447523e+02,2.368171206225680976e+02,1.430315581854043216e+02,2.531065088757396495e+02
1.991776913099870114e+02,2.373644617380025750e+02,1.425161904761904736e+02,2.531257142857142810e+02
2.002561132561132240e+02,2.381248391248390988e+02,1.424709302325581461e+02,2.530426356589146906e+02
2.013139534883721069e+02,2.390000000000000000e+02,1.421170634920634654e+02,2.527182539682539471e+02
2.021417624521072867e+02,2.395185185185185048e+02,1.419979919678714850e+02,2.527088353413654431e+02
2.026402116402116178e+02,2.397050264550264558e+02,1.415813492063491879e+02,2.523134920634920491e+02
2.033583959899749232e+02,2.403972431077694125e+02,1.412902621722846277e+02,2.523670411985018518e+02
2.046850393700787265e+02,2.413346456692913478e+02,1.411201550387596626e+02,2.521240310077519098e+02
2.054993252361673228e+02,2.419217273954116081e+02,1.409564393939393767e+02,2.520719696969696884e+02
2.061335978835978722e+02,2.424219576719576423e+02,1.407934560327198312e+02,2.517852760736196274e+02
2.067602108036890343e+02,2.428906455862977509e+02,1.407934560327198312e+02,2.517852760736196274e+02
2.070612745098039227e+02,2.431225490196078169e+02,1.403717171717171652e+02,2.513696969696969745e+02
2.081934640522875668e+02,2.439751633986928141e+02,1.401425702811244776e+02,2.514257028112449746e+02
2.088841698841698928e+02,2.445109395109394939e+02,1.395790476190475999e+02,2.505447619047618844e+02
2.091215538847117728e+02,2.446716791979949903e+02,1.396279069767441854e+02,2.506550387596899157e+02
2.095387453874538721e+02,2.450959409594096030e+02,1.396607142857142776e+02,2.506170634920634654e+02
2.103407407407407277e+02,2.459444444444444571e+02,1.395528455284552649e+02,2.503150406504065018e+02
2.109804687500000000e+02,2.468046875000000000e+02,1.392765151515151274e+02,2.502689393939393767e+02
2.112735723771580183e+02,2.473492695883134047e+02,1.388895463510848174e+02,2.496429980276134017e+02
2.115905511811023700e+02,2.477716535433070817e+02,1.386235294117647072e+02,2.493392156862744855e+02
2.119349930843706602e+02,2.479958506224066355e+02,1.386413255360623680e+02,2.494035087719298360e+02
2.123002645502645294e+02,2.488597883597883538e+02,1.384943181818181870e+02,2.490871212121211897e+02
2.125943152454780147e+02,2.500568475452196253e+02,1.382990476190475988e+02,2.491809523809523625e+02
2.127756160830090550e+02,2.504876783398183875e+02,1.379825581395348877e+02,2.490077519379844659e+02
2.127594771241830074e+02,2.506065359477124161e+02,1.375969868173257851e+02,2.484538606403012864e+02
2.128083989501312203e+02,2.507900262467191510e+02,1.375969868173257851e+02,2.484538606403012864e+02
2.130671936758893139e+02,2.521475625823451594e+02,1.372830540037243736e+02,2.481322160148975797e+02
2.130743494423791731e+02,2.523915737298636657e+02,1.372019607843137123e+02,2.479549019607842979e+02
2.132752525252525118e+02,2.527727272727272805e+02,1.368483033932135697e+02,2.475908183632734278e+02
2.134199475065616696e+02,2.534238845144356844e+02,1.367199211045364677e+02,2.476982248520710073e+02
2.134227330779054626e+02,2.538927203065134108e+02,1.367285429141716406e+02,2.477944111776446903e+02
2.134571428571428555e+02,2.549972789115645924e+02,1.365862068965517153e+02,2.472720306513409696e+02
2.131841004184100541e+02,2.563096234309623469e+02,1.365965909090909065e+02,2.473712121212120962e+02
2.131794871794871540e+02,2.566140350877192873e+02,1.359732510288065725e+02,2.465390946502057261e+02
2.131496062992125928e+02,2.568123359580052352e+02,1.359515151515151388e+02,2.468121212121212125e+02
2.127709137709137508e+02,2.578249678249678141e+02,1.358596491228070136e+02,2.463099415204678451e+02
2.123652618135376429e+02,2.583754789272030621e+02,1.357329545454545325e+02,2.462348484848484702e+02
2.120052287581699204e+02,2.588156862745098010e+02,1.356590476190476124e+02,2.461714285714285779e+02
2.118754716981132162e+02,2.589522012578615886e+02,1.352085769980506598e+02,2.454619883040935804e+02
2.112974358974358893e+02,2.597628205128204968e+02,1.351960784313725412e+02,2.453745098039215407e+02
2.107383647798742174e+02,2.601949685534590913e+02,1.351567460317460245e+02,2.452718253968253919e+02
2.105239948119325391e+02,2.603644617380025466e+02,1.351491712707182273e+02,2.450994475138121516e+02
2.099129852744310369e+02,2.607001338688085639e+02,1.351491712707182273e+02,2.450994475138121516e+02
2.089472990777338453e+02,2.612898550724637516e+02,1.347803921568627175e+02,2.447137254901960546e+02
2.082213001383125572e+02,2.616583679114799565e+02,1.346646942800788906e+02,2.441124260355029492e+02
2.078111979166666572e+02,2.620768229166666288e+02,1.346646942800788906e+02,2.441124260355029492e+02
2.075674300254452760e+02,2.621552162849872616e+02,1.346646942800788906e+02,2.441124260355029492e+02
2.065899470899470884e+02,2.626746031746031917e+02,1.346646942800788906e+02,2.441124260355029492e+02
2.057578231292517046e+02,2.629265306122449033e+02,1.341590038314176070e+02,2.435727969348658917e+02
2.049317269076305195e+02,2.632945113788487106e+02,1.340627240143369079e+02,2.433835125448028407e+02
2.045013020833333144e+02,2.634895833333333144e+02,1.340892531876138491e+02,2.435355191256830665e+02
2.033602150537634259e+02,2.637876344086021163e+02,1.340892531876138491e+02,2.435355191256830665e+02
2.029114583333333144e+02,2.636731770833333144e+02,1.340769230769230660e+02,2.434688644688644388e+02
2.015407725321888393e+02,2.638812589413447540e+02,1.337829457364341010e+02,2.426492248062015449e+02
2.015555555555555429e+02,2.638416666666666401e+02,1.336992337164750779e+02,2.424865900383141764e+02
2.007500000000000000e+02,2.636264367816091863e+02,1.336992337164750779e+02,2.424865900383141764e+02
1.996379310344827616e+02,2.636005747126436631e+02,1.336992337164750779e+02,2.424865900383141764e+02
1.986061884669479412e+02,2.634556962025316693e+02,1.335797979797979735e+02,2.418606060606060737e+02
1.971274509803921262e+02,2.632464985994397466e+02,1.334730538922155745e+02,2.412694610778443121e+02
1.974023904382470107e+02,2.633851261620185369e+02,1.333118908382066081e+02,2.414970760233918270e+02
1.965708333333333258e+02,2.632055555555555202e+02,nan,nan
1.960480109739368970e+02,2.631865569272976586e+02,1.332621951219512084e+02,2.413211382113821060e+02
1.953093333333333135e+02,2.630559999999999832e+02,1.332134146341463463e+02,2.409227642276422330e+02
1.940323886639676232e+02,2.626261808367071353e+02,1.330641821946169614e+02,2.404886128364389037e+02
1.938043184885289918e+02,2.626126855600539898e+02,1.330747474747474541e+02,2.402969696969697111e+02
1.934630350194552477e+02,2.625940337224383256e+02,1.330747474747474541e+02,2.402969696969697111e+02
1.928707224334600880e+02,2.623485424588085948e+02,1.329859437751003952e+02,2.402148594377509880e+02
1.915850914205344395e+02,2.618523206751054886e+02,1.329859437751003952e+02,2.402148594377509880e+02
1.911720867208671848e+02,2.618726287262872461e+02,1.328895582329317051e+02,2.396586345381525689e+02
1.903180555555555316e+02,2.615888888888888459e+02,1.329308943089430670e+02,2.397032520325202825e+02
1.895110192837465490e+02,2.613071625344352356e+02,1.329308943089430670e+02,2.397032520325202825e+02
1.888402777777777715e+02,2.611180555555555429e+02,1.329393939393939377e+02,2.397696969696969802e+02
1.878645833333333144e+02,2.607825520833333144e+02,nan,nan
1.868638297872340388e+02,2.604439716312056703e+02,1.325664621676891670e+02,2.387423312883435642e+02
1.865214007782101078e+02,2.601971465629052886e+02,1.325226337448559661e+02,2.385637860082304087e+02
1.856783854166666572e+02,2.598723958333333144e+02,nan,nan
1.843817204301075208e+02,2.594395161290322562e+02,nan,nan
1.840132275132274913e+02,2.592208994708994396e+02,1.321364522417154035e+02,2.382514619883041007e+02
1.825344352617079551e+02,2.586129476584021631e+02,1.319943502824858683e+02,2.380320150659133560e+02
1.815587431693988947e+02,2.583306010928961882e+02,1.319132947976878540e+02,2.381368015414257968e+02
1.810826330532212864e+02,2.579929971988795501e+02,1.316887550200803219e+02,2.368955823293172500e+02
1.806718954248365776e+02,2.579045751633986470e+02,1.317317554240630955e+02,2.370532544378698105e+02
1.802694235588972447e+02,2.576892230576440852e+02,1.312139917695473059e+02,2.367572016460905218e+02
1.791225296442687807e+02,2.571515151515151274e+02,1.309818181818181699e+02,2.362727272727272805e+02
1.785211640211639974e+02,2.567989417989417689e+02,nan,nan
1.776318607764390833e+02,2.562931726907630718e+02,nan,nan
1.773678618857901483e+02,2.559083665338645517e+02,1.301414141414141454e+02,2.351333333333333258e+02
1.768295165394401920e+02,2.554643765903307440e+02,1.301262327416173434e+02,2.349309664694279718e+02
1.760249343832020941e+02,2.546207349081364839e+02,1.296550387596899157e+02,2.340213178294573595e+02
1.757358490566037688e+02,2.543471698113207538e+02,1.294506517690875000e+02,2.341284916201117312e+02
1.753178893178892963e+02,2.538404118404118037e+02,1.294506517690875000e+02,2.341284916201117312e+02
1.750432569974554440e+02,2.534503816793893236e+02,1.288063314711359340e+02,2.332253258845437358e+02
1.744105691056910530e+02,2.527601626016260070e+02,1.288063314711359340e+02,2.332253258845437358e+02
1.738398950131233391e+02,2.520262467191600990e+02,1.279779116465863353e+02,2.320702811244979671e+02
1.735761316872427926e+02,2.513799725651577432e+02,1.277530120481927725e+02,2.320100401606425464e+02
1.734741035856573603e+02,2.512390438247011843e+02,nan,nan
1.732059620596205889e+02,2.505731707317073074e+02,nan,nan
1.730371900826446279e+02,2.503374655647382951e+02,1.270121212121212153e+02,2.311151515151515241e+02
1.722537722908093087e+02,2.486255144032921862e+02,1.265232323232323211e+02,2.300909090909090935e+02
1.720149659863945431e+02,2.483836734693877588e+02,1.264377510040160502e+02,2.302570281124497740e+02
1.717404479578392511e+02,2.476719367588932812e+02,nan,nan
1.714842519685039406e+02,2.468438320209973540e+02,1.257847619047618934e+02,2.291999999999999886e+02
1.706680790960451759e+02,2.449251412429378263e+02,1.256094069529652302e+02,2.290306748466257716e+02
1.702245179063360752e+02,2.438787878787878753e+02,1.251929824561403564e+02,2.281345029239766120e+02
1.699733333333333007e+02,2.432573333333333210e+02,1.252196969696969546e+02,2.281666666666666288e+02
1.699815546772068444e+02,2.428537549407114682e+02,1.250379241516966005e+02,2.280459081836327186e+02
1.695400516795865542e+02,2.418540051679586327e+02,1.243987730061349737e+02,2.267730061349693358e+02
1.688688524590163809e+02,2.401325136612021538e+02,1.244071856287425106e+02,2.272754491017963971e+02
1.683333333333333144e+02,2.389311294765840046e+02,nan,nan
1.680903054448871217e+02,2.383864541832669204e+02,1.240020202020201907e+02,2.261090909090908951e+02
1.678638132295719743e+02,2.375369649805447523e+02,1.236789366053169630e+02,2.261104294478527663e+02
1.674547803617570878e+02,2.364664082687338293e+02,1.236590476190476124e+02,2.262800000000000011e+02
1.670814249363867532e+02,2.357722646310432424e+02,1.231707818930041043e+02,2.257736625514403102e+02
1.664613333333333003e+02,2.340973333333333244e+02,1.229961013645224170e+02,2.253391812865497172e+02
1.661846153846153982e+02,2.336243589743589553e+02,1.229206349206349103e+02,2.256051587301587062e+02
1.658389513108614324e+02,2.324706616729088466e+02,1.227126436781609158e+02,2.253429118773946129e+02
1.653717472118959222e+02,2.315055762081784394e+02,1.224372549019607703e+02,2.253078431372548778e+02
1.651518518518518590e+02,2.308234567901234300e+02,1.224039215686274389e+02,2.253784313725489881e+02
1.646014234875444799e+02,2.295278766310794651e+02,1.220133333333333212e+02,2.254285714285714164e+02
1.639629629629629335e+02,2.284363425925925526e+02,1.220057142857142907e+02,2.260171428571428578e+02
1.632123552123552201e+02,2.266949806949806998e+02,1.217712031558185402e+02,2.252366863905325545e+02
1.627630208333333144e+02,2.257486979166666572e+02,1.215401606425702710e+02,2.249839357429718518e+02
1.623167305236270579e+02,2.250000000000000000e+02,1.214333333333333229e+02,2.251372549019607447e+02
1.618428184281842732e+02,2.237208672086720753e+02,1.211470588235294059e+02,2.254607843137254690e+02
1.614637146371463530e+02,2.229938499384993804e+02,1.210558882235528841e+02,2.252874251497005957e+02
1.608283208020049813e+02,2.217468671679197882e+02,1.209030303030303060e+02,2.250727272727272634e+02
1.604323671497584485e+02,2.209951690821255852e+02,1.209030303030303060e+02,2.250727272727272634e+02
1.601997549019607732e+02,2.204718137254901649e+02,1.205702811244979813e+02,2.258232931726907395e+02
1.594787878787878697e+02,2.192739393939393722e+02,1.201567460317460245e+02,2.258293650793650613e+02
1.591785268414481891e+02,2.186928838951310752e+02,1.200615079365079225e+02,2.263551587301587062e+02
1.586872727272727275e+02,2.176399999999999864e+02,1.200394477317554163e+02,2.263076923076923208e+02
1.584692218350754729e+02,2.172508710801393761e+02,1.194923371647509498e+02,2.265038314176244967e+02
1.579197080291970678e+02,2.162262773722627855e+02,1.195421686746988001e+02,2.270321285140561827e+02
1.571595881595881394e+02,2.149111969111969245e+02,1.188089430894308833e+02,2.265589430894308691e+02
1.567335958005249097e+02,2.142020997375327909e+02,1.187654320987654302e+02,2.266954732510288011e+02
1.566086419753086147e+02,2.136209876543209703e+02,1.187654320987654302e+02,2.266954732510288011e+02
1.563586818757921151e+02,2.132674271229404042e+02,1.184618473895582156e+02,2.269899598393573967e+02
1.557432098765432045e+02,2.120888888888889028e+02,1.184618473895582156e+02,2.269899598393573967e+02
1.549889705882353041e+02,2.109399509803921546e+02,1.180493096646942774e+02,2.271656804733727881e+02
1.545742821473158415e+02,2.101298377028714128e+02,1.177948717948717814e+02,2.270769230769230660e+02
1.537094339622641428e+02,2.089358490566037858e+02,1.177898989898989868e+02,2.270303030303030312e+02
1.531750321750321575e+02,2.079086229086229025e+02,1.177898989898989868e+02,2.270303030303030312e+02
1.525788804071246716e+02,2.069058524173027820e+02,1.174888888888888800e+02,2.270727272727272634e+02
1.517724477244772174e+02,2.057699876998769923e+02,nan,nan
1.510719696969696884e+02,2.048863636363636260e+02,1.170473251028806487e+02,2.271522633744855852e+02
1.503545568039949956e+02,2.037765293383270659e+02,1.170473251028806487e+02,2.271522633744855852e+02
1.494592875318066092e+02,2.025139949109414772e+02,1.165467479674796607e+02,2.271747967479674628e+02
1.491989860583016423e+02,2.019949302915082399e+02,1.159940476190476204e+02,2.272123015873015675e+02
1.481074829931972658e+02,2.004326530612244994e+02,1.156830265848670649e+02,2.274233128834355853e+02
1.476553030303030312e+02,1.997386363636363740e+02,1.155019607843137237e+02,2.277196078431372257e+02
1.467997364953886574e+02,1.986429512516469060e+02,1.151549019607843007e+02,2.275254901960784082e+02
1.460301886792452706e+02,1.976264150943396203e+02,nan,nan
1.456784313725490279e+02,1.969790849673202615e+02,1.139605522682445695e+02,2.273155818540433586e+02
1.447061923583662519e+02,1.953728590250329091e+02,1.134117647058823479e+02,2.273039215686274304e+02
1.441774397972116617e+02,1.946603295310519570e+02,1.132312138728323703e+02,2.279903660886319585e+02
1.434696969696969688e+02,1.936250000000000000e+02,1.129815837937384799e+02,2.279355432780846797e+02
1.427239185750636068e+02,1.924592875318066092e+02,1.127188755020080180e+02,2.279457831325301242e+02
1.423174603174603021e+02,1.918253968253968083e+02,1.120862745098039142e+02,2.279686274509803638e+02
1.411989664082687170e+02,1.903630490956072379e+02,1.115282651072124622e+02,2.278791423001948999e+02
1.403927648578811045e+02,1.891576227390180804e+02,1.113768939393939377e+02,2.283825757575757223e+02
1.396878306878306546e+02,1.881216931216931130e+02,1.111591760299625378e+02,2.283164794007490457e+02
1.386160000000000139e+02,1.868853333333333069e+02,1.105814393939393909e+02,2.283939393939393767e+02
1.381374837872892272e+02,1.862736705577172245e+02,1.103165735567970103e+02,2.283165735567970103e+02
1.370867208672086406e+02,1.850162601626016396e+02,1.096416184971098318e+02,2.281483622350674239e+02
1.364491094147582544e+02,1.843320610687023020e+02,1.090788530465949719e+02,2.282956989247311697e+02
1.355433604336043345e+02,1.830094850948509304e+02,1.086556169429097451e+02,2.282081031307550631e+02
1.346367346938775427e+02,1.819265306122449033e+02,1.085398550724637659e+02,2.283605072463767840e+02
1.343383647798742118e+02,1.813899371069182109e+02,1.078547486033519505e+02,2.280484171322160023e+02
1.331231593038821757e+02,1.799986613119143044e+02,1.074720616570327394e+02,2.278901734104046284e+02
1.325853658536585442e+02,1.793170731707317032e+02,1.070910746812386094e+02,2.281311475409836191e+02
1.313401639344262435e+02,1.779098360655737565e+02,1.068717948717948616e+02,2.279560439560439420e+02
1.312954248366012848e+02,1.778026143790849574e+02,1.065329566854990446e+02,2.279981167608286228e+02
1.306742138364779748e+02,1.771031446540880268e+02,1.061947565543071050e+02,2.280168539325842687e+02
1.294527559055118218e+02,1.760839895013123169e+02,1.058052434456928808e+02,2.278782771535580309e+02
1.288077956989247355e+02,1.754771505376344010e+02,1.055727969348658917e+02,2.280823754789271618e+02
1.282258064516128968e+02,1.749193548387096655e+02,1.054870370370370267e+02,2.281129629629629392e+02
1.273495276653171402e+02,1.742091767881241537e+02,1.051516754850088091e+02,2.281216931216931130e+02
1.270454545454545467e+02,1.740000000000000000e+02,1.047848837209302388e+02,2.285833333333333144e+02
1.253280632411067188e+02,1.728722002635045953e+02,1.044476190476190425e+02,2.292361904761904441e+02
1.248901808785529681e+02,1.725981912144702619e+02,1.032911877394635809e+02,2.293007662835248652e+02
1.245330739299610912e+02,1.723994811932554967e+02,1.027992424242424079e+02,2.293731060606060339e+02
1.238624535315985185e+02,1.720780669144981516e+02,1.026256983240223519e+02,2.300800744878957005e+02
1.222757201646090550e+02,1.711646090534979407e+02,1.024051565377532143e+02,2.304769797421730857e+02
1.213784860557768894e+02,1.706918990703851193e+02,1.016356589147286797e+02,2.308178294573643257e+02
1.204816326530612258e+02,1.702612244897959215e+02,1.017960784313725355e+02,2.313509803921568562e+02
1.198545953360768124e+02,1.698847736625514528e+02,1.006608187134502970e+02,2.316920077972709180e+02
1.194571026722925353e+02,1.698481012658227769e+02,1.006168582375478877e+02,2.321685823754789055e+02
1.181184573002754661e+02,1.694889807162534225e+02,1.001356589147286797e+02,2.322461240310077244e+02
1.170537190082644656e+02,1.693360881542699587e+02,9.940490797546011947e+01,2.326809815950920211e+02
1.167261904761904816e+02,1.692235449735449606e+02,9.884357541899441912e+01,2.333221601489757688e+02
1.156046831955922869e+02,1.692286501377410275e+02,9.899803921568626208e+01,2.336254901960784025e+02
1.142290809327846262e+02,1.693127572016460931e+02,9.846212121212120394e+01,2.337973484848484702e+02
1.138497267759562845e+02,1.693169398907103584e+02,9.789071038251366019e+01,2.342185792349726796e+02
1.126219336219336071e+02,1.693578643578643437e+02,9.700591715976331386e+01,2.344950690335305694e+02
1.124260027662517132e+02,1.692752420470262678e+02,9.681201550387595489e+01,2.347422480620154772e+02
1.116963562753036427e+02,1.694304993252361555e+02,9.608378870673952576e+01,2.349981785063752113e+02
1.105373333333333221e+02,1.696506666666666661e+02,9.560818713450292705e+01,2.354249512670565139e+02
1.098134430727023272e+02,1.698875171467763892e+02,9.563428571428570990e+01,2.355999999999999943e+02
1.087431457431457318e+02,1.702438672438672143e+02,9.482549019607841956e+01,2.359176470588235190e+02
1.081517615176151708e+02,1.703902439024390105e+02,9.469590643274854358e+01,2.362923976608187218e+02
1.071422594142259470e+02,1.705829846582984430e+02,9.487984496124030898e+01,2.363972868217053929e+02
1.068190476190476090e+02,1.706095238095237789e+02,9.414559386973179755e+01,2.367643678160919478e+02
1.056980056980056872e+02,1.711695156695156470e+02,9.409604519774011067e+01,2.371581920903954881e+02
1.048689956331877795e+02,1.713595342066957699e+02,9.352147239263803158e+01,2.374253578732106007e+02
1.041717171717171624e+02,1.717676767676767327e+02,9.302824858757061577e+01,2.378832391713747256e+02
1.036108786610878667e+02,1.719776847977684611e+02,9.274316939890709932e+01,2.380673952641165556e+02
1.027527322404371546e+02,1.721789617486338670e+02,9.150968992248061795e+01,2.390542635658914321e+02
1.022941176470588260e+02,1.723137254901960773e+02,9.102857142857142492e+01,2.395847619047618764e+02
1.012506775067750624e+02,1.726897018970189492e+02,9.015708812260535865e+01,2.400019157088122199e+02
1.009930555555555571e+02,1.730069444444444287e+02,8.925468164794007464e+01,2.407659176029962396e+02
1.004084699453551792e+02,1.732486338797814085e+02,8.811847389558232635e+01,2.414859437751003952e+02
1.005192837465564679e+02,1.731225895316804326e+02,8.709019607843136157e+01,2.419549019607842979e+02
9.870212765957447232e+01,1.739971631205673646e+02,8.702059925093632842e+01,2.419232209737827475e+02
9.820283687943260986e+01,1.741985815602836851e+02,8.557818930041152328e+01,2.423662551440328912e+02
9.715271659324521636e+01,1.750807635829661990e+02,8.531726907630522305e+01,2.423815261044176452e+02
9.728107344632768161e+01,1.752330508474576334e+02,8.519018404907976105e+01,2.424212678936605130e+02
9.680590717299577364e+01,1.757988748241912731e+02,8.422222222222221433e+01,2.424880952380952408e+02
9.673191489361701656e+01,1.757588652482269254e+02,8.394650205761315931e+01,2.425493827160493936e+02
9.597599999999999909e+01,1.766479999999999961e+02,8.277254901960783684e+01,2.428411764705882376e+02
9.548790322580644840e+01,1.775806451612903345e+02,8.288380952380951783e+01,2.428380952380952351e+02
9.540591397849460975e+01,1.774879032258064626e+02,8.288380952380951783e+01,2.428076190476190277e+02
9.498682476943345421e+01,1.784743083003952506e+02,8.288380952380951783e+01,2.428076190476190277e+02
9.435302390998592159e+01,1.796033755274261523e+02,8.294095238095238187e+01,2.429638095238095161e+02
9.383475783475782350e+01,1.806538461538461604e+02,8.210559006211180133e+01,2.435527950310558936e+02
9.392108843537414486e+01,1.809115646258503318e+02,8.190058479532163460e+01,2.435497076023391685e+02
9.391566265060241392e+01,1.814979919678714850e+02,8.170658682634730496e+01,2.435628742514969929e+02
9.388888888888888573e+01,1.819867724867724803e+02,8.194610778443113475e+01,2.438602794411177399e+02
9.391304347826087451e+01,1.830566534914360943e+02,nan,nan
9.406533333333332791e+01,1.838746666666666556e+02,8.148484848484848442e+01,2.440585858585858432e+02
9.431860776439089022e+01,1.851044176706827216e+02,8.142322097378276169e+01,2.439606741573033730e+02
9.431016731016730148e+01,1.853667953667953725e+02,8.146296296296296191e+01,2.439888888888888800e+02
9.457083333333333997e+01,1.861486111111111086e+02,8.144074074074073621e+01,2.438759259259259125e+02
9.480321285140561827e+01,1.868125836680053453e+02,8.142652329749103046e+01,2.439605734767025069e+02
9.485490196078431779e+01,1.872235294117647015e+02,8.099607843137253838e+01,2.441588235294117624e+02
9.521750321750320722e+01,1.881737451737451750e+02,8.124550898203592908e+01,2.445808383233533050e+02
9.560606060606059486e+01,1.887470355731225311e+02,8.114056224899597680e+01,2.445702811244979671e+02
9.598293963254592143e+01,1.896692913385826671e+02,8.121893491124259867e+01,2.445680473372781023e+02
9.627581699346404775e+01,1.899006535947712280e+02,8.121893491124259867e+01,2.445680473372781023e+02
9.659946236559139265e+01,1.908965053763440665e+02,8.157055214723926895e+01,2.452944785276073674e+02
9.688496732026142411e+01,1.914326797385620864e+02,8.136704119850186601e+01,2.456329588014981198e+02
9.713071895424836555e+01,1.917869281045751677e+02,8.145075757575756370e+01,2.456003787878787818e+02
9.753605442176869644e+01,1.927238095238095070e+02,8.145075757575756370e+01,2.456003787878787818e+02
9.764082687338500932e+01,1.928049095607235017e+02,nan,nan
9.783846153846154436e+01,1.933653846153846132e+02,8.100000000000000000e+01,2.464505050505050292e+02
9.819548872180450871e+01,1.935651629072681601e+02,8.079781420765027633e+01,2.466775956284153040e+02
9.846082337317396593e+01,1.942416998671978661e+02,8.086231884057970376e+01,2.466775362318840337e+02
9.906342780026989203e+01,1.950944669365721893e+02,8.087121212121211045e+01,2.471268939393939092e+02
9.957142857142856940e+01,1.958725868725868793e+02,8.081583793738489874e+01,2.470847145488029071e+02
1.003176470588235247e+02,1.966248366013071802e+02,8.015369261477044915e+01,2.473453093812375130e+02
1.003042328042327966e+02,1.968161375661375700e+02,7.992485549132948108e+01,2.475414258188824590e+02
1.009919028340081013e+02,1.975519568151146927e+02,7.991417165668661937e+01,2.477025948103792246e+02
1.017838541666666572e+02,1.985455729166666572e+02,7.912280701754386314e+01,2.476803118908381691e+02
1.019892904953145916e+02,1.989303882195448239e+02,7.951568627450980387e+01,2.469098039215686242e+02
1.028902777777777686e+02,1.998902777777777544e+02,nan,nan
1.032720000000000056e+02,2.004759999999999991e+02,7.912154696132596143e+01,2.445009208103130618e+02
1.037533333333333303e+02,2.008586666666666645e+02,7.877202072538860023e+01,2.439879101899827276e+02
1.043731739707835260e+02,2.015949535192562792e+02,7.830601092896175430e+01,2.427340619307832128e+02
1.049412515964239958e+02,2.022528735632184009e+02,7.773821989528795484e+01,2.417469458987783355e+02
1.053689567430025420e+02,2.027201017811704844e+02,7.690618762475048698e+01,2.405888223552893805e+02
1.060050505050505052e+02,2.035429292929292728e+02,7.680539499036608220e+01,2.401059730250481437e+02
1.070066934404283643e+02,2.043092369477911632e+02,7.669074074074073621e+01,2.398611111111111143e+02
1.080860655737704974e+02,2.050327868852459119e+02,7.606884057971014101e+01,2.388768115942028771e+02
1.089419703103913548e+02,2.055236167341430189e+02,7.567222222222221717e+01,2.380555555555555429e+02
1.097330623306232980e+02,2.060975609756097526e+02,7.578557504873293738e+01,2.367894736842105203e+02
1.106513888888888886e+02,2.067249999999999943e+02,7.693714285714285950e+01,2.353257142857142981e+02
1.119588477366255148e+02,2.074389574759944992e+02,7.724951267056529502e+01,2.336023391812865384e+02
1.127722908093278420e+02,2.078902606310013539e+02,7.738264299802760604e+01,2.316627218934911241e+02
1.137379972565157686e+02,2.082551440329218053e+02,7.740039447731754763e+01,2.305384615384615472e+02
1.146305220883534162e+02,2.088835341365461886e+02,nan,nan
1.152946058091286261e+02,2.092503457814660806e+02,7.725720164609053597e+01,2.280720164609053313e+02
1.159146005509641810e+02,2.094903581267217589e+02,7.718992248062015449e+01,2.275213178294573595e+02
1.162961432506887007e+02,2.097878787878787818e+02,7.708527131782945219e+01,2.261589147286821344e+02
1.171659751037344392e+02,2.101798063623789687e+02,7.708527131782945219e+01,2.261589147286821344e+02
1.179413333333333327e+02,2.105826666666666540e+02,7.709689922480619373e+01,2.251356589147286513e+02
1.187611336032388607e+02,2.108839406207827096e+02,7.700370370370370665e+01,2.245629629629629278e+02
1.191601049868766324e+02,2.111771653543306968e+02,7.683928571428570820e+01,2.238174603174603021e+02
1.203058984910836671e+02,2.115980795610425105e+02,nan,nan
1.213738191632928363e+02,2.119689608636976743e+02,nan,nan
1.226695035460992926e+02,2.123404255319148888e+02,nan,nan
1.243047210300429128e+02,2.130386266094420478e+02,7.662111801242235742e+01,2.209378881987577756e+02
1.249632545931758472e+02,2.133280839895012946e+02,7.668431372549018477e+01,2.210862745098038999e+02
1.255695538057742624e+02,2.135564304461942129e+02,7.659509202453988053e+01,2.199386503067484568e+02
1.265783132530120412e+02,2.139973226238286372e+02,7.663374485596708041e+01,2.198312757201645979e+02
1.282571428571428669e+02,2.145142857142857054e+02,nan,nan
1.288582995951416876e+02,2.148758434547908109e+02,nan,nan
1.292675070028010964e+02,2.150700280112044709e+02,7.687601626016260070e+01,2.183983739837398161e+02
1.313828647925033408e+02,2.157751004016064371e+02,7.691056910569105298e+01,2.174512195121951095e+02
1.320779054916985729e+02,2.159731800766283527e+02,7.740196078431371518e+01,2.166333333333333258e+02
1.329375000000000000e+02,2.163184523809523512e+02,7.853292181069957678e+01,2.157098765432098730e+02
1.340370370370370381e+02,2.167133058984910576e+02,7.948000000000000398e+01,2.151104761904761631e+02
1.346479250334671747e+02,2.170669344042837849e+02,8.052906976744185386e+01,2.136782945736433987e+02
1.357642276422764098e+02,2.173184281842818280e+02,8.123333333333333428e+01,2.126981481481481353e+02
1.362716535433070817e+02,2.174803149606299257e+02,8.149376114081995581e+01,2.121729055258466872e+02
1.373248226950354649e+02,2.178397163120567086e+02,8.234764826175869246e+01,2.108364008179958944e+02
1.384640804597701162e+02,2.182586206896551744e+02,8.322619047619048160e+01,2.097837301587301511e+02
1.390901639344262435e+02,2.185642076502732039e+02,8.353977272727273373e+01,2.093276515151515014e+02
1.397524204702627628e+02,2.188575380359612552e+02,8.409770114942529062e+01,2.085727969348658917e+02
1.408285322359396332e+02,2.192112482853223412e+02,8.436489151873766446e+01,2.079309664694279718e+02
1.420336134453781654e+02,2.194243697478991635e+02,8.504960317460316332e+01,2.072837301587301511e+02
1.428024691358024825e+02,2.198120713305898164e+02,8.527254901960783684e+01,2.069627450980391927e+02
1.440909090909090935e+02,2.203088023088022851e+02,8.591820040899794719e+01,2.061390593047034656e+02
1.450335917312661422e+02,2.205736434108527249e+02,8.626347305389221276e+01,2.057025948103792246e+02
1.466139601139601041e+02,2.211054131054131062e+02,8.616666666666665719e+01,2.058588235294117510e+02
1.474600550964186993e+02,2.213512396694214885e+02,8.735555555555555429e+01,2.039838383838383606e+02
1.484293125810635274e+02,2.216225680933852118e+02,8.697093023255814614e+01,2.043837209302325562e+02
1.494035812672176178e+02,2.220936639118457094e+02,8.723728813559321793e+01,2.039510357815442205e+02
1.506198125836679935e+02,2.223427041499330414e+02,8.763205828779598505e+01,2.036138433515482404e+02
1.515933333333333053e+02,2.225466666666666526e+02,8.781305114638446696e+01,2.034779541446207816e+02
1.529858757062146708e+02,2.223855932203389898e+02,8.954320987654321584e+01,2.027325102880658392e+02
1.542722443559096632e+02,2.224860557768924423e+02,9.048353909465019740e+01,2.034485596707818900e+02
1.555447154471544593e+02,2.226504065040650460e+02,9.156000000000000227e+01,2.038476190476190197e+02
1.563646258503401043e+02,2.226353741496598673e+02,9.327070707070706135e+01,2.035676767676767440e+02
1.574581673306772984e+02,2.227118193891102180e+02,nan,nan
1.583426666666666449e+02,2.227533333333333019e+02,nan,nan
1.597088274044795639e+02,2.226429512516469060e+02,nan,nan
1.605307189542483570e+02,2.226261437908496532e+02,9.665142857142856769e+01,2.045790476190475999e+02
1.615460440985732760e+02,2.225914396887159512e+02,9.720643939393939092e+01,2.050227272727272805e+02
1.623333333333333144e+02,2.225927419354838719e+02,nan,nan
1.631609632446134128e+02,2.222192648922686828e+02,9.908183632734530022e+01,2.060419161676646809e+02
1.638115942028985330e+02,2.223069828722002512e+02,9.989484126984126533e+01,2.074960317460317185e+02
1.648339818417639151e+02,2.222010376134889782e+02,1.014575569358178058e+02,2.085879917184264798e+02
1.650491367861885692e+02,2.221739707835325248e+02,1.030973084886128248e+02,2.097888198757763973e+02
1.661378848728245998e+02,2.219143239625167325e+02,1.040254901960784224e+02,2.106196078431372314e+02
1.676760374832663842e+02,2.214685408299866083e+02,1.053254901960784196e+02,2.116470588235294201e+02
1.680915032679738488e+02,2.214300653594771120e+02,1.063374233128834305e+02,2.125051124744375954e+02
1.687850707850707579e+02,2.213166023166023137e+02,1.080693641618497054e+02,2.135221579961464045e+02
1.694843945068664084e+02,2.212247191011235827e+02,1.089085714285714346e+02,2.143866666666666561e+02
1.709757085020243039e+02,2.204925775978407501e+02,1.102954545454545467e+02,2.156439393939393767e+02
1.720533333333333132e+02,2.201333333333333258e+02,1.118135593220338961e+02,2.165536723163841941e+02
1.730987179487179333e+02,2.198782051282051100e+02,1.132509578544061100e+02,2.178218390804597675e+02
1.749317269076305195e+02,2.192222222222222001e+02,1.152485875706214671e+02,2.208945386064029890e+02
1.758910761154855322e+02,2.188044619422572055e+02,1.181179775280898809e+02,2.234232209737827475e+02
1.772588235294117567e+02,2.183437908496731836e+02,1.213121387283237027e+02,2.259865125240847590e+02
1.782962962962962763e+02,2.177314814814814667e+02,1.240552380952380815e+02,2.284971428571428476e+02
1.796372924648786409e+02,2.173422733077905207e+02,1.266886446886446862e+02,2.304468864468864240e+02
1.808786666666666463e+02,2.170186666666666611e+02,1.294252873563218316e+02,2.321685823754789055e+02
1.825099601593625493e+02,2.164501992031872533e+02,1.312827715355805083e+02,2.332303370786516723e+02
1.834518229166666572e+02,2.160559895833333144e+02,1.332480620155038480e+02,2.345368217054263198e+02
1.846013333333333151e+02,2.155493333333333226e+02,1.350019267822735856e+02,2.351098265895953716e+02
1.858185328185328160e+02,2.152007722007722066e+02,1.370568627450980159e+02,2.353745098039215407e+02
1.871599015990159671e+02,2.147933579335793297e+02,1.387248062015503649e+02,2.354593023255814046e+02
1.881931216931216966e+02,2.144179894179893893e+02,1.411944444444444287e+02,2.355734126984126817e+02
1.895026041666666572e+02,2.138802083333333144e+02,1.427847619047618934e+02,2.354819047619047296e+02
1.908552971576227435e+02,2.131576227390180804e+02,1.450196078431372371e+02,2.342882352941176407e+02
1.921218206157965085e+02,2.129156626506023997e+02,1.470973782771535525e+02,2.332865168539325964e+02
1.931755050505050235e+02,2.125643939393939377e+02,1.485805243445692838e+02,2.321460674157303288e+02
1.941626666666666665e+02,2.122093333333333192e+02,1.504425287356321803e+02,2.308199233716474907e+02
1.951564885496183308e+02,2.119465648854961728e+02,1.523277153558052248e+02,2.295280898876404478e+02
1.976421356421356279e+02,2.113318903318903210e+02,1.547092592592592553e+02,2.273777777777777658e+02
1.981981258366800205e+02,2.114752342704149726e+02,1.568343434343434240e+02,2.256363636363636260e+02
1.995006587615283138e+02,2.113728590250329091e+02,1.594558232931726707e+02,2.236907630522088084e+02
2.009833333333333201e+02,2.112820512820512704e+02,1.622762430939226590e+02,2.212596685082872909e+02
2.020232558139534831e+02,2.116304909560723502e+02,1.653676190476190300e+02,2.187942857142857065e+02
2.026835138387484676e+02,2.114933814681106981e+02,1.686266666666666652e+02,2.161733333333333178e+02
2.045101010101010104e+02,2.117411616161616053e+02,1.698724954462659298e+02,2.154043715846994473e+02
2.070833333333333144e+02,2.120769230769230660e+02,1.704421052631578846e+02,2.151666666666666572e+02
2.091373333333333164e+02,2.127506666666666604e+02,1.712996254681647770e+02,2.146348314606741496e+02
2.112115621156211489e+02,2.139397293972939735e+02,1.721675485008818214e+02,2.139188712522045819e+02
2.131202185792349439e+02,2.149959016393442539e+02,1.733333333333333144e+02,2.131959706959706864e+02
2.144082998661311876e+02,2.159504685408299736e+02,1.742154696132596712e+02,2.129650092081031119e+02
2.158501291989663855e+02,2.169289405684754399e+02,1.748882681564245729e+02,2.130875232774673975e+02
2.167702020202019924e+02,2.176047979797979792e+02,1.753040293040292852e+02,2.130146520146520004e+02
2.178363636363636431e+02,2.183709090909090946e+02,1.764718875502007904e+02,2.126767068273092036e+02
2.186002415458937094e+02,2.189939613526569815e+02,1.775440613026819676e+02,2.124252873563218316e+02
2.197896678966789636e+02,2.201143911439114333e+02,1.781498127340823885e+02,2.123745318352059712e+02
2.211447028423772281e+02,2.212855297157622658e+02,1.788139963167587325e+02,2.124327808471454659e+02
2.219753086419752890e+02,2.220271604938271537e+02,1.803988439306358487e+02,2.119672447013487329e+02
2.224541984732824460e+02,2.223816793893129784e+02,1.814035087719298360e+02,2.118499025341130277e+02
2.240377358490566166e+02,2.237169811320754604e+02,1.815838041431261729e+02,2.126930320150659099e+02
2.248893280632410949e+02,2.245678524374176561e+02,1.817800687285223091e+02,2.143109965635738661e+02
2.259718875502007904e+02,2.255140562248996048e+02,1.825287958115183358e+02,2.159511343804537375e+02
2.262567049808429260e+02,2.256513409961685852e+02,1.831294326241134627e+02,2.174911347517730178e+02
2.275434500648508447e+02,2.271335927367055660e+02,1.843391136801541279e+02,2.193468208092485554e+02
2.281819389110225700e+02,2.277250996015936266e+02,1.848535645472061617e+02,2.203872832369942216e+02
2.291192307692307679e+02,2.287179487179487012e+02,1.852546816479400604e+02,2.214119850187265683e+02
2.298917910447761130e+02,2.293992537313432933e+02,1.859077212806026296e+02,2.226139359698681517e+02
2.307931488801054059e+02,2.306060606060605949e+02,1.866740740740740421e+02,2.233388888888889028e+02
2.315353925353925320e+02,2.312329472329472253e+02,1.873784313725490165e+02,2.240254901960784082e+02
2.323791666666666629e+02,2.322249999999999943e+02,1.880451977401129966e+02,2.247721280602636398e+02
2.331823129251700664e+02,2.330217687074829769e+02,1.884852071005917082e+02,2.253648915187376645e+02
2.336914062500000000e+02,2.335611979166666572e+02,1.894776422764227561e+02,2.259085365853658516e+02
2.340040322580645125e+02,2.340094086021505291e+02,1.904662698412698205e+02,2.265297619047618980e+02
2.350690571049136679e+02,2.350225763612217804e+02,nan,nan
2.357402945113788348e+02,2.356358768406960849e+02,1.914285714285714164e+02,2.271752380952380861e+02
2.365864453665283236e+02,2.365809128630705516e+02,1.923578154425611899e+02,2.276647834274952800e+02
2.367095046854082909e+02,2.368500669344042819e+02,1.934221014492753454e+02,2.281086956521739069e+02
2.376822033898305051e+02,2.380183615819208853e+02,1.946226053639846327e+02,2.290000000000000000e+02
2.379349269588313405e+02,2.386759628154050290e+02,1.948809523809523796e+02,2.304778911564625616e+02
2.382439999999999998e+02,2.391080000000000041e+02,1.954607843137254690e+02,2.328725490196078169e+02
2.389469696969696884e+02,2.405202020202019924e+02,nan,nan
2.392862595419847196e+02,2.415521628498727580e+02,1.958593448940269468e+02,2.362196531791907432e+02
2.395510204081632537e+02,2.421020408163265358e+02,1.958631984585741463e+02,2.374508670520231135e+02
2.398043184885289918e+02,2.429649122807017250e+02,1.958986354775828431e+02,2.387309941520467760e+02
2.400587431693988947e+02,2.445478142076502763e+02,1.956686390532544237e+02,2.398224852071005841e+02
2.402260371959942802e+02,2.452889842632331749e+02,1.957234848484848158e+02,2.410719696969696884e+02
2.403958333333333428e+02,2.462236111111110972e+02,1.940588235294117680e+02,2.424078431372548721e+02
2.406471471471471375e+02,2.471711711711711814e+02,1.923271983640081828e+02,2.442944785276073674e+02
2.406892655367231555e+02,2.472542372881355845e+02,1.910327198364008154e+02,2.457177914110429526e+02
2.408964143426294697e+02,2.478977423638777964e+02,1.897041420118343069e+02,2.467889546351084391e+02
2.410869001297016609e+02,2.491686121919584878e+02,1.887462121212120962e+02,2.471628787878787818e+02
2.411640826873384924e+02,2.499289405684754399e+02,1.879561904761904430e+02,2.479961904761904350e+02
2.411721763085399459e+02,2.509958677685950477e+02,1.864019607843137294e+02,2.495156862745097897e+02
2.412994579945799387e+02,2.514512195121951095e+02,1.835361445783132410e+02,2.511124497991967814e+02
2.413773333333333255e+02,2.521560000000000059e+02,1.815287356321838956e+02,2.526570881226053302e+02
2.414444444444444287e+02,2.530040160642570299e+02,1.805853658536585442e+02,2.531666666666666288e+02
2.416329284750337081e+02,2.539608636977057756e+02,1.800581395348837077e+02,2.533042635658914321e+02
2.417423638778220152e+02,2.542523240371845645e+02,1.791824953445064921e+02,2.535270018621973520e+02
2.418518518518518192e+02,2.546947637292464606e+02,1.789337016574585562e+02,2.533499079189686540e+02
2.416129476584021916e+02,2.560647382920109862e+02,1.786166666666666742e+02,2.533388888888889028e+02
2.416761517615175876e+02,2.566829268292682968e+02,1.783467432950191380e+02,2.531417624521072582e+02
2.418653333333333251e+02,2.574879999999999995e+02,1.782310838445807519e+02,2.532453987730061442e+02
2.418753280839894728e+02,2.581482939632545595e+02,nan,nan
2.418481182795698601e+02,2.585994623655913642e+02,1.775389221556886241e+02,2.532754491017963971e+02
2.418821138211382049e+02,2.589593495934959151e+02,1.774519427402862846e+02,2.531533742331288295e+02
2.420000000000000000e+02,2.591141025641025522e+02,1.758948412698412653e+02,2.539007936507936165e+02
2.419284802043422644e+02,2.591277139208173708e+02,1.763109869646182233e+02,2.538938547486033599e+02
2.419550264550264558e+02,2.597407407407407050e+02,1.764206773618538193e+02,2.540891265597147708e+02
2.418786666666666463e+02,2.603386666666666542e+02,1.766480446927374430e+02,2.543463687150837984e+02
2.416638772663877148e+02,2.609623430962342923e+02,1.765099206349206327e+02,2.545337301587301511e+02
2.417881136950904306e+02,2.611291989664082394e+02,1.769305555555555429e+02,2.542698412698412369e+02
2.414475806451612812e+02,2.621505376344085789e+02,nan,nan
2.415281862745097783e+02,2.619240196078430927e+02,nan,nan
2.411551515151514877e+02,2.627769696969696724e+02,nan,nan
2.412213930348258657e+02,2.629340796019900495e+02,1.785745098039215577e+02,2.535705882352941103e+02
2.409479553903345845e+02,2.633023543990086637e+02,1.792222222222222285e+02,2.537855750487329090e+02
2.403928128872366585e+02,2.641995043370507688e+02,1.798236434108526964e+02,2.538410852713178087e+02
2.396579601990049468e+02,2.650161691542288622e+02,1.798198757763975095e+02,2.542318840579709729e+02
2.395580808080808026e+02,2.650820707070706703e+02,1.803554216867469790e+02,2.545682730923694521e+02
2.388815958815958709e+02,2.658481338481337843e+02,1.810000000000000000e+02,2.541574074074073906e+02
2.387935323383084381e+02,2.662462686567164383e+02,1.812620423892100234e+02,2.547784200385356428e+02
2.383556381660470720e+02,2.662589838909541413e+02,1.813973634651600548e+02,2.552354048964218407e+02
2.379120734908136399e+02,2.669842519685039406e+02,1.818600368324125043e+02,2.553922651933701786e+02
2.378884848484848362e+02,2.671866666666666674e+02,1.819366852886405752e+02,2.557094972067039009e+02
2.365987179487179333e+02,2.680692307692307850e+02,1.825285451197053135e+02,2.556408839779005575e+02
2.360162297128589159e+02,2.686004993757802595e+02,1.827923809523809382e+02,2.564857142857142662e+02
2.359714993804213066e+02,2.686815365551424861e+02,1.832073170731707421e+02,2.568699186991869965e+02
2.358612143742255114e+02,2.686158612143742062e+02,1.832108433734939865e+02,2.569859437751003952e+02
2.346227390180878558e+02,2.696343669250645689e+02,1.832327416173569929e+02,2.577100591715976066e+02
2.343832709113607677e+02,2.699300873907615141e+02,1.833568627450980273e+02,2.578078431372548494e+02
2.340739299610895046e+02,2.703009079118028239e+02,1.831475095785440601e+02,2.590114942528735469e+02
2.329499999999999886e+02,2.708291666666666515e+02,1.831764705882353041e+02,2.601549019607842865e+02
2.330764163372858775e+02,2.705467720685111885e+02,1.825411522633744710e+02,2.614876543209876445e+02
2.325261707988980504e+02,2.704504132231405151e+02,1.817265469061876217e+02,2.628243512974052010e+02
2.310398860398860279e+02,2.702877492877492500e+02,1.816910569105691025e+02,2.636951219512195053e+02
2.308711484593837326e+02,2.703739495798319581e+02,1.814626262626262587e+02,2.649919191919191803e+02
2.305578231292516875e+02,2.702707482993197345e+02,1.811186094069529702e+02,2.659795501022494477e+02
2.302277777777777601e+02,2.702749999999999773e+02,1.810374753451676497e+02,2.662958579881656647e+02
2.292217514124293700e+02,2.698559322033898411e+02,nan,nan
2.291365461847389611e+02,2.697563587684069262e+02,1.799016064257027949e+02,2.683273092369477695e+02
2.287760617760617663e+02,2.698133848133848005e+02,1.798823529411764639e+02,2.691137254901960318e+02
2.285826666666666540e+02,2.697293333333333294e+02,1.796763005780346703e+02,2.701059730250481152e+02
2.283165374677002433e+02,2.695000000000000000e+02,1.792473118279569917e+02,2.705161290322580498e+02
2.278307692307692207e+02,2.691679487179486614e+02,1.789536541889482919e+02,2.711336898395721846e+02
2.269774236387781912e+02,2.688419654714475087e+02,1.781111111111111143e+02,2.722129629629629335e+02
2.268799999999999955e+02,2.687719999999999914e+02,1.779849340866289822e+02,2.727608286252353764e+02
2.263333333333333144e+02,2.684929214929214822e+02,1.779340866290018823e+02,2.728342749529190314e+02
2.264280155642023260e+02,2.685239948119325391e+02,1.770747126436781684e+02,2.746053639846742840e+02
2.259909560723514232e+02,2.681912144702841942e+02,1.770747126436781684e+02,2.746053639846742840e+02
2.252291666666666572e+02,2.677018229166666288e+02,1.760292397660818722e+02,2.761228070175438347e+02
2.244347275031685456e+02,2.670975918884663542e+02,1.756778398510242027e+02,2.764897579143388953e+02
2.239116465863453698e+02,2.666934404283801427e+02,1.753600713012477570e+02,2.771532976827094217e+02
2.231539491298527196e+02,2.662637215528781667e+02,1.748801498127340608e+02,2.777696629213482993e+02
2.231937984496124159e+02,2.662971576227390074e+02,1.746495238095237994e+02,2.783066666666666720e+02
2.222196969696969688e+02,2.656363636363636260e+02,1.737547892720306493e+02,2.793850574712643606e+02
2.215038759689922472e+02,2.651821705426356743e+02,1.729832402234636959e+02,2.797355679702048405e+02
2.205654520917678667e+02,2.645344129554655979e+02,1.728333333333333144e+02,2.799157303370786281e+02
2.200243589743589609e+02,2.641525641025640425e+02,1.718805394990366153e+02,2.816300578034682189e+02
2.188155467720685010e+02,2.634888010540183814e+02,1.709742063492063266e+02,2.828273809523809632e+02
2.185697674418604777e+02,2.631576227390180520e+02,1.679637681159420310e+02,2.832626811594202536e+02
2.173103448275862206e+02,2.622937420178799357e+02,1.649456928838951342e+02,2.831067415730337302e+02
2.161575520833333144e+02,2.615807291666666288e+02,1.620976058931859995e+02,2.832173112338857663e+02
2.150750636132315492e+02,2.607913486005089112e+02,1.593809523809523796e+02,2.832747252747252560e+02
2.146654182272159801e+02,2.606516853932584468e+02,1.564795321637427037e+02,2.833723196881091440e+02
2.133346456692913478e+02,2.595866141732283268e+02,1.543229813664596293e+02,2.832691511387163246e+02
2.126170483460559808e+02,2.592340966921119616e+02,1.523726591760299698e+02,2.831367041198501511e+02
2.113720349563045886e+02,2.583620474406990866e+02,1.499078431372549005e+02,2.833156862745098010e+02
2.101123737373737299e+02,2.576931818181818130e+02,1.474019607843137294e+02,2.835098039215686185e+02
2.091219195849545827e+02,2.570518806744487392e+02,1.455460122699386432e+02,2.832658486707566112e+02
2.072946058091286261e+02,2.560401106500691526e+02,1.432774451097804445e+02,2.830359281437125674e+02
2.064581673306772984e+02,2.554900398406374507e+02,1.409512670565302130e+02,2.830175438596490949e+02
2.059835390946502116e+02,2.550521262002743299e+02,1.386765873015872899e+02,2.834146825396825307e+02
2.045408299866131188e+02,2.543212851405622530e+02,1.365200000000000102e+02,2.834285714285714448e+02
2.030862745098039284e+02,2.535398692810457533e+02,1.348265895953757365e+02,2.831849710982659190e+02
2.015958005249343614e+02,2.529107611548556349e+02,1.327222222222222001e+02,2.831475095785440317e+02
2.011018867924528308e+02,2.524930817610062661e+02,1.307627118644067821e+02,2.831883239171374385e+02
2.002825520833333144e+02,2.519036458333333144e+02,1.292677595628415190e+02,2.832094717668487647e+02
1.983265582655826336e+02,2.511355013550135311e+02,1.269063670411984930e+02,2.830318352059924791e+02
1.969632545931758330e+02,2.506666666666666572e+02,1.252030651340996030e+02,2.829750957854406010e+02
1.958915662650602485e+02,2.501633199464524751e+02,1.239960317460317327e+02,2.829087301587301226e+02
1.952862745098039170e+02,2.497673202614379022e+02,1.227486631016042793e+02,2.829465240641711148e+02
1.942946666666666431e+02,2.493653333333333251e+02,1.215664845173041755e+02,2.829544626593806811e+02
1.932231182795698601e+02,2.486908602150537320e+02,1.198376963350785331e+02,2.828534031413612411e+02
1.919657064471879266e+02,2.482386831275720169e+02,1.179627329192546625e+02,2.827142857142857224e+02
1.904554183813442876e+02,2.476392318244169815e+02,1.167642276422764098e+02,2.828292682926829116e+02
1.894844804318488514e+02,2.471012145748987905e+02,nan,nan
1.885333333333333314e+02,2.466307692307692321e+02,1.156310861423220899e+02,2.833483146067415532e+02
1.868172458172458050e+02,2.458661518661518528e+02,1.147924151696606714e+02,2.835269461077844539e+02
1.856908602150537320e+02,2.452137096774193594e+02,1.144595660749506720e+02,2.836331360946745690e+02
1.845999999999999943e+02,2.447360544217686993e+02,1.134501915708812163e+02,2.840325670498083923e+02
1.834707482993196948e+02,2.441278911564625673e+02,1.124666666666666544e+02,2.841803921568627516e+02
1.819011857707509989e+02,2.433148880105401872e+02,1.122835249042145591e+02,2.843160919540229656e+02
1.805306122448979522e+02,2.426108843537414828e+02,1.116124031007751825e+02,2.844903100775193252e+02
1.790407124681933624e+02,2.419134860050890268e+02,1.115183044315992191e+02,2.845260115606936324e+02
1.780721784776902723e+02,2.413845144356955359e+02,nan,nan
1.764633204633204571e+02,2.405971685971685758e+02,nan,nan
1.758221343873517810e+02,2.401251646903820642e+02,1.094628571428571462e+02,2.850495238095238051e+02
1.744361979166666572e+02,2.394322916666666572e+02,1.089939393939393995e+02,2.850383838383838224e+02
1.732213930348258657e+02,2.388893034825870529e+02,1.090219560878243357e+02,2.851477045908183641e+02
1.719444444444444287e+02,2.382635658914728651e+02,1.077642276422764098e+02,2.852825203252032225e+02
1.698893333333333260e+02,2.375173333333333119e+02,1.077449799196786984e+02,2.855803212851405419e+02
1.688075313807531472e+02,2.368340306834030571e+02,1.075288065843621297e+02,2.855329218106995768e+02
1.673251028806584486e+02,2.365555555555555429e+02,nan,nan
1.664329349269588079e+02,2.363904382470119572e+02,nan,nan
1.642392473118279383e+02,2.361491935483871032e+02,1.060727272727272776e+02,2.854484848484848385e+02
1.634375000000000000e+02,2.359648437500000000e+02,1.059265873015872899e+02,2.854206349206348818e+02
1.618387096774193594e+02,2.358104838709677438e+02,1.057231968810916101e+02,2.854035087719298076e+02
1.606098191214470035e+02,2.359160206718346160e+02,1.046024844720496958e+02,2.852236024844720532e+02
1.595749354005167788e+02,2.357493540051679304e+02,1.046625766871165695e+02,2.852453987730061158e+02
1.584650537634408352e+02,2.357002688172042895e+02,1.041097308488612754e+02,2.852236024844720532e+02
1.572043895747599436e+02,2.358120713305898164e+02,1.037607843137254804e+02,2.851725490196077999e+02
1.561834625322997283e+02,2.357080103359172938e+02,nan,nan
1.546175710594314978e+02,2.358565891472868259e+02,1.035658914728682163e+02,2.852131782945736518e+02
1.532653594771241785e+02,2.359725490196078397e+02,1.030823045267489704e+02,2.851481481481481524e+02
1.524182272159800107e+02,2.360012484394506771e+02,1.028596491228070136e+02,2.850155945419103318e+02
1.514378306878306546e+02,2.360383597883597702e+02,1.024573643410852526e+02,2.849224806201549995e+02
1.503684895833333144e+02,2.361419270833333144e+02,1.024573643410852526e+02,2.849224806201549995e+02
1.486916996047430928e+02,2.362279314888010333e+02,1.024263565891472751e+02,2.849573643410852810e+02
1.478524173027989548e+02,2.363167938931297840e+02,1.017980392156862592e+02,2.847862745098038886e+02
1.461862348178137552e+02,2.364939271255060760e+02,nan,nan
1.455918367346938851e+02,2.366353741496598673e+02,nan,nan
1.451279999999999859e+02,2.366040000000000134e+02,nan,nan
1.435333333333333030e+02,2.367693333333333214e+02,nan,nan
1.429235836627140941e+02,2.368866930171277829e+02,nan,nan
1.413714285714285666e+02,2.370258503401360315e+02,nan,nan
1.402894375857338503e+02,2.370795610425239772e+02,nan,nan
1.390408684546615348e+02,2.372452107279693507e+02,nan,nan
1.385451127819548844e+02,2.372568922305764261e+02,1.001472392638036837e+02,2.852351738241308681e+02
1.370793650793650897e+02,2.374589947089947088e+02,9.944688644688643819e+01,2.853827838827838832e+02
1.356259842519685037e+02,2.376377952755905483e+02,9.933142857142857451e+01,2.854971428571428760e+02
1.344709851551956490e+02,2.376639676113360338e+02,9.901984126984126533e+01,2.855277777777777715e+02
1.329416342412451399e+02,2.377924773022049294e+02,9.899196787148592591e+01,2.854979919678714850e+02
1.321251596424010017e+02,2.379540229885057556e+02,9.875048732943469076e+01,2.854444444444444571e+02
1.310464807436918875e+02,2.380557768924302877e+02,9.859834368530019333e+01,2.855527950310558936e+02
1.301349206349206327e+02,2.380806878306878218e+02,9.815226337448559946e+01,2.856090534979423978e+02
1.288225806451612812e+02,2.381801075268816987e+02,nan,nan
1.275559947299077663e+02,2.382042160737812821e+02,9.722954091816366429e+01,2.854990019960079621e+02
1.259303882195448381e+02,2.382570281124498024e+02,9.734538152610440420e+01,2.855140562248995479e+02
1.246966145833333286e+02,2.381901041666666572e+02,9.687329434697855390e+01,2.859122807017544119e+02
1.231623188405797009e+02,2.379913043478260875e+02,9.639922480620153067e+01,2.859980620155038764e+02
1.227295850066934264e+02,2.378701472556894032e+02,9.596045197740113508e+01,2.859397363465159856e+02
1.219973544973544932e+02,2.378148148148148096e+02,9.619337016574586130e+01,2.860276243093922517e+02
1.210259403372243696e+02,2.378236057068741900e+02,9.615018315018313899e+01,2.860073260073259576e+02
1.206473616473616346e+02,2.377927927927927669e+02,9.482931726907629866e+01,2.863935742971887066e+02
1.190500658761528285e+02,2.372911725955204076e+02,9.444970414201183928e+01,2.865266272189348911e+02
1.178179487179487097e+02,2.372320512820512590e+02,9.411434108527132025e+01,2.865736434108526964e+02
1.171426666666666563e+02,2.370440000000000111e+02,9.403333333333333144e+01,2.865862745098038999e+02
1.159622641509433976e+02,2.365999999999999943e+02,9.301734104046242635e+01,2.868670520231214027e+02
1.148205128205128176e+02,2.362602564102564031e+02,9.316078431372548607e+01,2.868431372549019329e+02
1.138210116731517445e+02,2.359182879377432016e+02,9.183716475095785370e+01,2.873946360153256592e+02
1.134086021505376323e+02,2.358400537634408352e+02,9.146408839779005007e+01,2.874659300184162021e+02
1.124172932330827024e+02,2.355213032581453660e+02,9.148007246376810997e+01,2.876086956521739353e+02
1.114759999999999991e+02,2.349506666666666490e+02,9.034773662551440054e+01,2.877427983539094498e+02
1.106058201058201007e+02,2.344457671957671892e+02,9.028834355828220737e+01,2.880143149284253354e+02
1.100642076502732181e+02,2.340628415300546123e+02,8.897005988023951772e+01,2.882774451097803876e+02
1.096409214092140871e+02,2.337466124661246454e+02,8.879999999999999716e+01,2.884404040404040188e+02
1.090557880055787905e+02,2.333877266387726479e+02,8.871635610766044522e+01,2.885072463768115654e+02
1.084801097393689844e+02,2.329314128943758249e+02,8.805458089668614718e+01,2.884600389863547889e+02
1.078281250000000000e+02,2.323606770833333144e+02,8.779041916167665249e+01,2.886387225548901938e+02
1.068934426229508148e+02,2.314016393442622928e+02,nan,nan
1.067340966921119616e+02,2.313460559796437508e+02,nan,nan
1.063409090909090935e+02,2.312146464646464494e+02,nan,nan
1.058007662835249079e+02,2.302975734355044608e+02,nan,nan
1.055389527458492864e+02,2.300319284802043285e+02,nan,nan
1.049019607843137294e+02,2.293019607843137351e+02,8.428402366863905115e+01,2.889743589743589496e+02
1.044198966408268632e+02,2.285374677002583894e+02,8.407662835249041677e+01,2.892471264367816275e+02
1.040980392156862706e+02,2.279647058823529449e+02,8.410606060606060908e+01,2.893333333333333144e+02
1.039818417639429242e+02,2.280194552529182772e+02,8.437373737373737015e+01,2.892424242424242493e+02
1.037790697674418539e+02,2.271098191214470035e+02,8.372128060263652571e+01,2.892259887005649830e+02
1.033076923076923066e+02,2.261457489878542617e+02,8.231952662721893432e+01,2.892031558185403810e+02
1.033411764705882376e+02,2.258392156862745139e+02,8.235582822085889632e+01,2.892065439672801404e+02
1.031560000000000059e+02,2.247400000000000091e+02,8.176356589147286513e+01,2.891317829457364041e+02
1.030644718792866854e+02,2.240246913580246826e+02,8.144961240310077244e+01,2.886899224806201687e+02
1.030865633074935346e+02,2.237726098191214419e+02,8.139194139194138700e+01,2.874652014652014600e+02
1.030642076502732181e+02,2.224112021857923196e+02,8.075490196078430927e+01,2.854882352941176578e+02
1.030461133069828605e+02,2.218735177865612513e+02,8.002651515151514161e+01,2.841231060606060623e+02
1.030643500643500516e+02,2.212355212355212473e+02,7.955047619047618923e+01,2.832647619047618832e+02
1.032318244170095909e+02,2.201015089163237235e+02,7.918998272884283551e+01,2.821813471502590573e+02
1.033017832647462200e+02,2.201440329218106911e+02,7.879144385026738462e+01,2.814563279857397333e+02
1.031660079051383434e+02,2.197984189723320299e+02,7.781992337164750495e+01,2.793716475095785086e+02
1.033935742971887493e+02,2.186091030789825993e+02,7.775670498084291182e+01,2.787337164750957754e+02
1.034584980237154213e+02,2.177971014492753454e+02,7.745318352059925360e+01,2.780149812734082388e+02
1.037126865671641838e+02,2.167512437810945016e+02,7.697509578544061526e+01,2.770785440613026935e+02
1.039309428950863179e+02,2.159282868525896504e+02,7.670450450450449864e+01,2.762486486486486683e+02
1.040653594771241757e+02,2.152588235294117567e+02,7.604117647058824048e+01,2.748137254901960773e+02
1.043424836601307106e+02,2.141830065359476976e+02,7.600574712643678765e+01,2.741685823754788771e+02
1.046653491436100154e+02,2.128537549407114682e+02,7.604545454545454675e+01,2.741609848484848158e+02
1.050458839406207829e+02,2.113400809716599156e+02,7.536206896551723844e+01,2.723467432950191096e+02
1.053895424836601222e+02,2.104888888888888800e+02,7.501190476190475920e+01,2.712301587301587347e+02
1.056585034013605338e+02,2.092938775510204152e+02,7.481325301204819311e+01,2.704618473895582156e+02
1.060406824146981535e+02,2.078805774278215210e+02,7.490588235294117680e+01,2.700333333333333030e+02
1.063145917001338603e+02,2.073574297188754940e+02,7.450000000000000000e+01,2.689450980392156794e+02
1.067164750957854409e+02,2.064163473818646253e+02,7.419540229885058125e+01,2.682911877394635667e+02
1.069278606965173992e+02,2.053681592039800989e+02,7.397238658777119724e+01,2.672564102564102200e+02
1.074448871181938756e+02,2.040172642762283886e+02,7.372447013487474976e+01,2.665086705202311919e+02
1.077427821522309586e+02,2.028989501312335904e+02,7.365151515151514161e+01,2.662689393939393767e+02
1.080727969348659059e+02,2.018927203065134108e+02,7.342644320297951310e+01,2.657318435754190205e+02
1.083010335917312545e+02,2.011330749354004865e+02,7.318908382066275919e+01,2.648245614035087669e+02
1.088478835978835946e+02,1.996878306878306546e+02,7.305838041431260876e+01,2.645197740112994325e+02
1.093582295988934874e+02,1.979073305670816012e+02,7.261296296296295338e+01,2.635333333333333599e+02
1.096033591731266057e+02,1.969043927648578745e+02,7.234259259259259522e+01,2.627814814814814781e+02
1.100537634408602088e+02,1.957916666666666572e+02,7.234259259259259522e+01,2.627814814814814781e+02
1.102997311827956963e+02,1.947150537634408352e+02,7.187739463601532464e+01,2.616245210727969379e+02
1.108214783821478306e+02,1.931966527196652805e+02,7.186775362318840621e+01,2.611865942028985046e+02
1.111825726141078832e+02,1.916210235131396757e+02,7.152083333333332860e+01,2.604526515151515014e+02
1.114358974358974308e+02,1.899125188536953033e+02,7.210019267822735856e+01,2.588439306358381486e+02
1.115639999999999930e+02,1.891533333333333076e+02,7.342509363295879155e+01,2.573857677902621504e+02
1.117071524966261649e+02,1.880850202429149931e+02,7.415398550724637516e+01,2.559492753623188150e+02
1.118367626886145416e+02,1.867928669410150917e+02,7.504597701149425859e+01,2.531819923371647292e+02
1.121324965132496345e+02,1.854714086471408621e+02,7.559191919191918885e+01,2.517151515151515184e+02
1.120495314591700122e+02,1.847456492637215320e+02,7.611363636363635976e+01,2.501856060606060339e+02
1.122970430107526738e+02,1.843682795698924508e+02,7.679120879120878840e+01,2.490512820512820156e+02
1.123872752420470249e+02,1.820027662517289002e+02,7.747704590818362647e+01,2.471397205588822032e+02
1.124089635854341651e+02,1.805980392156862422e+02,7.765348399246704503e+01,2.460433145009416194e+02
1.122880116959064196e+02,1.794561403508772059e+02,7.827845528455284807e+01,2.441626016260162544e+02
1.122934472934472865e+02,1.786495726495726615e+02,7.884000000000000341e+01,2.428457142857142799e+02
1.123613569321533845e+02,1.776961651917403913e+02,7.897132616487455437e+01,2.421487455197132590e+02
1.123079096045197645e+02,1.762429378531073212e+02,7.933714285714285097e+01,2.405314285714285631e+02
1.121680555555555543e+02,1.747013888888888573e+02,7.963137254901960205e+01,2.388980392156862536e+02
1.121491935483871032e+02,1.739610215053763227e+02,8.006743737957610563e+01,2.374874759152215518e+02
1.121330589849108321e+02,1.728010973936899859e+02,8.031171171171170897e+01,2.363729729729729740e+02
1.121306666666666558e+02,1.722813333333333219e+02,8.070673952641165272e+01,2.353770491803278730e+02
1.116824712643678055e+02,1.693850574712643606e+02,8.105973025048169234e+01,2.339595375722543338e+02
1.115219298245613970e+02,1.685847953216374151e+02,8.104816955684006530e+01,2.335915221579961099e+02
1.113304597701149277e+02,1.673074712643677913e+02,8.152610441767068039e+01,2.318052208835341332e+02
1.113023909985935234e+02,1.668677918424753841e+02,8.194605009633910697e+01,2.306435452793834031e+02
1.112008547008547055e+02,1.656324786324786373e+02,8.224366471734892059e+01,2.298713450292397624e+02
1.110411160058737039e+02,1.643392070484581495e+02,8.253987730061349737e+01,2.287975460122699474e+02
1.109109311740890718e+02,1.637395411605937738e+02,8.285934489402697523e+01,2.276358381502890040e+02
1.107782426778242666e+02,1.618870292887029336e+02,8.287500000000000000e+01,2.265674603174603021e+02
1.105151515151515156e+02,1.606695526695526723e+02,8.324329501915708818e+01,2.257432950191570740e+02
1.104036568213783340e+02,1.595485232067510424e+02,8.359629629629628766e+01,2.250425925925925696e+02
1.104840940525587740e+02,1.588672199170124486e+02,8.399025341130604261e+01,2.237543859649122737e+02
1.101206896551724128e+02,1.572255747126436631e+02,8.411619047619046796e+01,2.230000000000000000e+02
1.097038626609442105e+02,1.557238912732474887e+02,8.424171539961012911e+01,2.220409356725146210e+02
1.097116736990154635e+02,1.550492264416315038e+02,8.433734939759035854e+01,2.217068273092369282e+02
1.096228813559322077e+02,1.542132768361581725e+02,8.433911368015414212e+01,2.211791907514450770e+02
1.095282485875706158e+02,1.530042372881355845e+02,8.495402298850574141e+01,2.198946360153256592e+02
1.092533333333333303e+02,1.516162962962962979e+02,8.501364522417152614e+01,2.194210526315789593e+02
1.090000000000000000e+02,1.510392156862745026e+02,8.521372549019606879e+01,2.185254901960784082e+02
1.088383838383838338e+02,1.499134199134199150e+02,8.520380952380952522e+01,2.182057142857142935e+02
1.084805555555555543e+02,1.486263888888888687e+02,8.557647058823529562e+01,2.175490196078431211e+02
1.082376933895921240e+02,1.473572433192686333e+02,8.574199623352164679e+01,2.169943502824858683e+02
1.078781512605041968e+02,1.455434173669467555e+02,8.571150097465886120e+01,2.165847953216374151e+02
1.073615819209039444e+02,1.443700564971751135e+02,8.610256410256410220e+01,2.155404339250492853e+02
1.071728395061728349e+02,1.437599451303154865e+02,8.616269841269840413e+01,2.150039682539682531e+02
1.070429292929292870e+02,1.430555555555555429e+02,8.614035087719298645e+01,2.146744639376217947e+02
1.063359073359073363e+02,1.416216216216216139e+02,8.615490196078430074e+01,2.139372549019607561e+02
1.061044973544973544e+02,1.407791005291005035e+02,8.650732600732600019e+01,2.133479853479853148e+02
1.054726775956284115e+02,1.394480874316939776e+02,8.693486590038314432e+01,2.120268199233716473e+02
1.051488801054018296e+02,1.384861660079051262e+02,8.707738095238094900e+01,2.114722222222222001e+02
1.052493224932249234e+02,1.384132791327913310e+02,8.702169625246547469e+01,2.111775147928994159e+02
1.045484276729559667e+02,1.367710691823899083e+02,8.707495069033529944e+01,2.106587771203155626e+02
1.038157894736842053e+02,1.357932330827067631e+02,8.745437616387336277e+01,2.095810055865921697e+02
1.033464566929133923e+02,1.346929133858267846e+02,8.795934959349592930e+01,2.084613821138211165e+02
1.028840579710144851e+02,1.338827404479578149e+02,8.797286821705425552e+01,2.074748062015503649e+02
1.024238845144356844e+02,1.331272965879264802e+02,8.820038535645471711e+01,2.062504816955683680e+02
1.020308880308880362e+02,1.323281853281853273e+02,8.847034764826175035e+01,2.055030674846625800e+02
1.016370967741935516e+02,1.315470430107526738e+02,8.855489021956087470e+01,2.048203592814371348e+02
1.009962825278810357e+02,1.304498141263940454e+02,8.891071428571429180e+01,2.032837301587301511e+02
1.007596899224806180e+02,1.299961240310077528e+02,8.890476190476189799e+01,2.024107142857142776e+02
1.002575757575757507e+02,1.293914141414141170e+02,8.903455284552845228e+01,2.012235772357723533e+02
1.001210937500000000e+02,1.288867187500000000e+02,8.939644970414201453e+01,2.004871794871794464e+02
9.991598915989159480e+01,1.283116531165311471e+02,8.964891518737671561e+01,1.994082840236686422e+02
9.887553648068669077e+01,1.270658082975679548e+02,8.989094650205760217e+01,1.985534979423868265e+02
9.857085020242915618e+01,1.267732793522267229e+02,8.992525252525251744e+01,1.979595959595959584e+02
9.845209176788122818e+01,1.266113360323886639e+02,8.999809523809523171e+01,1.973733333333333064e+02
9.772266666666665458e+01,1.260240000000000009e+02,nan,nan
9.758495460440985880e+01,1.259688715953307394e+02,9.060736196319018632e+01,1.955807770961145025e+02
9.661660079051382866e+01,1.254242424242424221e+02,9.088690476190475920e+01,1.946984126984126817e+02
9.619559228650136617e+01,1.251831955922864950e+02,9.102794411177644918e+01,1.939600798403193664e+02
9.583862433862432795e+01,1.251137566137566068e+02,9.102794411177644918e+01,1.939600798403193664e+02
9.537338501291989701e+01,1.249289405684754399e+02,9.135428571428570876e+01,1.926285714285714334e+02
9.450516795865632957e+01,1.246253229974160206e+02,9.143518518518517624e+01,1.922592592592592382e+02
9.461354581673306541e+01,1.245298804780876480e+02,9.195180722891566916e+01,1.907088353413654431e+02
9.313055555555554577e+01,1.244222222222222172e+02,9.204320987654321584e+01,1.903086419753086318e+02
9.293951612903225623e+01,1.243037634408602088e+02,9.198467432950191380e+01,1.900613026819923164e+02
9.236533333333332507e+01,1.242653333333333308e+02,9.201204819277108982e+01,1.895763052208835120e+02
9.180933333333332769e+01,1.241800000000000068e+02,9.207647058823529562e+01,1.890725490196078340e+02
9.151344086021505575e+01,1.240887096774193594e+02,9.251764705882352757e+01,1.881333333333333258e+02
9.074088541666665719e+01,1.243893229166666572e+02,9.255813953488372192e+01,1.877131782945736234e+02
9.026282051282051100e+01,1.247025641025640965e+02,9.264218455743878167e+01,1.872674199623351967e+02
9.035012919896639971e+01,1.245271317829457303e+02,9.281028368794325445e+01,1.866205673758865089e+02
8.948621553884711943e+01,1.250112781954887282e+02,9.302409638554216542e+01,1.856787148594377470e+02
8.883130904183535392e+01,1.250472334682860946e+02,9.322352941176470154e+01,1.848745098039215407e+02
8.819140625000000000e+01,1.254817708333333286e+02,9.341811175337186057e+01,1.845780346820809257e+02
8.791666666666665719e+01,1.258246268656716467e+02,9.343314500941617951e+01,1.847005649717514189e+02
8.714041994750655817e+01,1.260774278215223063e+02,9.352556237218813351e+01,1.843108384458077467e+02
8.705639097744361266e+01,1.260639097744360839e+02,9.371780303030301695e+01,1.837102272727272805e+02
8.580555555555555713e+01,1.269603174603174551e+02,9.394610778443113475e+01,1.830259481037924161e+02
8.550135501355012480e+01,1.271964769647696443e+02,9.420643939393939092e+01,1.823768939393939377e+02
8.507593307593306520e+01,1.276048906048905991e+02,9.432789855072462615e+01,1.829873188405796895e+02
8.446692111959286819e+01,1.282073791348600196e+02,9.556818181818181301e+01,1.824564393939393767e+02
8.416473616473615493e+01,1.285559845559845655e+02,9.630057803468207567e+01,1.824026974951830198e+02
8.283203125000000000e+01,1.296445312500000000e+02,9.693604651162790731e+01,1.821724806201550280e+02
8.265261813537675550e+01,1.297292464878671581e+02,9.762666666666665094e+01,1.821619047619047649e+02
8.194465408805031359e+01,1.305132075471697988e+02,9.796078431372548323e+01,1.820713012477717996e+02
8.168710089399743879e+01,1.307356321839080522e+02,9.872693032015064318e+01,1.817777777777777715e+02
8.068229166666665719e+01,1.316927083333333144e+02,9.921815008726002816e+01,1.818307155322862059e+02
7.979066666666665242e+01,1.325186666666666611e+02,nan,nan
7.905742821473158699e+01,1.333308364544319318e+02,1.008767676767676562e+02,1.811232323232323154e+02
7.862737642585551612e+01,1.337566539923954281e+02,nan,nan
7.768247694334650078e+01,1.348642951251646878e+02,1.021836327345309172e+02,1.803133732534930118e+02
7.694550063371355009e+01,1.355082382762990960e+02,1.021947791164658526e+02,1.803855421686747036e+02
7.615969581749050121e+01,1.362636248415715841e+02,1.029691358024691397e+02,1.797654320987654444e+02
7.493231162196678952e+01,1.375798212005108496e+02,1.032110453648915041e+02,1.796232741617356794e+02
7.431889763779527414e+01,1.384055118110236151e+02,1.032045454545454533e+02,1.795662878787878753e+02
7.354082998661310455e+01,1.394444444444444287e+02,1.033409961685823646e+02,1.791724137931034591e+02
7.299493029150822565e+01,1.403675538656527237e+02,1.033409961685823646e+02,1.791724137931034591e+02
7.184635416666665719e+01,1.424596354166666572e+02,1.037953216374268948e+02,1.787212475633528186e+02
7.136005089058524220e+01,1.432430025445292472e+02,nan,nan
7.081781376518217996e+01,1.444588394062078009e+02,1.043434343434343248e+02,1.784464646464646194e+02
7.029914529914529453e+01,1.457051282051282044e+02,1.045313725490196077e+02,1.782352941176470722e+02
6.989972899728996936e+01,1.466084010840108363e+02,nan,nan
6.958933333333332882e+01,1.473666666666666458e+02,nan,nan
6.915662650602409656e+01,1.485033467202141821e+02,1.056329365079365061e+02,1.775515873015872899e+02
6.878300653594770608e+01,1.494823529411764582e+02,1.058589743589743506e+02,1.774102564102564088e+02
6.832147562582345302e+01,1.509934123847167200e+02,1.058995983935742942e+02,1.772269076305220779e+02
6.808933333333332882e+01,1.517426666666666506e+02,1.067345309381237399e+02,1.766247504990019763e+02
6.757676348547717282e+01,1.532959889349930620e+02,nan,nan
6.741863517060366462e+01,1.538451443569553589e+02,1.080279441117764350e+02,1.758742514970059858e+02
6.712840466926070349e+01,1.549273670557716969e+02,1.080279441117764350e+02,1.758742514970059858e+02
6.696933333333332428e+01,1.559919999999999902e+02,1.084678362573099406e+02,1.754873294346978412e+02
6.667071524966260654e+01,1.576329284750337081e+02,1.085489021956087612e+02,1.755349301397205579e+02
6.636734693877551194e+01,1.589523809523809348e+02,1.093634538152610389e+02,1.747048192771084416e+02
6.624278215223095856e+01,1.593884514435695507e+02,1.097151162790697612e+02,1.745387596899224718e+02
6.607782101167315147e+01,1.604565499351491269e+02,1.097999999999999972e+02,1.744588235294117737e+02
6.585317460317460814e+01,1.619285714285714164e+02,1.103369565217391255e+02,1.741123188405796895e+02
6.573333333333333428e+01,1.631646258503401157e+02,1.111469979296066128e+02,1.734368530020703929e+02
6.553981106612684471e+01,1.642375168690957992e+02,nan,nan
6.528442728442728082e+01,1.650205920205920052e+02,nan,nan
6.509153005464480657e+01,1.667500000000000000e+02,1.116502057613168688e+02,1.728930041152263186e+02
6.502656042496680300e+01,1.668658698539176441e+02,1.123431372549019471e+02,1.725411764705882263e+02
6.489903181189488635e+01,1.683333333333333144e+02,1.125456238361266088e+02,1.724320297951582859e+02
6.477732240437158850e+01,1.695532786885245855e+02,1.134776422764227561e+02,1.711504065040650175e+02
6.481300813008130035e+01,1.705772357723577102e+02,1.138805394990366011e+02,1.708111753371868815e+02
6.467741935483870463e+01,1.710712365591397770e+02,1.139785575048732937e+02,1.707387914230019419e+02
6.488603988603988171e+01,1.722891737891737876e+02,1.145757575757575779e+02,1.702545454545454504e+02
6.501449275362317337e+01,1.731739130434782510e+02,1.152117647058823593e+02,1.697705882352941273e+02
6.522134387351778173e+01,1.738313570487483446e+02,1.158882113821138091e+02,1.690711382113821060e+02
6.546933333333332428e+01,1.752666666666666515e+02,1.162282828282828149e+02,1.689535353535353579e+02
6.578095238095237107e+01,1.762163265306122355e+02,1.161896207584830165e+02,1.690079840319361324e+02
6.597991967871486452e+01,1.770763052208835404e+02,nan,nan
6.629284750337382093e+01,1.778340080971659916e+02,1.179211045364891390e+02,1.681025641025640880e+02
6.645538057742781746e+01,1.787020997375327909e+02,nan,nan
6.687179487179486159e+01,1.796788124156545052e+02,1.185761316872427926e+02,1.653374485596707757e+02
6.688979591836734073e+01,1.800380952380952237e+02,1.189050505050504967e+02,1.636060606060605949e+02
6.700527009222660979e+01,1.805849802371541557e+02,1.186234567901234556e+02,1.630020576131687164e+02
6.776016260162602123e+01,1.820040650406504028e+02,1.188991769547324964e+02,1.617489711934156276e+02
6.776912568306009632e+01,1.826311475409836191e+02,1.190082304526748942e+02,1.601296296296296191e+02
6.824561403508771207e+01,1.833549257759783870e+02,1.189856850715746219e+02,1.596871165644171811e+02
6.870384615384615756e+01,1.842243589743589496e+02,1.189776422764227561e+02,1.587479674796747702e+02
6.902904040404040131e+01,1.850782828282828234e+02,1.189341317365269504e+02,1.584331337325349125e+02
6.992287581699345367e+01,1.862771241830065208e+02,1.189246031746031633e+02,1.577142857142857224e+02
7.045698924731182444e+01,1.871962365591397770e+02,1.191150793650793531e+02,1.566865079365079225e+02
7.045512820512820440e+01,1.875756410256410049e+02,1.190584795321637444e+02,1.561578947368421098e+02
7.133741496598638321e+01,1.888748299319727835e+02,1.190473372781065109e+02,1.558284023668639122e+02
7.173015873015873467e+01,1.895304232804232640e+02,1.190368217054263482e+02,1.549108527131782864e+02
7.222222222222221433e+01,1.901352074966532655e+02,1.191098484848484844e+02,1.540757575757575637e+02
7.294037940379404006e+01,1.911436314363143367e+02,nan,nan
7.337239583333332860e+01,1.918307291666666572e+02,nan,nan
7.352123552123552486e+01,1.922123552123552201e+02,nan,nan
7.377355836849507398e+01,1.925049226441631447e+02,1.193946830265848575e+02,1.521820040899795288e+02
7.441792929292928704e+01,1.933989898989898677e+02,nan,nan
7.553968253968254487e+01,1.947063492063492163e+02,nan,nan
7.591015625000000000e+01,1.951315104166666572e+02,1.193209109730848780e+02,1.491552795031055894e+02
7.636015325670497589e+01,1.958582375478927133e+02,nan,nan
7.675166002656041542e+01,1.964913678618857773e+02,1.188571428571428612e+02,1.481809523809523625e+02
7.712143742255265977e+01,1.968959107806691406e+02,1.184779116465863353e+02,1.469357429718875494e+02
7.803212851405622530e+01,1.980093708165996986e+02,1.178972868217054213e+02,1.460193798449612359e+02
7.858498023715415570e+01,1.984084321475625643e+02,1.176472868217054213e+02,1.454166666666666572e+02
7.913008130081300351e+01,1.992601626016260070e+02,1.171485943775100225e+02,1.444979919678714850e+02
7.977777777777777146e+01,1.998201058201058231e+02,1.169623352165724981e+02,1.436440677966101589e+02
8.057048748353095391e+01,2.007417654808959071e+02,nan,nan
8.142140921409213661e+01,2.015420054200541813e+02,nan,nan
8.145784695201037096e+01,2.016511024643320127e+02,1.160202020202020066e+02,1.415575757575757621e+02
8.228515625000000000e+01,2.023932291666666572e+02,1.155813953488372050e+02,1.409457364341085110e+02
8.298671978751659140e+01,2.030172642762283886e+02,nan,nan
8.343478260869565588e+01,2.034901185770750942e+02,1.149733333333333292e+02,1.395428571428571445e+02
8.491083676268860359e+01,2.046666666666666572e+02,nan,nan
8.517453505007152614e+01,2.049771101573676617e+02,nan,nan
8.572199730094466474e+01,2.055290148448043226e+02,1.141802325581395365e+02,1.378817829457364326e+02
8.660680272108842814e+01,2.062013605442176640e+02,1.138322981366459601e+02,1.372380952380952408e+02
8.775582990397803940e+01,2.070425240054869391e+02,1.134767441860465169e+02,1.365038759689922472e+02
8.836249999999999716e+01,2.075083333333333258e+02,1.129585921325051743e+02,1.357267080745341730e+02
8.888154269972451971e+01,2.078842975206611641e+02,1.128778467908902599e+02,1.351200828157349747e+02
8.957046070460704357e+01,2.084227642276422898e+02,1.123996101364522389e+02,1.346549707602339083e+02
9.044308943089430386e+01,2.091300813008130035e+02,1.123888888888888715e+02,1.344865900383141764e+02
9.151775956284151903e+01,2.097896174863387841e+02,1.116529411764705912e+02,1.336039215686274417e+02
9.227380952380951840e+01,2.104232804232804028e+02,1.114058823529411768e+02,1.325431372549019500e+02
9.330158730158730407e+01,2.109616402116402014e+02,1.113493975903614484e+02,1.322751004016064087e+02
9.414187327823691476e+01,2.115316804407713391e+02,1.111913214990137959e+02,1.320414201183431828e+02
9.505128205128204399e+01,2.120931174089068918e+02,1.111913214990137959e+02,1.320414201183431828e+02
9.545607235142118441e+01,2.124677002583979117e+02,1.105903614457831310e+02,1.308232931726907395e+02
9.680107526881720048e+01,2.131559139784946240e+02,nan,nan
9.787966804979252800e+01,2.137233748271092395e+02,1.100772357723577102e+02,1.293841463414634063e+02
9.871428571428570820e+01,2.142571428571428669e+02,1.100952380952380878e+02,1.293188405797101268e+02
9.955333333333332746e+01,2.147546666666666511e+02,nan,nan
1.006639566395663934e+02,2.153685636856368433e+02,1.096511627906976685e+02,1.278875968992247891e+02
1.009866666666666504e+02,2.156440000000000055e+02,1.092761904761904646e+02,1.273257142857142838e+02
1.018542510121457525e+02,2.159851551956815001e+02,1.091539961013645126e+02,1.268128654970760181e+02
1.023620915032679761e+02,2.162745098039215748e+02,1.090444444444444372e+02,1.265454545454545467e+02
1.035066666666666606e+02,2.169506666666666490e+02,1.087804391217564728e+02,1.258043912175648700e+02
1.037430830039525631e+02,2.169894598155467520e+02,1.086782945736433987e+02,1.255465116279069804e+02
1.052356321839080380e+02,2.178333333333333144e+02,1.084202020202020122e+02,1.251656565656565618e+02
1.054266666666666623e+02,2.177013333333333094e+02,1.082327416173569929e+02,1.248165680473372845e+02
1.065275482093663868e+02,2.179903581267217589e+02,1.080545454545454476e+02,1.243393939393939434e+02
1.078567493112947631e+02,2.180358126721762915e+02,1.079306358381502946e+02,1.239845857418111734e+02
1.086931216931216824e+02,2.180013227513227321e+02,1.074058823529411768e+02,1.227627450980392041e+02
1.095999999999999943e+02,2.181291666666666629e+02,1.071697722567287769e+02,1.220517598343685250e+02
1.099687500000000000e+02,2.182005208333333144e+02,1.068882235528942033e+02,1.216227544910179574e+02
1.118571428571428612e+02,2.180868347338935394e+02,1.068565891472868117e+02,1.215426356589147190e+02
1.120919067215363469e+02,2.180219478737997179e+02,1.064951267056530071e+02,1.205867446393762066e+02
1.128787878787878753e+02,2.180527009222661263e+02,1.064387947269303112e+02,1.204350282485875709e+02
1.137098515519568167e+02,2.178812415654520862e+02,1.060081799591002039e+02,1.193190184049079789e+02
1.152273361227336039e+02,2.177266387726638754e+02,1.060342857142857156e+02,1.194228571428571399e+02
1.151729957805907105e+02,2.177454289732770576e+02,1.057865168539325822e+02,1.190187265917602986e+02
1.151066126855600515e+02,2.177840755735492451e+02,1.054414414414414267e+02,1.185459459459459453e+02
1.163061224489795933e+02,2.175591836734693914e+02,1.053947368421052602e+02,1.185701754385964790e+02
1.176194563662374719e+02,2.172131616595135881e+02,1.046745562130177518e+02,1.167633136094674597e+02
1.170069444444444287e+02,2.174597222222222115e+02,1.045984405458089554e+02,1.161832358674463848e+02
1.177874999999999943e+02,2.173222222222221944e+02,1.044876190476190345e+02,1.161085714285714232e+02
1.184617486338797647e+02,2.172554644808743092e+02,1.044636015325670400e+02,1.160498084291187553e+02
1.185857338820301692e+02,2.172825788751714526e+02,1.039488536155202780e+02,1.153968253968253919e+02
1.191212121212121104e+02,2.170757575757575637e+02,1.035458089668615855e+02,1.142709551656920013e+02
1.197424836601307163e+02,2.165568627450980443e+02,1.034438202247191043e+02,1.140655430711610308e+02
1.199088541666666572e+02,2.163059895833333144e+02,1.027551789077212732e+02,1.133559322033898269e+02
1.204126344086021447e+02,2.156424731182795540e+02,1.014541910331383860e+02,1.132105263157894797e+02
1.204967824967824868e+02,2.154839124839124622e+02,9.978957169459961563e+01,1.127560521415269932e+02
1.212086513994910888e+02,2.145814249363867532e+02,9.816190476190475067e+01,1.120590476190476181e+02
1.214706666666666592e+02,2.140120000000000005e+02,9.679356060606059486e+01,1.113068181818181870e+02
1.216945551128818011e+02,2.137649402390438240e+02,9.570155038759688182e+01,1.107073643410852526e+02
1.218971193415637799e+02,2.131975308641975175e+02,9.508429118773945277e+01,1.108486590038314006e+02
1.222562091503267965e+02,2.126091503267973621e+02,9.353100775193797745e+01,1.104224806201550280e+02
1.224146666666666619e+02,2.119013333333333264e+02,9.187450980392156907e+01,1.097352941176470580e+02
1.225625000000000000e+02,2.115481770833333144e+02,9.113443830570901127e+01,1.094769797421730999e+02
1.227971014492753596e+02,2.106047430830039389e+02,9.039259259259259238e+01,1.091277777777777800e+02
1.230592885375494063e+02,2.099196310935441261e+02,8.917153996101363589e+01,1.090077972709551517e+02
1.230439999999999969e+02,2.097733333333333121e+02,8.782222222222222285e+01,1.085851851851851819e+02
1.231994535519125549e+02,2.091980874316939776e+02,8.596934865900382761e+01,1.078467432950191522e+02
1.234842519685039406e+02,2.088044619422572055e+02,8.533727810650887591e+01,1.077771203155818398e+02
1.235833333333333286e+02,2.080119047619047592e+02,8.440392156862745310e+01,1.077450980392156765e+02
1.236821705426356601e+02,2.076369509043927337e+02,8.321212121212121815e+01,1.076262626262626156e+02
1.238206157965194052e+02,2.070227576974564840e+02,8.198627450980391984e+01,1.073529411764705941e+02
1.239881422924901244e+02,2.060237154150197512e+02,8.100000000000000000e+01,1.070958083832335319e+02
1.241571038251366019e+02,2.058415300546447781e+02,8.003455284552845228e+01,1.068231707317073216e+02
1.243056708160442554e+02,2.051023513139695638e+02,7.902107279693485964e+01,1.064770114942528778e+02
1.245030303030302861e+02,2.037181818181818187e+02,7.797575757575756938e+01,1.064868686868686751e+02
1.244468704512372597e+02,2.035050946142649195e+02,7.760736196319018632e+01,1.064376278118609349e+02
1.245089285714285694e+02,2.031979166666666572e+02,7.716666666666667140e+01,1.061647509578543946e+02
1.245255255255255094e+02,2.023243243243243228e+02,7.658674463937620658e+01,1.057738791423001885e+02
1.248532763532763425e+02,2.017450142450142323e+02,7.596739130434782794e+01,1.055742753623188293e+02
1.248196078431372484e+02,2.018457516339869073e+02,7.531406551059730248e+01,1.054701348747591396e+02
1.249879518072289102e+02,2.007336010709504706e+02,7.456274509803921546e+01,1.050999999999999943e+02
1.250203252032520282e+02,1.999322493224931918e+02,7.407539682539682246e+01,1.046408730158729981e+02
1.251341145833333286e+02,1.997382812500000000e+02,7.417948717948716819e+01,1.045167652859960441e+02
1.253110181311018039e+02,1.993584379358437957e+02,7.379959100204497702e+01,1.043251533742331247e+02
1.254291666666666600e+02,1.985583333333333371e+02,7.395582329317268488e+01,1.044136546184738847e+02
1.254116059379217205e+02,1.976261808367071353e+02,7.314877589453860196e+01,1.038154425612052592e+02
1.253026666666666529e+02,1.967893333333333032e+02,nan,nan
1.253601532567049759e+02,1.967381864623243928e+02,7.175619047619046853e+01,1.036419047619047547e+02
1.252994791666666572e+02,1.965598958333333144e+02,7.173946360153256308e+01,1.036590038314176070e+02
1.252260536398467394e+02,1.950332056194125130e+02,7.081992337164750495e+01,1.035210727969348454e+02
1.249232804232804170e+02,1.937552910052909851e+02,7.050289017341040676e+01,1.034797687861271669e+02
1.248031496062992147e+02,1.929238845144356844e+02,6.995296523517382070e+01,1.035092024539877258e+02
1.247820512820512704e+02,1.924974358974358779e+02,6.975609756097560421e+01,1.035772357723577102e+02
1.247299741602067087e+02,1.917609819121446719e+02,6.946317829457363757e+01,1.034224806201550280e+02
1.244025641025640994e+02,1.910320512820512704e+02,6.866666666666665719e+01,1.032443064182194519e+02
1.241712062256809332e+02,1.903268482490272504e+02,6.844952380952381077e+01,1.034247619047618940e+02
1.240373230373230342e+02,1.893050193050193002e+02,6.780331262939958492e+01,1.032070393374741144e+02
1.235862516212710602e+02,1.885499351491569087e+02,6.743699186991869965e+01,1.033455284552845370e+02
1.235685534591194852e+02,1.880578616352201209e+02,6.696101364522417043e+01,1.032183235867446314e+02
1.233556381660470720e+02,1.875873605947955411e+02,6.696101364522417043e+01,1.032183235867446314e+02
1.231979565772669076e+02,1.870051085568326812e+02,6.575100401606425748e+01,1.030883534136546018e+02
1.227575757575757507e+02,1.861540404040403871e+02,6.598823529411764355e+01,1.031039215686274417e+02
1.225858208955223887e+02,1.854850746268656678e+02,6.605522682445759131e+01,1.032623274161735623e+02
1.224061302681992345e+02,1.850868454661558076e+02,6.605522682445759131e+01,1.032623274161735623e+02
1.216740740740740705e+02,1.839222222222222172e+02,6.605522682445759131e+01,1.032623274161735623e+02
1.214219725343320704e+02,1.833707865168539399e+02,6.583333333333332860e+01,1.031742424242424079e+02
1.206732026143790790e+02,1.824862745098039341e+02,6.563619047619046398e+01,1.030342857142857156e+02
1.206628930817609984e+02,1.822176100628930726e+02,6.563198458574180449e+01,1.029364161849710939e+02
1.204027261462205587e+02,1.818228004956629320e+02,6.563198458574180449e+01,1.029364161849710939e+02
1.195563816604708762e+02,1.814237918215613377e+02,6.549900199600797635e+01,1.028463073852295366e+02
1.190910256410256380e+02,1.808833333333333258e+02,6.549900199600797635e+01,1.028463073852295366e+02
1.181208651399491032e+02,1.801755725190839712e+02,6.535686274509804150e+01,1.026019607843137180e+02
1.180280970625798176e+02,1.799936143039591059e+02,6.529191321499013156e+01,1.025384615384615330e+02
1.173552123552123589e+02,1.794864864864864842e+02,6.548449612403099707e+01,1.026550387596899014e+02
1.164479166666666572e+02,1.790833333333333144e+02,6.540421455938697193e+01,1.026130268199233626e+02
1.160241730279898178e+02,1.788816793893129784e+02,6.540421455938697193e+01,1.026130268199233626e+02
1.151176470588235361e+02,1.785555555555555429e+02,6.554774774774773505e+01,1.021369369369369338e+02
1.147989821882951560e+02,1.783066157760814008e+02,6.561302681992336261e+01,1.020172413793103487e+02
1.142244355909694491e+02,1.780119521912350535e+02,6.558429118773946698e+01,1.020000000000000000e+02
1.131899070385126009e+02,1.775750332005311805e+02,6.561302681992336261e+01,1.019885057471264389e+02
1.133860342555994691e+02,1.775665349143609717e+02,6.552713178294573027e+01,1.019244186046511658e+02
1.119103078982597026e+02,1.771432396251673254e+02,6.611247443762781018e+01,1.014069529652351633e+02
1.116415343915343783e+02,1.771137566137566068e+02,6.657012750455372441e+01,1.015865209471766804e+02
1.110110192837465490e+02,1.769696969696969688e+02,6.657012750455372441e+01,1.015865209471766804e+02
1.103847222222222229e+02,1.766263888888888687e+02,6.642613636363635976e+01,1.012708333333333144e+02
1.105287817938420289e+02,1.766385542168674760e+02,6.648761904761903452e+01,1.010933333333333195e+02
1.095654520917678667e+02,1.764156545209176556e+02,6.713043478260870245e+01,1.010471014492753454e+02
1.086243386243386198e+02,1.763108465608465281e+02,6.742882882882882711e+01,1.009783783783783804e+02
1.080901287553648018e+02,1.763075822603719587e+02,6.743126177024481649e+01,1.010715630885122209e+02
1.079051490514905112e+02,1.762493224932249234e+02,6.753448275862068328e+01,1.010862068965517295e+02
1.070750988142292499e+02,1.762806324110671881e+02,6.746551724137931672e+01,1.007337164750957754e+02
1.064672245467224485e+02,1.763124128312412608e+02,6.788825757575756370e+01,1.006837121212121104e+02
1.055436337625178709e+02,1.765422031473533480e+02,6.806227106227105139e+01,1.006355311355311244e+02
1.047800829875518644e+02,1.767814661134163146e+02,6.832022471910111960e+01,1.006947565543071050e+02
1.041413333333333355e+02,1.767959999999999923e+02,6.832022471910111960e+01,1.006947565543071050e+02
1.035795918367346928e+02,1.769945578231292416e+02,6.833333333333332860e+01,1.008524590163934391e+02
1.021246612466124617e+02,1.774837398373983604e+02,6.832246376811593791e+01,1.009112318840579547e+02
1.020688259109311673e+02,1.773643724696356401e+02,6.818857142857142151e+01,1.009752380952380832e+02
1.015262467191600990e+02,1.777900262467191510e+02,6.794211576846306855e+01,1.010079840319361182e+02
1.009893758300132731e+02,1.777901726427622577e+02,6.769923371647509214e+01,1.009770114942528778e+02
9.994208494208494642e+01,1.783359073359073363e+02,6.769923371647509214e+01,1.009770114942528778e+02
9.888614540466392100e+01,1.786803840877914809e+02,6.816470588235294770e+01,1.010803921568627288e+02
9.883539094650205925e+01,1.787297668038408460e+02,6.854237288135593076e+01,1.011864406779661039e+02
9.769017980636238008e+01,1.791798063623789687e+02,6.858100558659218393e+01,1.011787709497206720e+02
9.761466666666665049e+01,1.793160000000000025e+02,6.812607944732296517e+01,1.012556131260794388e+02
9.645917001338688124e+01,1.799330655957161866e+02,6.831578947368420529e+01,1.013368421052631589e+02
9.610836762688613533e+01,1.800493827160493936e+02,6.772471910112359694e+01,1.010374531835205829e+02
9.563685636856367012e+01,1.801490514905148927e+02,6.791758241758242320e+01,1.011025641025640880e+02
9.483264746227708031e+01,1.805692729766803666e+02,6.775274725274725540e+01,1.007912087912087884e+02
9.460666666666665492e+01,1.808986666666666565e+02,6.809551656920076823e+01,1.007738791423001885e+02
9.395000000000000284e+01,1.812064102564102370e+02,6.845951035781543226e+01,1.006064030131826712e+02
9.272789115646257585e+01,1.818789115646258381e+02,6.908058608058607319e+01,1.004688644688644672e+02
9.237768817204299410e+01,1.821559139784946240e+02,7.030443159922928942e+01,9.987283236994220204e+01
9.217804551539491342e+01,1.821900937081659890e+02,7.172289156626506212e+01,9.941365461847388474e+01
9.183263009845288138e+01,1.824163150492264265e+02,7.299813780260707574e+01,9.862011173184357915e+01
9.145928753180660919e+01,1.827773536895674340e+02,7.397311827956988850e+01,9.831899641577059867e+01
9.077150537634408067e+01,1.833252688172042895e+02,7.484901960784313246e+01,9.749215686274507675e+01
9.005952380952381020e+01,1.843134920634920775e+02,7.557115009746588896e+01,9.702339181286549774e+01
8.988636363636364024e+01,1.844962121212121247e+02,nan,nan
8.933068783068782182e+01,1.853148148148148096e+02,7.663949275362318758e+01,9.638768115942028203e+01
8.881360544217686481e+01,1.861877551020408248e+02,7.726589595375722297e+01,9.561849710982659190e+01
8.860416666666667140e+01,1.863638888888888800e+02,7.749180327868852203e+01,9.562841530054645034e+01
8.822526041666665719e+01,1.869166666666666572e+02,7.784881602914389020e+01,9.505828779599269751e+01
8.798443579766536971e+01,1.872191958495460256e+02,7.829960317460316332e+01,9.453373015873015106e+01
8.749316939890709932e+01,1.884480874316939776e+02,7.890101010101010104e+01,9.421818181818181870e+01
8.709543568464729901e+01,1.890539419087136821e+02,7.910857142857142321e+01,9.359999999999999432e+01
8.688492063492063266e+01,1.899708994708994680e+02,7.950470809792842886e+01,9.269491525423728717e+01
8.647755102040815700e+01,1.906299319727891088e+02,7.974217311233884686e+01,9.244751381215469621e+01
8.618106995884774335e+01,1.914293552812071084e+02,8.011050724637679821e+01,9.217753623188404788e+01
8.606808510638298060e+01,1.914524822695035198e+02,8.016117216117216060e+01,9.206959706959705159e+01
8.592468619246861294e+01,1.921478382147838033e+02,8.098003992015968322e+01,9.074650698602793852e+01
8.522081575246131990e+01,1.936891701828410532e+02,8.132553606237816268e+01,9.028654970760233311e+01
8.503068340306833761e+01,1.945369595536959366e+02,8.156007751937983130e+01,8.992054263565890437e+01
8.475238095238094616e+01,1.953238095238095013e+02,8.163905325443786865e+01,8.971005917159763499e+01
8.465406162464985584e+01,1.952773109243697434e+02,8.249152542372881669e+01,8.867796610169492055e+01
8.467088607594936889e+01,1.969170182841068595e+02,8.400387596899224718e+01,8.831201550387596910e+01
8.458921161825726642e+01,1.973291839557399499e+02,8.567269076305220210e+01,8.762248995983935629e+01
8.463790849673200967e+01,1.985973856209150199e+02,8.713060428849901484e+01,8.699415204678362556e+01
8.492997198879551490e+01,2.000154061624649842e+02,8.817964071856287944e+01,8.662674650698602363e+01
8.507745504840939077e+01,2.005573997233748003e+02,8.905882352941176805e+01,8.641372549019607163e+01
8.534710743801652200e+01,2.015895316804407571e+02,8.978268876611417681e+01,8.640515653775321425e+01
8.514435695538057303e+01,2.017388451443569579e+02,9.127238095238094218e+01,8.594095238095238187e+01
8.566803840877913956e+01,2.031399176954732582e+02,9.182600732600731419e+01,8.580219780219779580e+01
8.573167358229598278e+01,2.036320885200553050e+02,9.301296296296295907e+01,8.558703703703703525e+01
8.609716599190282693e+01,2.044628879892037503e+02,9.303898635477582957e+01,8.556335282651070884e+01
8.682758620689655515e+01,2.061063218390804366e+02,9.430857142857142605e+01,8.514476190476189288e+01
8.710096818810511365e+01,2.068049792531120374e+02,9.523353293413173049e+01,8.473453093812375414e+01
8.749367088607594667e+01,2.075710267229254384e+02,9.565483234714002947e+01,8.473175542406310967e+01
8.770432357043235072e+01,2.083556485355648533e+02,9.640116279069766847e+01,8.457945736434108142e+01
8.792607526881720048e+01,2.088077956989247070e+02,9.726628352490421037e+01,8.413218390804597391e+01
8.840885416666665719e+01,2.097734375000000000e+02,9.777094972067038725e+01,8.387337057728117884e+01
8.871599999999999397e+01,2.103973333333333073e+02,9.848940269749516574e+01,8.334104046242774189e+01
8.925763612217794218e+01,2.114236387782204361e+02,9.947378277153556780e+01,8.280337078651685090e+01
8.960606060606059486e+01,2.120342555994729707e+02,9.976685934489401575e+01,8.272447013487474976e+01
9.036979166666665719e+01,2.129960937500000000e+02,1.003612662942271783e+02,8.217504655493480925e+01
9.020492866407262511e+01,2.130713359273670449e+02,1.012708333333333144e+02,8.092424242424242209e+01
9.086779184247536989e+01,2.140829817158931121e+02,1.018571428571428612e+02,8.025198412698412653e+01
9.136885245901639507e+01,2.147336065573770441e+02,1.028554913294797757e+02,7.943930635838150067e+01
9.131550068587104363e+01,2.148875171467763892e+02,1.038888888888888857e+02,7.885769980506822208e+01
9.174550484094051228e+01,2.156915629322268160e+02,1.043780260707634824e+02,7.857169459962754843e+01
9.224169986719786607e+01,2.162443559096945478e+02,1.052277777777777743e+02,7.798703703703702672e+01
9.262037037037036669e+01,2.166468253968253919e+02,1.061972386587771098e+02,7.706114398422090517e+01
9.308401084010839099e+01,2.172777777777777715e+02,1.065833333333333286e+02,7.693253968253968367e+01
9.340533333333333132e+01,2.177026666666666586e+02,1.070525362318840479e+02,7.663405797101448513e+01
9.350132275132274629e+01,2.179682539682539755e+02,1.072410546139359582e+02,7.641807909604520432e+01
9.413411458333332860e+01,2.187057291666666572e+02,1.081454880294659233e+02,7.598895027624308796e+01
9.510541310541309201e+01,2.199045584045584008e+02,1.089441117764470874e+02,7.538922155688622695e+01
9.572628726287261713e+01,2.204268292682926926e+02,1.093524904214559257e+02,7.504022988505747094e+01
9.616344916344915816e+01,2.206473616473616346e+02,1.097771639042357208e+02,7.473480662983425304e+01
9.638952745849296377e+01,2.210306513409961724e+02,1.104674329501915651e+02,7.457471264367815422e+01
9.694358974358974024e+01,2.218371794871794691e+02,1.114109848484848442e+02,7.470833333333332860e+01
9.791866666666665253e+01,2.225053333333333114e+02,1.117435897435897232e+02,7.484812623274160615e+01
9.852692307692308304e+01,2.230807692307692207e+02,1.126845238095238102e+02,7.478373015873015106e+01
9.944575163398691586e+01,2.238862745098039113e+02,1.131636363636363569e+02,7.475959595959595561e+01
1.006065573770491852e+02,2.247117486338797789e+02,1.143177387914229968e+02,7.447563352826510652e+01
1.008862433862433789e+02,2.249920634920634939e+02,1.152337164750957754e+02,7.475862068965517437e+01
1.012689832689832627e+02,2.254684684684684441e+02,nan,nan
1.024872824631860766e+02,2.262918340026773762e+02,1.175325203252032509e+02,7.470731707317072789e+01
1.032522875816993349e+02,2.268483660130718818e+02,nan,nan
1.040765239948119216e+02,2.274747081712062311e+02,nan,nan
1.045903307888040672e+02,2.279554707379134584e+02,1.204738955823293054e+02,7.500602409638554491e+01
1.057944664031620619e+02,2.287193675889328119e+02,1.227264492753622989e+02,7.561231884057970376e+01
1.066746987951807171e+02,2.292409638554216826e+02,1.247182320441988992e+02,7.587108655616943054e+01
1.072611548556430421e+02,2.296640419947506473e+02,1.266232741617356936e+02,7.622090729783036522e+01
1.087454068241469827e+02,2.306561679790026176e+02,1.292307692307692264e+02,7.699211045364890538e+01
1.093359580052493385e+02,2.310879265091863317e+02,1.311508379888268223e+02,7.751955307262569761e+01
1.099959349593495972e+02,2.313252032520325088e+02,1.329843137254901819e+02,7.789019607843135873e+01
1.107619047619047592e+02,2.318730158730158735e+02,1.344855491329479662e+02,7.808092485549133244e+01
1.114448979591836775e+02,2.322503401360544046e+02,1.359215686274509665e+02,7.827450980392156055e+01
1.123279569892473120e+02,2.330120967741935374e+02,1.368612716763005892e+02,7.821965317919075744e+01
1.130190476190476119e+02,2.333836734693877588e+02,1.376053169734151140e+02,7.834355828220859053e+01
1.134736842105263150e+02,2.337827260458839191e+02,1.379751552795030989e+02,7.818219461697721329e+01
1.140193050193050226e+02,2.343397683397683409e+02,1.386810699588477291e+02,7.819341563786007043e+01
1.143758043758043641e+02,2.344671814671814616e+02,1.387864271457085863e+02,7.821157684630738061e+01
1.152690288713910718e+02,2.350892388451443367e+02,nan,nan
1.161489071038251382e+02,2.355928961748633697e+02,1.397287784679088816e+02,7.832298136645962927e+01
1.168838174273858925e+02,2.360899031811894702e+02,1.407181069958847672e+02,7.828600823045266566e+01
1.176693227091633531e+02,2.365551128818060818e+02,1.418814814814814724e+02,7.800000000000000000e+01
1.180810810810810807e+02,2.368120978120977895e+02,1.418169556840076950e+02,7.818882466281310428e+01
1.189466666666666583e+02,2.371560000000000059e+02,1.429325396825396695e+02,7.814285714285713880e+01
1.200753138075313871e+02,2.376973500697349948e+02,1.437945736434108426e+02,7.811821705426355322e+01
1.204903581267217589e+02,2.379090909090909065e+02,1.440747474747474541e+02,7.813737373737373559e+01
1.218143631436314251e+02,2.382642276422764098e+02,1.449689922480619941e+02,7.806976744186046346e+01
1.223559999999999945e+02,2.385920000000000130e+02,1.454925925925925867e+02,7.812222222222222001e+01
1.225804375804375752e+02,2.387606177606177482e+02,1.467290448343079845e+02,7.810916179337232279e+01
1.238734693877551081e+02,2.390802721088435305e+02,1.474601226993865168e+02,7.822494887525562035e+01
1.247691197691197544e+02,2.392770562770562890e+02,nan,nan
1.254025423728813564e+02,2.394067796610169410e+02,nan,nan
1.259291338582677184e+02,2.398398950131233391e+02,nan,nan
1.266218487394958032e+02,2.399145658263305165e+02,1.509674796747967207e+02,7.846138211382113070e+01
1.284005722460657921e+02,2.401058655221745255e+02,1.515204678362572963e+02,7.855555555555555713e+01
1.284005486968449929e+02,2.401906721536350915e+02,1.521230158730158450e+02,7.853174603174602453e+01
1.299845288326301045e+02,2.403614627285513166e+02,1.530727969348658917e+02,7.863409961685823646e+01
1.313375886524822533e+02,2.403460992907801312e+02,1.539317269076305195e+02,7.899196787148594012e+01
1.314254992319508517e+02,2.406682027649769680e+02,1.549678714859437605e+02,7.919678714859436752e+01
1.319829059829059759e+02,2.408119658119658197e+02,1.558982035928143830e+02,7.941916167664670922e+01
1.335614035087719174e+02,2.408289473684210407e+02,1.564098360655737565e+02,7.950273224043715459e+01
1.332927170868347275e+02,2.410182072829131528e+02,1.578757062146892736e+02,7.958003766478341845e+01
1.341440677966101589e+02,2.410988700564971623e+02,1.586344696969696884e+02,7.957196969696968836e+01
1.347874818049490386e+02,2.410815138282387124e+02,1.597085714285714175e+02,7.988190476190474953e+01
1.353216885007277881e+02,2.410960698689956416e+02,1.607668711656441758e+02,8.026584867075663965e+01
1.363534482758620641e+02,2.411551724137931103e+02,1.618698224852070950e+02,8.047731755424062783e+01
1.367359307359307365e+02,2.412005772005771860e+02,1.631587301587301511e+02,8.061507936507935312e+01
1.370982019363761992e+02,2.412323651452282149e+02,1.632690763052208638e+02,8.061646586345381138e+01
1.375646258503401214e+02,2.411455782312925180e+02,1.643113553113552996e+02,8.114285714285713880e+01
1.379908136482939653e+02,2.410249343832020941e+02,1.649676190476190527e+02,8.150095238095238415e+01
1.382231182795698601e+02,2.409529569892472978e+02,1.663728813559322077e+02,8.185122410546138383e+01
1.387690288713910434e+02,2.408438320209973540e+02,1.668980392156862536e+02,8.206078431372547755e+01
1.390766283524904168e+02,2.409527458492975711e+02,1.671828571428571308e+02,8.211428571428571388e+01
1.397509433962264040e+02,2.405584905660377331e+02,1.685688622754491064e+02,8.267465069860278959e+01
1.404393939393939092e+02,2.403939393939393767e+02,1.688888888888888857e+02,8.291954022988505812e+01
1.410433070866141634e+02,2.399711286089238627e+02,1.703333333333333144e+02,8.342740286298568719e+01
1.414961832061068776e+02,2.398842239185750600e+02,1.713089430894308691e+02,8.345934959349592930e+01
1.422454780361756832e+02,2.394173126614986984e+02,1.722372881355932179e+02,8.369114877589453272e+01
1.429679999999999893e+02,2.390240000000000009e+02,1.732105263157894797e+02,8.374658869395710781e+01
1.434689922480620226e+02,2.387635658914728651e+02,1.745561694290975936e+02,8.406261510128912562e+01
1.439561042524005359e+02,2.382716049382715937e+02,1.762369477911646527e+02,8.444176706827308010e+01
1.443008130081300919e+02,2.378821138211382049e+02,1.767015503875968818e+02,8.442635658914727514e+01
1.441183206106870216e+02,2.380699745547073576e+02,1.779700598802395177e+02,8.446706586826347518e+01
1.443642213642213505e+02,2.377696267696267398e+02,1.790401606425702710e+02,8.447389558232931961e+01
1.446300505050504910e+02,2.374381313131312936e+02,1.802100192678227302e+02,8.469942196531792433e+01
1.451848852901484292e+02,2.364979757085020253e+02,1.811731843575419134e+02,8.479702048417131266e+01
1.452131782945736518e+02,2.366537467700258333e+02,1.824386973180076552e+02,8.467241379310344485e+01
1.453182389937106791e+02,2.365094339622641542e+02,1.832892720306513468e+02,8.463793103448276156e+01
1.457599451303154865e+02,2.354609053497942455e+02,1.844296296296296021e+02,8.472592592592592098e+01
1.458044077134986196e+02,2.353774104683195389e+02,1.859242424242424079e+02,8.481628787878787534e+01
1.459116465863453698e+02,2.344645247657295783e+02,1.869399585921324842e+02,8.462732919254658270e+01
1.459986282578875034e+02,2.339533607681755711e+02,1.887341040462427770e+02,8.443930635838150067e+01
1.461451612903225907e+02,2.336411290322580783e+02,1.902265917602995842e+02,8.444756554307116403e+01
1.460310077519379774e+02,2.331447028423772281e+02,1.916925925925925753e+02,8.438148148148147243e+01
1.460776942355889503e+02,2.330551378446115223e+02,1.933371647509578395e+02,8.416666666666667140e+01
1.458928571428571388e+02,2.323068783068782750e+02,1.945107212475633105e+02,8.384990253411305616e+01
1.460012970168612014e+02,2.319416342412451399e+02,1.967818930041152043e+02,8.376337448559669951e+01
1.459229747675962585e+02,2.313505976095617598e+02,1.980295857988165551e+02,8.386193293885601463e+01
1.459009009009008935e+02,2.311389961389961343e+02,1.994497991967871258e+02,8.372891566265060703e+01
1.457105263157894797e+02,2.305802005012531026e+02,2.010499001996007564e+02,8.383233532934131915e+01
1.451960784313725412e+02,2.294849673202614326e+02,2.022730923694778937e+02,8.358232931726907111e+01
1.449418604651162923e+02,2.286950904392764699e+02,2.038126232741616946e+02,8.354043392504929955e+01
1.445136612021857729e+02,2.276939890710382315e+02,2.046551059730250302e+02,8.351637764932561936e+01
1.444265091863516943e+02,2.274304461942257092e+02,2.058162878787878753e+02,8.344128787878787534e+01
1.441044973544973402e+02,2.267552910052909851e+02,2.070450980392156737e+02,8.335882352941176521e+01
1.434799999999999898e+02,2.254946666666666601e+02,2.081637426900584842e+02,8.300389863547758296e+01
1.432121212121211897e+02,2.249617918313570328e+02,2.095696969696969632e+02,8.279393939393939661e+01
1.427644110275689115e+02,2.242882205513784299e+02,nan,nan
1.423959131545338153e+02,2.235261813537675550e+02,2.112280701754386030e+02,8.251461988304093609e+01
1.419340937896070898e+02,2.227237008871989588e+02,2.115662878787878753e+02,8.235037878787878185e+01
1.413526383526383370e+02,2.215842985842985797e+02,2.128901515151515014e+02,8.189015151515151558e+01
1.409592875318066092e+02,2.209262086513994916e+02,2.138471454880294402e+02,8.182872928176796279e+01
1.404775132275132137e+02,2.201600529100528831e+02,2.152080808080807799e+02,8.160404040404040416e+01
1.400658914728682305e+02,2.193359173126614792e+02,2.162323232323232105e+02,8.155757575757576205e+01
1.394856770833333144e+02,2.184114583333333144e+02,2.163049242424242209e+02,8.134090909090909349e+01
1.386640316205533736e+02,2.172094861660079061e+02,2.177015503875968818e+02,8.100387596899224718e+01
1.382642762284196465e+02,2.162815405046480635e+02,2.188826815642458143e+02,8.071694599627559796e+01
1.377463479415670520e+02,2.154754316069056870e+02,2.192399267399267160e+02,8.087179487179486159e+01
1.372619047619047592e+02,2.147738095238095184e+02,2.195897435897435628e+02,8.086080586080585419e+01
1.364626666666666495e+02,2.135213333333333026e+02,2.213028455284552649e+02,8.054674796747967491e+01
1.355603674540682277e+02,2.124383202099737389e+02,2.220691056910568761e+02,8.010975609756097526e+01
1.352201017811704844e+02,2.118829516539439908e+02,2.230039215686274474e+02,8.002156862745097499e+01
1.344707379134859764e+02,2.110597964376590312e+02,2.234037037037036839e+02,7.993703703703702956e+01
1.337503168567807279e+02,2.102268694550063231e+02,2.242711864406779796e+02,7.946516007532956394e+01
1.325960784313725469e+02,2.092130718954248039e+02,2.245484496124030613e+02,7.942829457364341295e+01
1.318596491228070136e+02,2.084586466165413583e+02,2.250179640718562837e+02,7.926347305389221276e+01
1.312454068241469542e+02,2.077152230971128404e+02,2.254862745098039056e+02,7.903529411764705515e+01
1.304531250000000000e+02,2.070377604166666572e+02,2.256532567049808335e+02,7.895977011494252906e+01
1.296553459119496665e+02,2.063396226415094361e+02,2.263196078431372200e+02,7.858627450980391416e+01
1.284263565891472751e+02,2.053087855297157489e+02,2.263196078431372200e+02,7.858627450980391416e+01
1.270326797385620807e+02,2.043006535947712337e+02,2.278683127572016360e+02,7.814609053497942170e+01
1.267338603425559853e+02,2.039459815546771893e+02,2.281843137254901706e+02,7.809803921568627061e+01
1.255850066934404197e+02,2.030696117804551477e+02,2.284578544061302523e+02,7.801532567049808620e+01
1.249843750000000000e+02,2.024687500000000000e+02,2.289212121212121076e+02,7.786868686868686495e+01
1.240185185185185048e+02,2.017473544973544790e+02,2.295895953757225527e+02,7.774373795761079009e+01
1.232099737532808348e+02,2.011614173228346374e+02,nan,nan
1.225310077519379774e+02,2.006395348837209269e+02,2.309835390946501832e+02,7.731069958847736245e+01
1.223101673101673015e+02,2.002715572715572421e+02,2.314686274509803638e+02,7.702941176470588402e+01
1.217593984962406068e+02,1.999097744360902311e+02,2.321405622489959626e+02,7.688353413654617441e+01
1.204539559014267098e+02,1.989935149156938792e+02,2.327698412698412369e+02,7.690476190476189799e+01
1.196278447121820534e+02,1.982637215528781667e+02,nan,nan
1.190390625000000000e+02,1.976835937500000000e+02,nan,nan
1.185887611749680559e+02,1.973346104725414989e+02,2.344711934156378277e+02,7.628395061728394921e+01
1.184102564102563946e+02,1.970269230769230830e+02,2.347148594377509880e+02,7.633734939759035854e+01
1.175733830845771024e+02,1.964465174129353215e+02,2.348253968253968083e+02,7.626984126984126533e+01
1.167539062500000000e+02,1.958125000000000000e+02,2.352601626016260070e+02,7.623170731707317316e+01
1.165069708491761702e+02,1.956755386565272374e+02,2.361515151515151558e+02,7.634949494949493953e+01
1.153009446693657196e+02,1.945937921727395405e+02,nan,nan
1.149502487562188975e+02,1.943407960199004663e+02,2.369748062015503649e+02,7.624612403100773861e+01
1.141732804232804170e+02,1.937235449735449606e+02,2.369748062015503649e+02,7.624612403100773861e+01
1.128656527249682995e+02,1.928871989860582801e+02,2.369469696969696884e+02,7.589015151515151558e+01
1.123599999999999994e+02,1.924639999999999986e+02,2.375248618784530379e+02,7.593001841620625214e+01
1.118018018018017870e+02,1.920218790218790161e+02,2.375243445692883597e+02,7.592509363295879155e+01
1.111015625000000000e+02,1.914375000000000000e+02,2.380941176470588232e+02,7.559803921568627061e+01
1.105099601593625493e+02,1.910491367861885692e+02,2.381666666666666572e+02,7.561111111111111427e+01
1.094948717948717842e+02,1.904551282051281760e+02,2.383948412698412369e+02,7.525992063492063266e+01
1.091094147582697076e+02,1.900547073791348396e+02,2.382685714285714198e+02,7.505523809523809575e+01
1.085773584905660414e+02,1.897283018867924511e+02,2.382128060263653424e+02,7.417137476459510026e+01
1.081590330788803982e+02,1.894058524173027820e+02,2.382028218694885027e+02,7.319753086419751753e+01
1.074838308457711378e+02,1.890945273631840564e+02,2.380967741935483843e+02,7.255734767025089127e+01
1.065459317585301733e+02,1.882493438320209691e+02,2.384853801169590781e+02,7.167836257309942027e+01
1.060307898259705439e+02,1.878206157965194052e+02,2.387508960573476600e+02,7.101971326164874654e+01
1.057301587301587347e+02,1.877539682539682531e+02,2.391247443762781018e+02,7.016359918200409140e+01
1.049276485788113717e+02,1.873049095607235017e+02,2.392933333333332939e+02,6.957523809523809177e+01
1.044307116104868953e+02,1.870299625468164777e+02,2.396554307116104781e+02,6.850749063670411942e+01
1.026748971193415656e+02,1.859176954732510296e+02,2.396666666666666572e+02,6.808771929824561653e+01
1.027294281729428178e+02,1.858730822873082218e+02,2.402306201550387357e+02,6.710658914728681168e+01
1.024229249011857661e+02,1.856113306982872189e+02,2.404566473988439270e+02,6.651445086705201959e+01
1.015107731305449903e+02,1.850215462610899806e+02,2.411156069364161851e+02,6.512138728323699866e+01
1.014677002583979259e+02,1.850012919896640540e+02,2.411488095238095184e+02,6.494047619047618980e+01
1.002375328083989388e+02,1.843530183727033886e+02,2.421757575757575864e+02,6.325252525252524549e+01
9.940813648293962501e+01,1.837847769028871312e+02,2.423617424242424079e+02,6.283143939393938382e+01
9.929201101928373419e+01,1.835867768595041412e+02,2.427047101449275317e+02,6.206521739130435122e+01
9.867312661498706916e+01,1.831563307493539980e+02,2.429592592592592553e+02,6.136296296296295338e+01
9.799338624338624015e+01,1.827314814814814667e+02,2.434666666666666401e+02,6.040380952380952095e+01
9.684860557768924139e+01,1.820584329349269410e+02,2.446230158730158450e+02,5.913888888888887863e+01
9.631199999999999761e+01,1.818000000000000114e+02,2.448635477582845965e+02,5.888109161793371982e+01
9.553464052287581865e+01,1.812418300653594656e+02,2.448689138576778817e+02,5.866853932584269415e+01
9.481395348837209269e+01,1.808074935400516665e+02,2.457783882783882632e+02,5.743589743589743080e+01
9.449615384615384528e+01,1.806384615384615415e+02,2.460392156862744741e+02,5.697860962566844734e+01
9.334933333333333394e+01,1.799079999999999870e+02,2.469185606060605949e+02,5.626893939393938382e+01
9.281084656084655649e+01,1.792751322751322505e+02,2.472734082397003590e+02,5.588576779026217167e+01
9.244310575635876148e+01,1.792222222222222001e+02,2.474569892473118387e+02,5.559856630824371848e+01
9.182031250000000000e+01,1.787083333333333144e+02,2.477978723404255277e+02,5.513652482269502997e+01
9.106507304116865953e+01,1.782363877822045026e+02,2.477978723404255277e+02,5.513652482269502997e+01
9.011895424836600910e+01,1.775555555555555429e+02,2.490655105973024774e+02,5.415028901734103783e+01
8.986666666666666003e+01,1.776487179487179446e+02,2.497602996254681500e+02,5.379588014981273147e+01
8.911197916666665719e+01,1.769882812500000000e+02,2.498967391304347814e+02,5.365579710144927361e+01
8.868461538461538396e+01,1.767269230769230717e+02,2.503882575757575353e+02,5.328787878787878185e+01
8.768352788586250313e+01,1.760946822308689832e+02,2.510035273368606568e+02,5.284832451499117667e+01
8.691906721536351199e+01,1.753593964334704935e+02,2.519722222222222285e+02,5.226666666666666572e+01
8.623999999999999488e+01,1.750480000000000018e+02,2.530852713178294380e+02,5.267829457364340584e+01
8.575378787878787534e+01,1.748371212121212182e+02,2.540666666666666629e+02,5.386464646464646222e+01
8.505956907477819584e+01,1.742154626108998627e+02,2.555144508670520338e+02,5.470520231213873075e+01
8.402956989247311981e+01,1.734126344086021447e+02,2.568007448789571185e+02,5.537988826815642796e+01
8.346610169491525255e+01,1.728940677966101589e+02,2.581197604790419291e+02,5.591616766467065958e+01
8.306589147286821628e+01,1.724470284237725934e+02,2.591945945945946050e+02,5.633873873873873350e+01
8.243114543114542414e+01,1.716409266409266365e+02,2.602834224598930746e+02,5.678966131907308323e+01
8.210928961748632560e+01,1.708592896174863256e+02,2.613042635658914605e+02,5.722286821705425552e+01
8.163223140495867369e+01,1.701680440771349652e+02,2.626127167630057784e+02,5.779576107899806914e+01
8.126977401129941825e+01,1.693573446327683314e+02,2.630756646216768786e+02,5.776073619631901579e+01
8.104237288135593076e+01,1.690960451977400965e+02,2.650745098039215577e+02,5.760392156862744883e+01
8.075795297372059167e+01,1.685103734439834113e+02,2.658143712574850497e+02,5.760678642714569975e+01
8.064285714285713880e+01,1.681759259259258954e+02,2.661005586592178815e+02,5.759962756052140520e+01
8.038603988603988171e+01,1.676752136752136835e+02,2.675613026819923448e+02,5.763218390804597391e+01
8.027443105756358932e+01,1.670388219544846038e+02,2.685555555555555429e+02,5.772709551656919302e+01
8.037278911564625616e+01,1.665224489795918430e+02,2.695694444444444571e+02,5.782539682539682246e+01
8.022176308539944500e+01,1.667906336088153978e+02,2.704481481481481069e+02,5.789999999999999858e+01
8.033473389355741290e+01,1.657408963585434094e+02,2.711575757575757848e+02,5.813939393939394051e+01
8.062932226832640481e+01,1.654052558782849189e+02,2.719796747967479291e+02,5.842479674796747702e+01
8.071982758620688969e+01,1.644367816091953785e+02,2.732761904761904361e+02,5.867999999999999972e+01
8.086666666666666003e+01,1.640847222222222115e+02,2.734537037037036953e+02,5.882592592592592240e+01
8.077074542897327092e+01,1.643263009845288138e+02,2.734934086629001513e+02,5.890960451977401391e+01
8.081779661016949490e+01,1.641666666666666572e+02,2.740573476702508628e+02,5.897132616487454726e+01
8.090418353576248478e+01,1.639001349527665070e+02,2.758293650793650613e+02,5.952182539682539186e+01
8.151666666666666572e+01,1.628694444444444400e+02,2.762944785276073389e+02,5.963803680981595079e+01
8.165248226950353683e+01,1.625418439716311809e+02,2.769490196078431268e+02,6.010196078431371802e+01
8.144444444444444287e+01,1.627635327635327656e+02,2.769181636726546571e+02,6.014570858283432386e+01
8.163172043010752077e+01,1.624919354838709751e+02,2.779071969696969404e+02,6.055871212121211755e+01
8.182157676348548137e+01,1.622295988934992863e+02,2.781420765027322659e+02,6.061566484517303621e+01
8.222721088435373815e+01,1.614802721088435362e+02,2.793497942386831028e+02,6.107613168724279262e+01
8.258024691358025393e+01,1.610987654320987588e+02,2.792627450980392041e+02,6.135686274509803440e+01
8.243983402489627110e+01,1.614163208852005198e+02,2.796060606060606233e+02,6.143030303030302974e+01
8.300000000000000000e+01,1.605912698412698489e+02,2.805281124497992096e+02,6.202409638554216542e+01
8.380680272108843099e+01,1.595823129251700720e+02,2.808527131782945503e+02,6.202906976744186096e+01
8.403480589022757385e+01,1.592878179384203463e+02,2.817434343434343305e+02,6.208484848484848584e+01
8.464845938375349021e+01,1.584593837535013847e+02,2.819415204678362556e+02,6.238596491228069851e+01
8.435636856368562064e+01,1.585799457994579882e+02,2.823809523809523512e+02,6.262454212454212410e+01
8.536338797814207169e+01,1.576215846994535354e+02,2.829096045197740068e+02,6.271751412429378547e+01
8.569241192411924146e+01,1.571897018970189492e+02,2.837653631284916287e+02,6.317132216014897494e+01
8.636680613668060857e+01,1.566136680613668091e+02,2.844508670520231135e+02,6.335067437379575495e+01
8.707936507936507553e+01,1.557763347763347497e+02,2.847310606060605664e+02,6.346212121212120394e+01
8.731284153005464077e+01,1.556516393442622928e+02,2.858882575757575637e+02,6.405303030303029743e+01
8.813333333333333997e+01,1.551569444444444343e+02,2.866628131021194577e+02,6.433333333333332860e+01
8.901234567901234129e+01,1.544718792866941044e+02,2.874791666666666288e+02,6.441666666666665719e+01
9.000572246065807747e+01,1.536995708154506417e+02,2.879085714285714062e+02,6.456952380952380111e+01
9.094323144104804157e+01,1.531688500727802023e+02,2.895592592592592496e+02,6.527407407407406481e+01
9.083888888888888857e+01,1.533222222222221944e+02,2.906228571428571286e+02,6.579809523809522886e+01
9.142358078602620708e+01,1.530553129548762570e+02,2.923028455284552933e+02,6.639024390243902474e+01
9.214410480349344823e+01,1.525414847161572141e+02,2.931016949152542566e+02,6.654990583804142545e+01
9.228374655647381530e+01,1.521831955922864950e+02,2.955742971887549970e+02,6.797791164658633534e+01
9.296205962059619310e+01,1.518644986449864405e+02,2.970313725490195793e+02,6.897843137254901080e+01
9.384733893557421425e+01,1.516022408963585235e+02,2.988007662835248652e+02,6.973754789272030052e+01
9.408433734939758608e+01,1.514497991967871542e+02,2.997103825136612159e+02,7.014389799635701195e+01
9.567787114845937424e+01,1.506162464985994234e+02,3.015721925133689751e+02,7.081283422459893018e+01
9.605394190871369631e+01,1.502558782849239094e+02,3.031800766283524808e+02,7.134099616858236459e+01
9.691352859135285769e+01,1.500125523012552264e+02,3.040998003992015697e+02,7.182035928143712056e+01
9.821979621542939753e+01,1.493347889374090016e+02,3.052380952380952408e+02,7.207238095238095354e+01
9.904519774011298239e+01,1.490240112994350170e+02,3.063238095238095298e+02,7.275238095238094616e+01
9.984173669467786283e+01,1.485182072829131528e+02,3.074554263565891006e+02,7.306589147286821628e+01
1.011145374449339158e+02,1.479603524229074765e+02,3.084871794871794464e+02,7.367258382642997105e+01
1.014014814814814827e+02,1.478177777777777919e+02,3.093497942386831028e+02,7.414814814814815236e+01
1.025333333333333172e+02,1.472391304347825951e+02,3.106525252525252654e+02,7.485252525252525402e+01
1.032105997210599639e+02,1.469414225941422671e+02,3.113762183235867269e+02,7.543274853801169400e+01
1.042595744680851055e+02,1.464666666666666686e+02,3.122287968441814314e+02,7.588560157790927008e+01
1.050144927536231876e+02,1.461246376811594132e+02,3.134670658682634894e+02,7.642115768463072811e+01
1.056666666666666572e+02,1.457005899705014542e+02,3.140984848484848158e+02,7.687689393939393767e+01
1.064895833333333286e+02,1.453720238095237960e+02,3.144708994708994965e+02,7.716049382716049365e+01
1.075605381165919283e+02,1.451464872944693525e+02,3.157295238095238119e+02,7.790476190476189799e+01
1.085454545454545467e+02,1.446363636363636260e+02,3.161787709497206720e+02,7.821415270018621868e+01
1.089716312056737593e+02,1.443177304964538905e+02,3.171182170542635390e+02,7.856395348837209269e+01
1.103549783549783569e+02,1.437128427128427006e+02,3.175973782771535525e+02,7.871910112359550737e+01
1.109985250737463076e+02,1.435368731563421818e+02,3.181518518518518022e+02,7.903333333333333144e+01
1.122077922077922096e+02,1.429119769119768932e+02,3.185517890772127885e+02,7.942749529190206204e+01
1.127513888888888829e+02,1.425541666666666742e+02,3.189821746880570004e+02,7.960249554367200631e+01
1.141777777777777771e+02,1.417940740740740750e+02,3.201185185185184991e+02,8.024444444444444002e+01
1.146723163841807747e+02,1.414675141242937570e+02,3.204011299435028377e+02,8.048399246704330778e+01
1.155260196905766463e+02,1.410548523206751099e+02,3.210177514792899274e+02,8.071992110453648195e+01
1.162459016393442681e+02,1.404398907103824854e+02,3.214725490196078113e+02,8.113137254901960205e+01
1.174703389830508513e+02,1.395593220338982974e+02,3.214333333333333371e+02,8.228518518518518476e+01
1.181786216596343166e+02,1.390182841068916844e+02,3.217784313725489937e+02,8.387647058823529278e+01
1.192363387978141986e+02,1.381707650273224033e+02,3.224678714859437605e+02,8.535542168674699326e+01
1.198620218579234944e+02,1.378210382513661045e+02,3.230098619329388612e+02,8.648717948717947479e+01
1.203901808785529681e+02,1.372209302325581461e+02,3.235719489981784704e+02,8.753187613843350334e+01
1.216611111111110972e+02,1.360999999999999943e+02,3.239208103130754921e+02,8.835359116022100068e+01
1.225630252100840352e+02,1.352605042016806749e+02,3.244372549019607277e+02,8.979019607843136441e+01
1.233544303797468302e+02,1.344317862165963504e+02,3.250344827586206975e+02,9.063409961685823646e+01
1.237029569892473120e+02,1.342916666666666572e+02,3.255044563279857357e+02,9.126203208556150059e+01
1.247658402203856696e+02,1.332327823691460083e+02,3.258388888888889028e+02,9.195185185185184196e+01
1.255986394557823047e+02,1.325496598639455783e+02,3.260188323917137154e+02,9.236158192090395858e+01
1.264755747126436773e+02,1.313548850574712503e+02,3.266590909090909349e+02,9.361553030303029743e+01
1.268965517241379359e+02,1.309626436781609016e+02,3.269222222222222172e+02,9.423888888888889426e+01
1.271239669421487548e+02,1.308801652892562117e+02,3.270819366852886105e+02,9.459962756052141231e+01
1.276535433070866077e+02,1.302007874015748143e+02,3.272580645161290249e+02,9.512903225806451246e+01
1.285161744022503569e+02,1.294430379746835342e+02,3.278058823529411825e+02,9.624313725490195282e+01
1.290053763440860166e+02,1.287392473118279383e+02,3.281907514450867325e+02,9.700963391136799885e+01
1.295924426450742146e+02,1.281120107962213126e+02,3.280931098696461845e+02,9.722718808193667428e+01
1.298065359477124048e+02,1.278797385620915037e+02,3.281111111111110858e+02,9.729755178907720392e+01
1.305000000000000000e+02,1.271062992125984294e+02,3.284450757575757507e+02,9.835227272727273373e+01
1.309241192411924146e+02,1.266260162601626007e+02,3.286211293260473667e+02,9.899271402550090215e+01
1.312175032175032072e+02,1.262483912483912434e+02,3.288986354775828431e+02,9.956725146198830600e+01
1.319907038512615998e+02,1.253771580345285486e+02,3.288987108655616680e+02,9.997053406998156788e+01
1.325470430107526738e+02,1.246760752688172005e+02,3.289244186046511800e+02,1.003507751937984409e+02
1.326612466124661012e+02,1.246084010840108363e+02,3.288750000000000000e+02,1.008333333333333286e+02
1.331593625498007896e+02,1.240292164674634705e+02,3.289200000000000159e+02,1.009219047619047558e+02
1.341292517006802711e+02,1.226217687074829854e+02,3.289805068226120852e+02,1.012923976608187075e+02
1.343850340136054342e+02,1.219428571428571360e+02,3.291767068273092036e+02,1.016887550200803076e+02
1.344564315352697008e+02,1.207662517289073207e+02,3.294220907297830081e+02,1.019487179487179418e+02
1.346113306982872189e+02,1.205322793148880010e+02,3.293428571428571558e+02,1.021866666666666532e+02
1.347041666666666799e+02,1.186749999999999972e+02,3.296323809523809132e+02,1.025009523809523699e+02
1.347093663911845738e+02,1.178264462809917319e+02,3.296685823754788771e+02,1.029885057471264389e+02
1.349010840108400942e+02,1.165406504065040707e+02,3.299467455621301610e+02,1.033530571992110367e+02
1.349608636977057756e+02,1.157112010796221284e+02,3.298106508875739564e+02,1.031814595660749347e+02
1.349765625000000000e+02,1.150481770833333286e+02,3.302685185185184764e+02,1.036518518518518448e+02
1.347575757575757507e+02,1.134311294765840188e+02,3.302601156069364379e+02,1.037321772639691631e+02
1.344512195121951095e+02,1.117411924119241178e+02,3.304971098265896217e+02,1.044142581888246468e+02
1.345897435897435912e+02,1.114291497975708438e+02,3.306976744186046631e+02,1.046879844961240309e+02
1.344237516869095828e+02,1.104898785425101266e+02,3.305728542914171726e+02,1.046506986027943924e+02
1.344140625000000000e+02,1.097799479166666572e+02,3.308985507246376301e+02,1.049456521739130466e+02
1.342060367454068057e+02,1.092650918635170569e+02,3.309351851851851620e+02,1.050055555555555600e+02
1.337038512616201729e+02,1.074169986719787460e+02,3.312126436781609300e+02,1.055478927203065069e+02
1.336042496679946794e+02,1.069760956175298787e+02,3.313545279383429261e+02,1.057514450867052034e+02
1.335836477987421347e+02,1.065245283018867894e+02,3.312833333333333599e+02,1.057351851851851734e+02
1.331808367071524799e+02,1.050202429149797609e+02,3.316029962546816137e+02,1.063558052434456869e+02
1.329616858237547774e+02,1.044750957854406153e+02,3.316860465116279215e+02,1.063682170542635532e+02
1.325721784776902723e+02,1.035446194225721683e+02,3.319604519774011351e+02,1.069096045197740068e+02
1.324387351778656239e+02,1.027971014492753596e+02,3.320489642184557511e+02,1.075291902071562902e+02
1.318464730290456544e+02,1.012780082987551822e+02,3.320269749518304252e+02,1.076454720616570171e+02
1.317496653279785619e+02,1.006224899598393563e+02,3.320912698412698205e+02,1.080476190476190510e+02
1.311825726141078974e+02,9.942323651452282718e+01,3.323453093812374846e+02,1.088363273453093711e+02
1.309094650205761354e+02,9.885048010973936528e+01,3.319578313253011856e+02,1.096124497991967672e+02
1.308865546218487452e+02,9.842717086834733209e+01,3.315020080321284581e+02,1.104538152610441699e+02
1.306653645833333144e+02,9.798697916666665719e+01,3.313040935672514706e+02,1.112358674463937547e+02
1.302277777777777601e+02,9.702916666666666856e+01,3.313531746031745797e+02,1.122539682539682389e+02
1.301808367071524799e+02,9.662753036437247545e+01,3.313129629629629562e+02,1.124962962962962933e+02
1.299369747899159790e+02,9.579271708683472752e+01,3.314825581395348877e+02,1.139806201550387499e+02
1.293655913978494425e+02,9.479973118279569633e+01,3.314824016563146643e+02,1.145569358178053676e+02
1.292457516339869130e+02,9.452156862745097499e+01,3.316942800788954173e+02,1.155325443786982191e+02
1.291927860696517314e+02,9.414800995024874908e+01,3.322495238095237937e+02,1.162952380952380764e+02
1.281806108897742433e+02,9.273970783532536188e+01,3.329013035381750001e+02,1.180335195530726224e+02
1.277439999999999998e+02,9.220933333333333337e+01,3.329418604651162923e+02,1.186414728682170505e+02
1.274804687500000000e+02,9.176171875000000000e+01,3.333008130081300351e+02,1.200894308943089328e+02
1.269946236559139692e+02,9.111021505376344010e+01,3.333969171483622063e+02,1.205838150289017392e+02
1.267024265644955108e+02,9.061047254150702202e+01,3.336317829457364041e+02,1.217015503875968818e+02
1.258455598455598476e+02,8.967567567567567721e+01,3.339329501915708533e+02,1.228659003831417493e+02
1.252496732026143746e+02,8.897254901960783968e+01,3.337666666666666515e+02,1.236862745098039085e+02
1.251226053639846754e+02,8.884546615581096773e+01,3.338156862745098010e+02,1.248745098039215549e+02
1.245000000000000000e+02,8.817171717171716239e+01,3.338901960784313587e+02,1.261784313725490136e+02
1.241507024265644930e+02,8.766411238825031660e+01,3.339843137254901535e+02,1.273843137254901876e+02
1.232881136950904306e+02,8.688630490956072094e+01,3.340000000000000000e+02,1.281412429378531215e+02
1.228127490039840666e+02,8.639442231075696554e+01,3.339287090558766522e+02,1.291194605009633847e+02
1.219846153846153811e+02,8.553846153846153300e+01,3.338161616161615939e+02,1.301494949494949367e+02
1.209200542005419976e+02,8.461246612466123906e+01,3.339408284023668898e+02,1.312781065088757373e+02
1.206140350877192873e+02,8.428879892037785737e+01,3.339089147286821344e+02,1.319496124031007582e+02
1.199709595959595845e+02,8.381313131313130782e+01,3.339662698412698205e+02,1.338670634920634654e+02
1.190570687418936302e+02,8.292477302204927980e+01,3.338114285714285643e+02,1.349085714285714346e+02
1.185813648293963212e+02,8.258005249343831622e+01,3.337495183044316036e+02,1.364624277456647405e+02
1.182656250000000000e+02,8.220703125000000000e+01,3.339507575757575637e+02,1.383560606060605949e+02
1.175226977950713376e+02,8.146952010376134012e+01,3.339908424908424536e+02,1.391575091575091392e+02
1.175833333333333286e+02,8.146031746031745513e+01,3.338936936936936490e+02,1.407405405405405361e+02
1.162060367454068199e+02,8.050918635170603466e+01,3.341092592592592609e+02,1.425759259259259011e+02
1.156760374832663985e+02,8.018206157965192915e+01,3.344176029962546295e+02,1.434307116104868669e+02
1.148714859437750988e+02,7.976974564926371158e+01,3.345881226053639352e+02,1.448888888888888857e+02
1.139910941475826860e+02,7.948218829516538619e+01,3.345393258426966554e+02,1.455992509363295824e+02
1.126027210884353593e+02,7.913333333333332575e+01,3.347809523809523853e+02,1.472514285714285620e+02
1.116680613668061284e+02,7.899721059972105763e+01,3.348139963167587325e+02,1.479226519337016441e+02
1.106459197786998487e+02,7.897648686030427712e+01,3.351657355679702164e+02,1.493519553072625570e+02
1.110680272108843383e+02,7.886530612244898464e+01,3.356493256262041882e+02,1.503872832369942216e+02
1.099393939393939377e+02,7.869559228650136617e+01,3.361001926782273586e+02,1.516531791907514446e+02
1.085956284153005384e+02,7.877732240437157429e+01,3.361561904761904316e+02,1.521752380952380861e+02
1.074425770308123163e+02,7.888655462184874523e+01,3.362962962962963047e+02,1.531502057613168688e+02
1.074739803094233395e+02,7.876793248945148207e+01,3.364310344827586050e+02,1.538601532567049617e+02
1.071793842034805806e+02,7.879518072289157260e+01,3.365974499089252845e+02,1.543479052823315101e+02
1.061927083333333286e+02,7.894661458333332860e+01,3.366831501831501328e+02,1.551318681318681456e+02
1.051070950468540701e+02,7.913788487282462825e+01,3.369507575757575637e+02,1.555700757575757507e+02
1.039480874316939776e+02,7.934699453551911574e+01,3.371910331384015649e+02,1.567017543859649038e+02
1.033319502074688785e+02,7.955878284923926458e+01,3.372061657032755306e+02,1.569248554913294811e+02
1.032663877266387686e+02,7.946861924686191969e+01,3.371605691056910246e+02,1.571056910569105582e+02
1.022575757575757507e+02,7.984297520661156966e+01,3.372267441860465169e+02,1.576589147286821628e+02
1.017773386034255481e+02,8.009090909090909349e+01,3.372826510721247359e+02,1.580058479532163744e+02
1.011348600508905804e+02,8.046055979643764999e+01,3.378158379373849129e+02,1.582854511970533906e+02
1.000680272108843383e+02,8.125850340136054228e+01,3.384894026974951657e+02,1.590366088631984383e+02
1.001315104166666572e+02,8.099739583333332860e+01,3.389585687382297579e+02,1.594708097928436814e+02
9.965641025641025408e+01,8.136025641025639743e+01,3.394555555555555770e+02,1.600722222222222229e+02
9.859635416666665719e+01,8.216927083333332860e+01,3.401053639846742840e+02,1.607681992337164729e+02
9.800664010624169009e+01,8.264010624169985419e+01,3.405582329317268773e+02,1.614578313253012141e+02
9.722585034013604854e+01,8.383537414965985590e+01,3.412154471544715193e+02,1.623902439024390105e+02
9.682786885245901942e+01,8.399726775956283120e+01,nan,nan
9.631284153005464077e+01,8.471174863387976472e+01,nan,nan
9.576399999999999579e+01,8.534799999999999898e+01,3.420531697341513109e+02,1.639591002044989807e+02
9.514086471408646162e+01,8.610460251046025348e+01,3.422188139059304604e+02,1.644826175869120561e+02
9.451626016260162544e+01,8.695799457994579029e+01,nan,nan
9.413956639566394813e+01,8.748644986449863836e+01,nan,nan
9.373306772908367179e+01,8.815272244355908526e+01,3.430698602794411158e+02,1.653273453093812293e+02
9.311479944674964315e+01,8.926002766251727394e+01,3.432825203252032225e+02,1.656443089430894133e+02
9.263070539419086913e+01,9.024066390041494401e+01,nan,nan
9.210206718346252330e+01,9.101291989664082394e+01,3.383537832310838098e+02,1.707586912065439435e+02
9.183679114799446097e+01,9.169709543568464483e+01,3.351368015414258252e+02,1.719865125240847590e+02
9.130612244897959329e+01,9.296462585034012704e+01,3.330570902394106270e+02,1.729613259668508363e+02
9.087623066104077907e+01,9.382841068917018390e+01,3.319213483146067460e+02,1.744007490636704176e+02
9.029378531073446368e+01,9.506638418079094777e+01,3.314647058823529164e+02,1.756274509803921546e+02
8.997668038408778557e+01,9.572016460905349788e+01,3.310992063492063266e+02,1.759484126984126817e+02
8.969189907038511933e+01,9.684462151394421880e+01,3.313729729729729456e+02,1.761513513513513374e+02
8.913281250000000000e+01,9.751432291666665719e+01,3.317465886939571078e+02,1.772553606237816552e+02
8.878083989501311635e+01,9.880577427821521042e+01,3.317465886939571078e+02,1.772553606237816552e+02
8.850870147255687925e+01,9.965863453815261153e+01,3.320000000000000000e+02,1.775536398467432946e+02
8.790123456790124123e+01,1.012482853223593935e+02,3.321408730158730123e+02,1.779642857142857224e+02
8.754427083333332860e+01,1.020924479166666572e+02,3.321360946745562046e+02,1.780039447731755331e+02
8.719553805774276611e+01,1.034041994750656102e+02,3.321360946745562046e+02,1.780039447731755331e+02
8.672440944881890346e+01,1.046456692913385780e+02,nan,nan
8.633465608465607488e+01,1.057301587301587347e+02,3.325308641975308888e+02,1.795226337448559661e+02
8.620266666666665856e+01,1.070346666666666522e+02,3.329392156862745082e+02,1.798843137254901876e+02
8.590672153635115649e+01,1.083429355281207052e+02,3.328609406952965060e+02,1.795705521472392547e+02
8.560683760683760113e+01,1.102122507122507074e+02,3.331987951807228683e+02,1.798152610441767081e+02
8.541025641025640880e+01,1.109943019943019777e+02,nan,nan
8.523401360544217198e+01,1.126748299319727806e+02,3.339092702169625113e+02,1.811282051282051100e+02
8.502024291497976094e+01,1.134709851551956774e+02,nan,nan
8.495782312925169322e+01,1.142299319727891174e+02,3.337638888888888573e+02,1.818750000000000000e+02
8.490399999999999636e+01,1.148906666666666609e+02,3.339366053169733846e+02,1.824785276073619684e+02
8.487361111111110290e+01,1.163069444444444400e+02,3.338343434343433955e+02,1.831252525252525061e+02
8.488842398884239060e+01,1.174574616457461644e+02,3.337592592592592382e+02,1.834156378600822848e+02
8.491666666666665719e+01,1.190084745762711833e+02,3.336935817805382953e+02,1.837867494824016319e+02
8.493103448275861922e+01,1.196293103448275872e+02,3.335029585798816356e+02,1.840335305719920882e+02
8.482203389830507945e+01,1.203898305084745743e+02,3.335029585798816356e+02,1.840335305719920882e+02
8.473076923076922640e+01,1.212222222222222285e+02,3.331292929292928875e+02,1.841515151515151558e+02
8.491884057971013533e+01,1.225565217391304316e+02,3.332315369261476690e+02,1.849121756487026005e+02
8.493019943019942275e+01,1.236524216524216371e+02,3.333979797979797581e+02,1.852101010101009990e+02
8.522925457102671487e+01,1.256132208157524559e+02,3.333035714285714448e+02,1.855535714285714164e+02
8.507391910739190166e+01,1.259149232914923147e+02,3.333196881091618025e+02,1.859395711500974642e+02
8.502331961591220022e+01,1.266282578875171367e+02,3.333275862068965694e+02,1.860977011494252906e+02
8.516455696202531556e+01,1.279971870604781969e+02,3.336136363636363740e+02,1.869337121212120962e+02
8.518257261410788317e+01,1.289100968188105014e+02,3.336177024482108777e+02,1.877344632768361521e+02
8.522540983606558029e+01,1.291844262295082046e+02,3.333747645951035565e+02,1.881902071563088441e+02
8.542538354253834143e+01,1.305285913528591379e+02,3.333895348837209553e+02,1.891182170542635674e+02
8.530199430199429855e+01,1.311780626780626733e+02,3.334718875502007904e+02,1.895923694779116317e+02
8.553729071537289030e+01,1.325920852359208482e+02,3.335403726708074714e+02,1.907929606625258714e+02
8.567346938775510523e+01,1.336993197278911509e+02,3.333066666666666720e+02,1.906628571428571490e+02
8.571944444444443434e+01,1.342444444444444400e+02,3.333192771084337096e+02,1.910200803212851213e+02
8.574863387978140850e+01,1.347650273224043644e+02,3.331677018633540115e+02,1.920414078674947973e+02
8.620277777777776862e+01,1.366194444444444400e+02,nan,nan
8.653711790393012393e+01,1.384032023289665290e+02,3.329034090909090651e+02,1.925984848484848158e+02
8.654413702239787654e+01,1.384519104084321270e+02,3.331541425818882090e+02,1.934489402697494995e+02
8.679415670650729453e+01,1.393997343957503006e+02,3.332023809523809632e+02,1.936865079365079225e+02
8.700626566416039509e+01,1.404223057644110213e+02,3.330290697674418539e+02,1.943856589147286513e+02
8.770013947001393717e+01,1.423417015341701415e+02,3.333100775193798313e+02,1.956647286821705052e+02
8.806752873563218031e+01,1.435502873563218316e+02,nan,nan
8.842632331902717624e+01,1.444706723891273157e+02,3.336448412698412653e+02,1.971984126984126817e+02
8.851941097724230190e+01,1.448152610441767081e+02,3.335700757575757507e+02,1.977859848484848158e+02
8.910181311018131112e+01,1.463793584379358208e+02,3.334363636363636374e+02,1.987575757575757507e+02
8.939207650273223749e+01,1.470642076502732039e+02,3.333747645951035565e+02,1.994802259887005675e+02
9.024229691876749371e+01,1.487282913165265938e+02,3.334384920634920491e+02,2.005674603174603021e+02
9.010121457489879049e+01,1.489919028340081013e+02,3.335702811244979671e+02,2.015863453815260868e+02
9.055692729766803950e+01,1.501330589849108037e+02,3.336408730158730123e+02,2.023829365079364777e+02
9.111875843454789958e+01,1.512132253711201031e+02,3.335530303030302548e+02,2.033087121212120962e+02
9.127307692307692832e+01,1.516935897435897118e+02,3.335810055865921981e+02,2.043910614525139806e+02
9.196921017402944187e+01,1.529424364123159137e+02,3.336607843137254577e+02,2.050745098039215577e+02
9.245034013605442169e+01,1.540231292517006807e+02,3.340500963391136793e+02,2.064161849710982608e+02
9.296800000000000352e+01,1.547920000000000016e+02,3.340989898989898848e+02,2.076666666666666572e+02
9.335618279569891342e+01,1.555833333333333144e+02,3.340263653483992243e+02,2.081581920903954881e+02
9.418347338935572566e+01,1.569551820728291034e+02,3.340701754385964932e+02,2.095029239766081730e+02
9.477874818049490102e+01,1.578034934497816550e+02,3.341279069767442138e+02,2.104496124031007582e+02
9.518297872340426125e+01,1.584765957446808500e+02,3.343069679849340332e+02,2.114519774011299376e+02
9.576625172890732074e+01,1.594757952973720592e+02,3.344152700186219249e+02,2.123407821229050398e+02
9.605203938115330686e+01,1.600253164556962133e+02,3.345393258426966554e+02,2.128913857677902399e+02
9.656005398110660565e+01,1.607395411605937738e+02,3.345174418604651123e+02,2.136899224806201403e+02
9.779621542940319046e+01,1.618107714701601196e+02,3.347178030303030027e+02,2.145075757575757223e+02
9.830264993026499099e+01,1.623458856345885408e+02,3.347142857142857224e+02,2.150704761904761710e+02
9.876406035665293359e+01,1.628737997256515655e+02,3.347173489278752072e+02,2.156140350877192873e+02
9.953566229985442249e+01,1.634032023289665005e+02,3.348003766478342413e+02,2.158060263653483730e+02
1.003715124816446291e+02,1.641262848751835293e+02,3.349205426356588760e+02,2.163565891472867975e+02
1.008777292576419171e+02,1.647263464337700043e+02,3.350606060606060623e+02,2.172606060606060510e+02
1.012669616519173985e+02,1.651327433628318602e+02,3.351965317919074892e+02,2.178786127167630013e+02
1.021638176638176532e+02,1.657891737891737876e+02,3.352170542635658421e+02,2.181356589147286513e+02
1.026221264367815991e+02,1.661939655172413666e+02,3.352095238095237733e+02,2.186914285714285597e+02
1.035451977401129824e+02,1.667132768361581725e+02,3.353614232209737338e+02,2.190486891385767763e+02
1.042816091954022966e+02,1.672442528735631981e+02,3.356447105788423073e+02,2.192215568862275461e+02
1.050277777777777715e+02,1.678201754385964932e+02,3.356438095238095229e+02,2.199142857142857110e+02
1.059854439592430708e+02,1.683478893740902436e+02,3.356223506743737630e+02,2.199479768786127067e+02
1.066696035242290748e+02,1.688061674008810655e+02,3.356038095238095025e+02,2.209428571428571502e+02
1.074759825327510896e+02,1.692969432314410483e+02,3.356611418047882012e+02,2.212136279926334907e+02
1.080607344632768303e+02,1.695960451977400965e+02,3.356078431372548607e+02,2.216588235294117624e+02
1.092054794520547887e+02,1.701537290715372706e+02,3.356901960784313701e+02,2.215411764705882263e+02
1.098398268398268414e+02,1.706681096681096506e+02,3.356973180076628296e+02,2.215517241379310462e+02
1.105163120567375898e+02,1.710609929078013920e+02,3.356822612085769606e+02,2.218947368421052602e+02
1.116828908554572166e+02,1.716194690265486713e+02,nan,nan
1.134873015873015873e+02,1.722952380952380906e+02,3.355714285714285552e+02,2.218240165631469836e+02
1.143048973143759781e+02,1.727677725118483352e+02,3.357928994082840291e+02,2.206587771203155626e+02
1.151588050314465335e+02,1.731305031446540852e+02,3.364040404040404155e+02,2.195272727272727309e+02
1.156098981077146846e+02,1.733959243085880644e+02,nan,nan
1.169045584045584008e+02,1.739515669515669458e+02,3.379722222222221717e+02,2.181091269841269593e+02
1.183318385650224229e+02,1.744275037369207553e+02,nan,nan
1.191333333333333400e+02,1.748814814814814724e+02,3.384969696969696997e+02,2.157777777777777430e+02
1.197702127659574529e+02,1.752510638297872276e+02,3.387426900584795249e+02,2.138499025341130277e+02
1.206200873362445378e+02,1.756419213973799174e+02,3.392415169660678202e+02,2.123892215568862412e+02
1.213290229885057414e+02,1.759166666666666572e+02,3.399482401656314323e+02,2.108074534161490590e+02
1.218908045977011341e+02,1.763433908045977034e+02,nan,nan
1.229789029535864984e+02,1.766469760900140500e+02,nan,nan
1.241267806267806151e+02,1.771381766381766170e+02,3.405950920245398947e+02,2.065725971370142986e+02
1.244362139917695487e+02,1.771728395061728349e+02,nan,nan
1.248696844993141184e+02,1.774362139917695345e+02,nan,nan
1.263682678311499217e+02,1.779912663755458482e+02,nan,nan
1.272057057057056966e+02,1.781576576576576656e+02,nan,nan
1.282170212765957444e+02,1.787617021276595608e+02,3.416522633744855852e+02,2.013456790123456699e+02
1.290612535612535510e+02,1.790754985754985569e+02,nan,nan
1.296008230452675036e+02,1.795404663923182227e+02,nan,nan
1.300978835978835946e+02,1.798611111111111143e+02,nan,nan
1.310117187500000000e+02,1.803437500000000000e+02,3.411159420289855007e+02,2.007888198757763973e+02
1.317638326585694983e+02,1.808448043184885137e+02,nan,nan
1.324431216931216966e+02,1.812830687830687566e+02,nan,nan
1.332842377260981834e+02,1.819987080103359176e+02,3.406164658634538114e+02,2.013473895582329192e+02
1.343320209973753094e+02,1.830039370078740149e+02,nan,nan
1.348753280839894728e+02,1.834593175853018181e+02,nan,nan
1.355179282868525945e+02,1.840132802124833802e+02,nan,nan
1.357589743589743421e+02,1.841576923076923151e+02,nan,nan
1.369624060150376010e+02,1.852794486215538541e+02,nan,nan
1.378653333333333251e+02,1.862079999999999984e+02,nan,nan
1.381612466124661012e+02,1.863834688346883297e+02,nan,nan
1.386426666666666563e+02,1.869613333333333003e+02,nan,nan
1.392745901639344197e+02,1.875833333333333144e+02,nan,nan
1.394253731343283675e+02,1.875000000000000000e+02,3.401390593047034372e+02,2.012351738241308396e+02
1.404081364829396250e+02,1.883635170603674283e+02,nan,nan
1.407002583979327994e+02,1.887416020671834360e+02,3.395030674846625516e+02,2.011738241308793249e+02
1.411085858585858546e+02,1.889330808080808026e+02,3.394538152610441557e+02,2.011485943775100225e+02
1.413009079118028239e+02,1.890881971465628908e+02,3.393992015968063924e+02,2.011816367265468841e+02
1.420903054448871217e+02,1.900624169986719778e+02,3.393905325443786865e+02,2.011163708086784823e+02
1.426434108527131741e+02,1.905387596899224718e+02,3.395142276422764098e+02,2.009695121951219505e+02
1.430820512820512533e+02,1.910756410256410049e+02,nan,nan
1.433527131782945787e+02,1.914147286821705336e+02,nan,nan
1.437017543859649038e+02,1.918771929824561369e+02,3.401150793650793389e+02,2.001051587301587062e+02
1.445802968960863382e+02,1.929703103913630002e+02,3.400858895705521263e+02,2.002167689161554165e+02
1.448569553805774319e+02,1.930813648293963070e+02,3.401044176706827216e+02,1.993373493975903727e+02
1.453692307692307679e+02,1.937012820512820213e+02,3.402331288343558526e+02,1.989836400817995923e+02
1.462111553784860689e+02,1.948552456839309457e+02,3.398950617283950351e+02,1.992201646090534837e+02
1.467467700258397940e+02,1.954780361757105709e+02,nan,nan
1.468326693227091653e+02,1.957104913678618630e+02,nan,nan
1.475032175032174848e+02,1.965585585585585591e+02,nan,nan
1.481001371742112269e+02,1.972331961591220875e+02,nan,nan
1.487466666666666697e+02,1.984226666666666574e+02,3.404761904761904816e+02,1.972732919254658270e+02
1.490576923076923208e+02,1.991628205128205025e+02,3.404787878787878981e+02,1.965454545454545325e+02
1.495710491367861721e+02,2.001952191235059786e+02,3.400621118012422244e+02,1.954265010351966794e+02
1.501976284584980306e+02,2.016732542819499088e+02,nan,nan
1.506149870801033614e+02,2.024483204134366758e+02,3.391325051759833968e+02,1.924741200828157162e+02
1.509762845849802488e+02,2.036916996047430928e+02,nan,nan
1.512457516339869130e+02,2.047895424836601137e+02,3.387151515151514900e+02,1.895595959595959528e+02
1.516802721088435248e+02,2.060775510204081513e+02,nan,nan
1.520179806362378656e+02,2.072959889349930620e+02,3.381422764227642119e+02,1.876565040650406218e+02
1.522424242424242493e+02,2.084733044733044665e+02,3.380240963855421796e+02,1.870562248995983907e+02
1.524334705075445697e+02,2.097613168724279831e+02,3.376728778467908683e+02,1.861304347826086882e+02
1.526063100137174047e+02,2.110823045267489704e+02,3.370114285714285529e+02,1.857847619047618934e+02
1.528768406961177959e+02,2.120174029451137585e+02,3.365884543761638383e+02,1.849050279329609054e+02
1.532158469945354966e+02,2.134180327868852487e+02,3.359763313609467446e+02,1.842544378698224818e+02
1.533307493540051496e+02,2.145568475452196253e+02,3.355641025641025408e+02,1.832189349112425987e+02
1.535052493438319914e+02,2.157112860892388255e+02,3.353160919540229656e+02,1.826532567049808335e+02
1.538241469816272797e+02,2.171089238845144394e+02,3.353863636363636260e+02,1.823371212121212182e+02
1.539335989375829854e+02,2.179575033200530925e+02,3.344711934156378561e+02,1.820082304526748942e+02
1.539352617079889569e+02,2.193002754820936673e+02,3.340205992509363000e+02,1.814513108614232237e+02
1.542397163120567143e+02,2.199673758865247919e+02,3.338047337278106284e+02,1.806982248520710073e+02
1.544129793510324191e+02,2.213982300884955805e+02,nan,nan
1.545784313725490051e+02,2.225966386554621863e+02,3.334354527938342585e+02,1.801156069364161851e+02
1.545560407569140864e+02,2.225647743813682382e+02,3.333505747126436631e+02,1.801111111111111143e+02
1.547805212620027362e+02,2.253347050754457825e+02,3.330292397660818438e+02,1.798538011695906391e+02
1.548193891102257567e+02,2.256387782204515133e+02,3.329191919191919169e+02,1.794606060606060680e+02
1.549101562500000000e+02,2.262955729166666572e+02,3.324792899408283802e+02,1.792130177514792990e+02
1.548000000000000114e+02,2.278039215686274588e+02,3.324265010351966794e+02,1.787246376811594075e+02
1.548534370946822207e+02,2.280972762645914429e+02,3.321617357001971982e+02,1.787928994082840291e+02
1.546344916344916101e+02,2.287413127413127540e+02,3.319333333333332803e+02,1.786514285714285677e+02
1.548208955223880707e+02,2.289079601990049468e+02,3.317001972386587454e+02,1.783254437869822482e+02
1.546799516908212411e+02,2.298454106280192946e+02,3.314779116465863353e+02,1.780863453815260868e+02
1.543961538461538510e+02,2.310987179487179333e+02,3.312906504065040281e+02,1.777642276422764098e+02
1.541850393700787265e+02,2.318635170603674283e+02,3.310056497175141317e+02,1.775649717514124291e+02
1.536074646074645784e+02,2.330682110682110704e+02,3.309047619047618696e+02,1.772685714285714198e+02
1.535795454545454675e+02,2.334065656565656468e+02,3.305912698412698205e+02,1.775813492063491879e+02
1.533015267175572660e+02,2.339669211195928540e+02,3.297790476190476170e+02,1.775276190476190266e+02
1.525886243386243279e+02,2.354206349206349103e+02,3.283459459459459708e+02,1.780054054054054120e+02
1.525288713910761089e+02,2.357808398950131163e+02,3.269422718808193622e+02,1.777895716945996298e+02
1.521621966794380398e+02,2.361979565772669218e+02,3.258257575757575637e+02,1.776571969696969688e+02
1.519130998702983106e+02,2.368210116731517587e+02,3.250184162062614632e+02,1.775432780847145295e+02
1.509922178988326777e+02,2.378871595330739410e+02,3.240992509363295540e+02,1.771123595505617914e+02
1.504066390041493833e+02,2.388713692946058131e+02,3.230036630036630072e+02,1.766282051282051100e+02
1.497078507078506959e+02,2.396023166023165913e+02,3.221477272727272521e+02,1.763125000000000000e+02
1.488241912798874580e+02,2.406132208157524417e+02,3.210819047619047524e+02,1.760495238095238051e+02
1.484169934640522683e+02,2.411058823529411654e+02,3.207686703096538849e+02,1.763533697632058193e+02
1.479352617079889569e+02,2.417410468319559129e+02,3.198937728937729048e+02,1.760604395604395620e+02
1.478121890547263604e+02,2.420062189054726218e+02,3.195262172284644180e+02,1.759456928838951342e+02
1.465614035087719174e+02,2.430026990553306234e+02,3.189240740740740421e+02,1.759851851851851734e+02
1.458488700564971623e+02,2.432288135593220204e+02,3.178428030303030027e+02,1.757159090909090935e+02
1.448814504881450489e+02,2.435006973500697143e+02,3.173851851851851507e+02,1.757740740740740648e+02
1.437068965517241281e+02,2.440071839080459597e+02,3.166398467432949815e+02,1.755114942528735753e+02
1.432699724517906077e+02,2.440495867768595133e+02,3.166074074074073792e+02,1.757462962962962933e+02
1.434031007751937921e+02,2.440581395348837077e+02,3.160481695568400369e+02,1.755953757225433662e+02
1.416388888888888573e+02,2.443819444444444287e+02,3.150875232774674259e+02,1.755344506517690775e+02
1.407535612535612302e+02,2.445441595441595268e+02,3.146223506743737630e+02,1.754797687861271811e+02
1.401410788381742805e+02,2.446735822959889219e+02,3.137383720930232585e+02,1.757073643410852526e+02
1.389122085048011002e+02,2.447201646090535121e+02,3.128165680473372845e+02,1.769309664694280002e+02
1.382611832611832483e+02,2.447604617604617374e+02,3.116900584795321834e+02,1.781695906432748586e+02
1.378050847457627128e+02,2.448107344632768161e+02,3.099431372549019557e+02,1.793235294117646959e+02
1.366113475177304792e+02,2.447432624113475015e+02,3.083611111111110858e+02,1.803769841269841265e+02
1.356853448275862206e+02,2.447112068965517153e+02,3.074463937621832201e+02,1.810935672514619910e+02
1.350906555090655274e+02,2.445718270571827020e+02,3.062666666666666515e+02,1.818888888888888857e+02
1.335988200589970347e+02,2.443436578171091469e+02,3.053371647509578679e+02,1.827873563218390700e+02
1.326044260027662460e+02,2.442946058091286261e+02,3.045039215686274474e+02,1.836588235294117624e+02
1.325228215767634765e+02,2.443333333333333144e+02,3.034304761904761563e+02,1.845238095238095184e+02
1.318087431693988947e+02,2.442254098360655803e+02,3.024189944134078019e+02,1.852811918063314351e+02
1.299390070921985796e+02,2.439035460992907645e+02,3.017182320441988850e+02,1.859686924493554159e+02
1.288765957446808557e+02,2.437191489361701997e+02,3.010351851851851848e+02,1.864796296296296134e+02
1.280353107344632804e+02,2.435932203389830590e+02,3.000918918918919189e+02,1.871693693693693490e+02
1.272973333333333272e+02,2.435000000000000000e+02,2.993005464480874593e+02,1.879581056466302016e+02
1.262823691460055073e+02,2.431749311294765619e+02,2.988080279232111707e+02,1.885113438045375176e+02
1.254741035856573745e+02,2.429628154050464843e+02,2.979055258467022895e+02,1.891889483065953357e+02
1.239746666666666499e+02,2.424613333333333003e+02,2.977588652482269254e+02,1.892340425531915002e+02
1.229767759562841434e+02,2.422800546448087289e+02,2.958571428571428328e+02,1.904246031746031633e+02
1.219417344173441649e+02,2.418699186991869965e+02,2.954609929078014261e+02,1.907517730496453510e+02
1.208698830409356617e+02,2.415263157894736707e+02,2.947374301675977790e+02,1.914953445065176822e+02
1.196458333333333286e+02,2.407916666666666572e+02,2.943024054982817574e+02,1.918762886597938007e+02
1.189488243430152039e+02,2.403706777316735668e+02,2.931258865248227039e+02,1.924787234042553052e+02
1.177112010796221284e+02,2.396464237516869105e+02,2.923477477477477464e+02,1.927423423423423117e+02
1.173034013605442141e+02,2.395061224489795961e+02,2.913174603174603021e+02,1.933492063492063266e+02
1.164090305444887008e+02,2.387742363877821958e+02,2.908171428571428692e+02,1.936266666666666652e+02
1.158645833333333286e+02,2.383984375000000000e+02,2.900335195530726082e+02,1.940204841713221526e+02
1.153705128205128148e+02,2.380410256410256409e+02,2.892541436464088633e+02,1.945064456721915178e+02
1.141659863945578195e+02,2.371850340136054172e+02,2.881213872832369702e+02,1.951021194605009441e+02
1.136005398110661275e+02,2.368947368421052602e+02,2.878237547892720158e+02,1.951149425287356394e+02
1.131594202898550634e+02,2.365480895915678445e+02,2.865212121212121019e+02,1.956323232323232162e+02
1.123573333333333295e+02,2.356893333333333089e+02,2.858399999999999750e+02,1.958495238095237880e+02
1.116484375000000000e+02,2.352395833333333144e+02,2.853351548269581031e+02,1.962550091074681120e+02
1.106544715447154488e+02,2.341788617886178940e+02,2.841527001862197039e+02,1.968417132216014807e+02
1.095264550264550110e+02,2.331441798941798709e+02,2.833904761904761358e+02,1.969657142857142844e+02
1.091248391248391272e+02,2.328211068211068095e+02,2.828518518518518476e+02,1.973055555555555429e+02
1.084222222222222172e+02,2.319385620915032575e+02,2.822648148148148266e+02,1.973833333333333258e+02
1.073175230566534850e+02,2.306666666666666572e+02,2.815931899641576592e+02,1.977473118279569917e+02
1.063694444444444400e+02,2.298305555555555486e+02,2.796862745098039227e+02,1.984941176470588289e+02
1.054166666666666714e+02,2.288253968253968367e+02,2.794990791896868814e+02,1.988379373848987086e+02
1.049654714475431518e+02,2.283479415670650496e+02,2.788039215686274588e+02,1.990078431372548664e+02
1.045836526181353747e+02,2.278671775223499196e+02,2.782673992673992416e+02,1.993076923076923208e+02
1.036924066924066921e+02,2.270321750321750187e+02,2.774711359404096811e+02,1.997188081936685080e+02
1.027699346405228766e+02,2.258379084967320125e+02,2.760694444444444571e+02,2.002619047619047592e+02
1.022136422136422027e+02,2.251106821106820917e+02,2.753477477477477464e+02,2.005549549549549511e+02
1.016272965879265087e+02,2.245354330708661337e+02,2.737547892720306209e+02,2.007758620689655231e+02
1.008787878787878753e+02,2.237812911725955018e+02,2.721111111111110858e+02,2.011283524904214346e+02
1.003358876117496692e+02,2.232618135376755788e+02,2.706685606060605664e+02,2.015928030303030027e+02
9.927755644090304088e+01,2.218220451527224384e+02,2.689056224899597964e+02,2.020200803212851213e+02
9.891040843214756251e+01,2.213306982872200308e+02,2.679298245614035068e+02,2.024424951267056372e+02
9.843610013175229767e+01,2.208985507246376585e+02,2.666904761904762040e+02,2.027362637362637372e+02
9.761647361647361265e+01,2.198571428571428612e+02,2.657939068100358213e+02,2.030555555555555429e+02
9.705874840357598998e+01,2.190893997445721482e+02,2.645745856353591421e+02,2.037440147329649847e+02
9.583201058201056810e+01,2.177777777777777715e+02,2.628830409356725113e+02,2.044288499025340968e+02
9.564358974358974308e+01,2.174333333333333371e+02,2.622621722846441799e+02,2.046404494382022392e+02
9.519259259259258954e+01,2.170999999999999943e+02,2.616839378238341851e+02,2.049810017271156823e+02
9.466796368352787283e+01,2.162153047989623644e+02,2.601135531135531096e+02,2.056813186813186860e+02
9.412420785804815182e+01,2.154486692015209144e+02,2.596564102564102541e+02,2.059555555555555202e+02
9.306002554278416028e+01,2.141698595146870900e+02,2.587666666666666515e+02,2.062947368421052659e+02
9.277443609022556359e+01,2.137130325814536320e+02,2.578260869565217490e+02,2.069076086956521863e+02
9.166133333333333155e+01,2.123186666666666440e+02,2.568596491228070136e+02,2.075360623781676281e+02
9.118055555555554292e+01,2.119217171717171482e+02,2.561862197392923122e+02,2.077299813780260536e+02
9.061647361647361265e+01,2.108700128700128573e+02,2.553817504655493167e+02,2.082439478584729784e+02
9.017245817245816397e+01,2.101776061776061795e+02,2.547683615819209137e+02,2.086421845574387817e+02
8.955643044619422710e+01,2.092939632545931659e+02,2.542245989304812781e+02,2.090944741532976821e+02
8.920603674540681993e+01,2.090052493438319914e+02,2.539510869565217490e+02,2.094583333333333144e+02
8.909395109395109102e+01,2.087078507078506959e+02,2.531657657657657410e+02,2.100756756756756829e+02
8.822222222222221433e+01,2.071626016260162544e+02,2.530180180180179832e+02,2.101567567567567494e+02
8.789112903225806406e+01,2.064180107526881613e+02,2.521161904761904395e+02,2.106838095238095150e+02
8.776693766937668784e+01,2.058130081300813004e+02,2.519251336898395834e+02,2.110089126559714714e+02
8.747462277091906913e+01,2.050452674897119323e+02,2.518121546961326089e+02,2.110478821362799238e+02
8.706611570247933685e+01,2.039049586776859542e+02,2.517801418439716201e+02,2.110975177304964348e+02
8.712158469945353545e+01,2.032718579234972367e+02,2.510056179775280896e+02,2.119625468164793745e+02
8.681978319783196696e+01,2.024932249322492908e+02,2.500389863547758011e+02,2.124269005847953338e+02
8.676626826029216488e+01,2.020796812749003948e+02,2.499672447013487329e+02,2.123448940269749414e+02
8.659466666666665446e+01,2.016373333333333164e+02,2.497744510978043593e+02,2.124291417165668463e+02
8.648666666666665037e+01,2.012053333333333001e+02,2.492537037037036782e+02,2.128925925925925924e+02
8.632595870206488087e+01,1.993997050147492303e+02,2.492537037037036782e+02,2.128925925925925924e+02
8.641805555555555429e+01,1.987583333333333258e+02,2.490354609929077867e+02,2.132340425531915002e+02
8.630392156862744457e+01,1.980378151260504183e+02,2.487575757575757223e+02,2.130984848484848158e+02
8.627994227994227572e+01,1.966998556998557035e+02,2.487575757575757223e+02,2.130984848484848158e+02
8.628093158660843187e+01,1.957190684133915397e+02,2.487575757575757223e+02,2.130984848484848158e+02
8.627653213751867156e+01,1.946248131539611279e+02,2.487575757575757223e+02,2.130984848484848158e+02
8.620588235294117396e+01,1.940420168067226996e+02,2.475930232558139608e+02,2.141879844961240167e+02
8.612717536813921981e+01,1.937898259705488613e+02,2.477024482109227677e+02,2.142655367231638479e+02
8.625371120107961076e+01,1.927719298245613970e+02,2.475105973025047774e+02,2.143526011560693689e+02
8.617378917378916015e+01,1.921296296296296191e+02,2.475105973025047774e+02,2.143526011560693689e+02
8.616804407713497937e+01,1.909435261707988900e+02,2.472687609075043440e+02,2.145061082024432721e+02
8.638727524204702490e+01,1.900456431535269815e+02,2.468465909090909065e+02,2.149507575757575353e+02
8.646318607764391118e+01,1.895140562248996048e+02,2.465201465201465112e+02,2.152142857142857224e+02
8.644715447154472088e+01,1.889891598915988880e+02,2.464088397790055183e+02,2.152780847145487826e+02
8.677246376811592654e+01,1.872318840579710013e+02,2.459329805996472373e+02,2.154373897707230867e+02
8.674027777777776294e+01,1.868597222222221887e+02,2.456683087027914496e+02,2.155254515599343108e+02
8.685483870967742348e+01,1.855336021505376038e+02,2.445412186379928130e+02,2.162903225806451530e+02
8.692547425474253942e+01,1.851978319783197833e+02,2.447150837988826879e+02,2.163165735567970103e+02
8.731999999999999318e+01,1.835853333333333239e+02,2.442969034608378536e+02,2.165591985428050634e+02
8.739071038251366019e+01,1.826325136612021538e+02,2.438333333333333144e+02,2.168186813186813140e+02
8.763762102351313388e+01,1.812683264177040030e+02,2.432142857142857224e+02,2.173589743589743364e+02
8.787394957983192967e+01,1.803921568627450824e+02,2.430231729055258256e+02,2.174278074866310249e+02
8.788607594936708267e+01,1.793572433192686333e+02,2.427424242424242209e+02,2.178768939393939092e+02
8.790039840637450652e+01,1.787158034528552264e+02,2.427481481481481467e+02,2.178796296296295907e+02
8.804365079365079794e+01,1.780291005291005035e+02,2.419777777777777885e+02,2.184722222222222285e+02
8.824327956989246502e+01,1.766827956989247070e+02,2.419388888888888971e+02,2.185222222222222115e+02
8.841904761904760335e+01,1.757904761904761699e+02,2.415662878787878753e+02,2.189034090909090935e+02
8.861612021857922628e+01,1.748989071038251097e+02,2.410106382978723332e+02,2.195265957446808613e+02
8.879043600562587812e+01,1.736104078762306528e+02,2.407197802197802332e+02,2.197197802197802332e+02
8.894142259414225293e+01,1.726513249651324884e+02,2.402444444444444400e+02,2.202611111111111200e+02
8.921388888888888857e+01,1.715291666666666686e+02,2.400449438202247165e+02,2.204044943820224773e+02
8.924037184594952521e+01,1.709667994687914927e+02,2.391388888888888857e+02,2.210740740740740478e+02
8.928346456692914046e+01,1.701141732283464592e+02,2.388520599250936129e+02,2.214981273408239701e+02
8.962248995983935629e+01,1.686492637215528703e+02,2.388342749529190030e+02,2.214952919020715569e+02
8.953277545327753728e+01,1.679316596931659546e+02,2.383370998116760688e+02,2.219359698681732311e+02
8.953909465020575453e+01,1.674019204389574611e+02,2.381521739130434696e+02,2.220942028985506909e+02
8.967088607594936889e+01,1.658635724331926724e+02,2.372650602409638623e+02,2.226345381526104177e+02
8.972111553784860405e+01,1.654023904382470107e+02,2.372900900900900751e+02,2.226162162162162304e+02
8.976552598225602253e+01,1.645120405576679161e+02,2.368376963350785331e+02,2.231186736474694499e+02
8.984251968503936325e+01,1.642204724409448886e+02,2.365200698080278983e+02,2.232582897033158531e+02
8.989453125000000000e+01,1.628828125000000000e+02,2.361703296703296644e+02,2.234065934065934016e+02
9.003318903318901789e+01,1.616305916305916242e+02,2.349733333333333007e+02,2.241123809523809314e+02
9.008946608946608592e+01,1.612756132756132672e+02,2.346519337016574696e+02,2.244990791896869098e+02
9.020524017467248257e+01,1.606710334788937189e+02,2.341786372007366310e+02,2.246887661141804529e+02
9.019716312056736740e+01,1.605702127659574501e+02,2.338699633699633296e+02,2.251062271062270668e+02
9.020796460176991616e+01,1.592787610619469092e+02,2.330470809792843454e+02,2.254632768361582009e+02
9.030062305295949443e+01,1.571978193146417198e+02,2.321384015594541665e+02,2.259746588693957108e+02
9.024425287356321235e+01,1.568031609195402041e+02,2.318832391713747256e+02,2.262241054613935773e+02
9.013924050632911644e+01,1.560154711673698955e+02,2.315828677839850798e+02,2.264115456238361048e+02
9.030758226037194447e+01,1.547296137339055804e+02,2.314427350427350234e+02,2.265811965811965649e+02
9.026441631504921759e+01,1.539648382559774973e+02,2.302592592592592382e+02,2.272846003898635274e+02
9.048513302034427852e+01,1.525539906103286398e+02,2.297840909090909065e+02,2.273238636363636260e+02
9.060233918128653841e+01,1.518874269005847850e+02,2.293663003663003508e+02,2.275567765567765264e+02
9.081315396113602390e+01,1.508340807174888027e+02,2.293663003663003508e+02,2.275567765567765264e+02
9.090070921985814323e+01,1.495347517730496349e+02,2.282531194295899866e+02,2.283832442067736110e+02
9.088700564971750850e+01,1.485056497175141033e+02,2.276528599605522345e+02,2.286252465483234459e+02
9.115214384508989554e+01,1.475172890733056477e+02,2.268557504873294022e+02,2.290214424951266778e+02
9.153781512605041826e+01,1.461316526610644075e+02,2.266999999999999886e+02,2.290166666666666799e+02
9.157851239669420806e+01,1.455426997245178882e+02,2.259293478260869676e+02,2.293876811594202536e+02
9.185398230088495097e+01,1.438643067846607551e+02,2.259293478260869676e+02,2.293876811594202536e+02
9.197660818713448805e+01,1.429707602339181278e+02,2.250607638888888857e+02,2.299930555555555429e+02
9.218208516886930681e+01,1.416196769456681182e+02,2.239515828677839693e+02,2.305176908752327734e+02
9.245037037037036498e+01,1.408962962962962990e+02,2.234234234234234009e+02,2.307495495495495277e+02
9.257456140350876694e+01,1.402251461988304015e+02,2.233407821229050398e+02,2.307411545623835991e+02
9.267826086956522147e+01,1.393536231884058054e+02,2.226065292096219821e+02,2.313247422680412342e+02
9.292989985693847643e+01,1.379728183118741072e+02,2.223812154696132666e+02,2.314622467771638981e+02
9.296740740740739284e+01,1.378918518518518397e+02,2.211016949152542281e+02,2.320150659133709894e+02
9.321800281293951684e+01,1.370407876230660804e+02,2.204971098265895932e+02,2.324778420038535387e+02
9.351394422310757193e+01,1.360756972111553864e+02,2.205054347826086882e+02,2.325489130434782510e+02
9.406388888888888289e+01,1.348958333333333428e+02,2.201575091575091392e+02,2.328516483516483504e+02
9.435762483130903888e+01,1.340796221322536894e+02,2.192777777777777715e+02,2.334193548387096655e+02
9.527170868347337773e+01,1.326330532212884918e+02,2.183736263736263652e+02,2.337490842490842340e+02
9.566801619433198312e+01,1.318920377867746367e+02,2.179175627240143172e+02,2.339749103942652084e+02
9.575396825396825307e+01,1.316058201058201007e+02,2.174925093632958806e+02,2.340318352059925076e+02
9.601371742112482366e+01,1.309410150891632156e+02,2.171640211640211646e+02,2.343068783068783034e+02
9.664957264957264726e+01,1.299088319088318997e+02,2.162536231884057827e+02,2.349782608695652186e+02
9.727524204702626776e+01,1.291590594744121745e+02,2.154689265536723042e+02,2.353841807909604427e+02
9.759973226238285804e+01,1.286599732262382929e+02,2.153697916666666572e+02,2.354913194444444287e+02
9.795866666666665878e+01,1.281186666666666554e+02,2.150669934640522740e+02,2.357009803921568505e+02
9.845658263305321611e+01,1.273305322128851458e+02,2.137140151515151274e+02,2.363579545454545325e+02
9.835161744022502717e+01,1.273037974683544320e+02,2.136550387596899157e+02,2.365697674418604777e+02
9.922400000000000375e+01,1.262226666666666546e+02,2.127878787878787818e+02,2.371250000000000000e+02
9.979301075268816135e+01,1.255725806451612954e+02,2.125519125683060224e+02,2.373096539162112890e+02
1.004153225806451672e+02,1.250013440860215042e+02,2.123705673758865089e+02,2.374308510638297776e+02
1.003717948717948616e+02,1.249897435897435827e+02,2.119071969696969688e+02,2.377159090909090935e+02
1.014855967078189281e+02,1.239314128943758533e+02,2.113280423280423292e+02,2.381040564373897439e+02
1.020152143845089796e+02,1.234204702627939128e+02,2.104777183600712647e+02,2.383458110516934028e+02
1.028479999999999990e+02,1.226159999999999997e+02,2.100558558558558389e+02,2.387099099099098964e+02
1.032182539682539613e+02,1.222222222222222285e+02,2.090989010989011092e+02,2.389615384615384528e+02
1.038149659863945544e+02,1.215360544217686964e+02,2.079082397003745086e+02,2.395730337078651644e+02
1.039276960784313673e+02,1.216482843137254690e+02,2.076448087431693921e+02,2.396593806921675593e+02
1.049749670619235786e+02,1.205362318840579547e+02,2.058719512195121979e+02,2.402337398373983319e+02
1.056869095816464181e+02,1.199622132253711158e+02,2.052558558558558275e+02,2.403819819819819656e+02
1.063503937007874072e+02,1.194685039370078670e+02,2.046394927536231876e+02,2.405271739130434696e+02
1.071404958677685926e+02,1.190206611570247901e+02,2.036384180790960556e+02,2.411337099811675841e+02
1.068606557377049171e+02,1.190204918032786878e+02,2.019454545454545382e+02,2.418080808080807742e+02
1.075428973277074505e+02,1.187862165963431664e+02,2.008179959100204428e+02,2.421942740286298488e+02
1.081491935483871032e+02,1.185067204301075208e+02,2.001942857142857122e+02,2.423923809523809325e+02
1.089746666666666499e+02,1.181773333333333227e+02,1.994196078431372143e+02,2.427431372549019386e+02
1.097535014005602250e+02,1.180532212885154024e+02,1.979820359281437163e+02,2.436866267465069598e+02
1.111028806584362201e+02,1.179108367626886036e+02,1.968895705521472337e+02,2.439611451942740246e+02
1.109543726235741445e+02,1.177820025348542430e+02,1.956257668711656379e+02,2.445235173824130470e+02
1.113424479166666572e+02,1.177539062500000000e+02,1.949904214559386730e+02,2.450651340996168415e+02
1.123454790823211766e+02,1.178326585695006656e+02,1.937928994082840291e+02,2.456844181459565846e+02
1.123454790823211766e+02,1.178326585695006656e+02,1.925818540433924966e+02,2.463530571992110367e+02
1.131001371742112411e+02,1.178710562414266008e+02,1.916184738955823263e+02,2.469558232931726707e+02
1.136627604166666572e+02,1.179036458333333286e+02,1.910141414141414202e+02,2.476282828282828063e+02
1.144330601092896131e+02,1.180040983606557319e+02,1.899383429672446653e+02,2.483564547206165685e+02
1.149618208516886853e+02,1.181776798825256947e+02,1.891939736346515701e+02,2.486308851224105183e+02
1.151808367071524799e+02,1.183252361673414299e+02,1.880933333333333053e+02,2.494723809523809450e+02
1.154609929078014119e+02,1.185815602836879350e+02,1.879333333333333087e+02,2.496843137254901706e+02
1.150639999999999930e+02,1.187573333333333352e+02,nan,nan
1.149029374201787874e+02,1.187586206896551744e+02,1.865341614906832319e+02,2.502236024844720532e+02
1.151763191763191685e+02,1.195945945945945965e+02,1.863294346978557314e+02,2.503313840155945229e+02
1.152846153846153783e+02,1.200282051282051299e+02,1.857302504816955491e+02,2.505414258188824590e+02
1.152633587786259568e+02,1.204198473282442734e+02,1.848955823293172500e+02,2.508775100401606153e+02
1.154810606060606091e+02,1.214936868686868650e+02,nan,nan
1.155883084577114346e+02,1.219278606965173992e+02,1.842781186094069596e+02,2.509509202453987768e+02
1.156574803149606367e+02,1.228175853018372550e+02,nan,nan
1.158423988842398842e+02,1.237949790794979066e+02,1.836747967479674628e+02,2.510894308943089186e+02
1.156997354497354422e+02,1.241613756613756578e+02,1.835632183908045931e+02,2.510938697318007371e+02
1.157677165354330668e+02,1.245144356955380545e+02,1.828994082840236786e+02,2.512485207100591822e+02
1.157874999999999943e+02,1.253777777777777658e+02,1.825921568627450711e+02,2.512333333333333201e+02
1.158141843971631175e+02,1.264822695035460924e+02,1.824196787148594296e+02,2.513172690763051946e+02
1.157822045152722410e+02,1.272563081009296155e+02,1.822078189300411282e+02,2.513353909465020308e+02
1.159031811894882367e+02,1.280608575380359468e+02,1.819980158730158450e+02,2.513849206349206327e+02
1.158674863387978036e+02,1.290027322404371546e+02,nan,nan
1.158847222222222229e+02,1.299305555555555429e+02,1.815151515151515014e+02,2.513616161616161548e+02
1.159473684210526301e+02,1.311106612685559867e+02,nan,nan
1.160819672131147513e+02,1.321844262295082046e+02,nan,nan
1.159391424619640389e+02,1.334080221300138192e+02,1.798312757201645979e+02,2.516316872427983355e+02
1.159112903225806406e+02,1.337849462365591364e+02,1.795155279503105703e+02,2.515010351966873543e+02
1.160392953929539175e+02,1.350406504065040565e+02,nan,nan
1.159934895833333286e+02,1.361015625000000000e+02,1.791151515151515241e+02,2.516949494949494692e+02
1.159488243430152039e+02,1.376777316735822865e+02,nan,nan
1.159776847977684753e+02,1.386331938633193772e+02,1.786259259259259125e+02,2.519388888888888971e+02
1.159098360655737707e+02,1.394822404371584526e+02,nan,nan
1.158852005532503426e+02,1.410124481327800936e+02,nan,nan
1.159325396825396837e+02,1.416746031746031633e+02,nan,nan
1.159125683060109253e+02,1.426639344262295026e+02,1.767936507936507837e+02,2.523531746031745797e+02
1.156995884773662482e+02,1.449259259259259238e+02,1.759563492063491879e+02,2.524662698412698205e+02
1.157999999999999972e+02,1.463446808510638277e+02,nan,nan
1.157248226950354564e+02,1.473035460992907701e+02,nan,nan
1.157772925764192138e+02,1.486084425036389973e+02,nan,nan
1.157563025210084078e+02,1.494453781512605133e+02,nan,nan
1.158091286307053878e+02,1.512738589211618319e+02,nan,nan
1.156413690476190368e+02,1.526547619047618980e+02,1.716748466257668611e+02,2.525848670756645902e+02
1.155541310541310480e+02,1.537977207977207854e+02,1.710329218106995768e+02,2.524485596707818900e+02
1.155027548209366302e+02,1.539325068870523410e+02,1.709600798403193664e+02,2.524730538922155745e+02
1.149567099567099575e+02,1.563823953823953730e+02,1.703105590062111787e+02,2.523788819875776426e+02
1.147613168724279831e+02,1.572770919067215232e+02,1.694801587301587062e+02,2.524603174603174409e+02
1.141969696969696884e+02,1.594303030303030084e+02,1.684251497005988085e+02,2.521197604790419291e+02
1.139576023391812782e+02,1.604619883040935520e+02,1.684503968253968083e+02,2.513948412698412369e+02
1.137623188405797094e+02,1.611811594202898448e+02,1.681976047904191489e+02,2.504790419161676596e+02
1.130300429184549387e+02,1.629871244635193079e+02,1.671988636363636260e+02,2.496628787878787818e+02
1.128678160919540119e+02,1.639597701149425291e+02,1.669441340782123007e+02,2.492513966480447039e+02
1.125089285714285694e+02,1.648764880952380736e+02,1.660262172284644180e+02,2.485786516853932540e+02
1.120848484848484787e+02,1.662075757575757393e+02,1.654498207885304453e+02,2.482956989247311697e+02
1.117247023809523796e+02,1.675193452380952124e+02,1.654498207885304453e+02,2.482956989247311697e+02
1.115094614264919812e+02,1.683668122270742344e+02,1.654134078212290433e+02,2.482998137802607062e+02
1.112531120331950234e+02,1.690871369294605699e+02,1.640114285714285813e+02,2.481942857142857122e+02
1.105310734463276816e+02,1.709858757062146708e+02,1.632845528455284523e+02,2.479491869918699081e+02
1.103056768558952001e+02,1.716113537117904002e+02,1.629771428571428658e+02,2.478533333333332962e+02
1.098264840182648356e+02,1.729041095890410986e+02,1.630912698412698205e+02,2.479226190476190368e+02
1.094054487179487154e+02,1.744967948717948616e+02,1.624590163934426243e+02,2.476429872495446034e+02
1.091800595238095184e+02,1.753392857142857224e+02,1.614476190476190425e+02,2.474495238095237823e+02
1.085863636363636431e+02,1.769378787878787591e+02,1.611123388581952156e+02,2.473001841620625783e+02
1.081126331811263270e+02,1.782648401826484132e+02,1.606684397163120366e+02,2.472500000000000000e+02
1.079090909090909065e+02,1.790712121212121133e+02,1.608925318761384347e+02,2.473023679417121912e+02
1.073087557603686690e+02,1.809723502304147473e+02,1.608925318761384347e+02,2.473023679417121912e+02
1.071173708920187835e+02,1.817762128325508399e+02,1.600549450549450512e+02,2.473846153846153868e+02
1.067811594202898391e+02,1.821202898550724569e+02,1.592481060606060339e+02,2.472992424242424079e+02
1.064926900584795249e+02,1.832880116959064196e+02,1.590727969348658917e+02,2.472068965517241281e+02
1.060057720057720019e+02,1.847532467532467422e+02,1.589469696969696884e+02,2.473522727272727195e+02
1.058479532163742647e+02,1.856549707602339083e+02,1.587481481481481467e+02,2.474425925925925753e+02
1.054978902953586442e+02,1.869170182841068595e+02,1.578962962962962990e+02,2.475944444444444343e+02
1.051943262411347462e+02,1.876808510638297776e+02,1.573783783783783861e+02,2.474774774774774642e+02
1.045797720797720700e+02,1.892037037037036953e+02,1.575823970037453137e+02,2.475411985018726284e+02
1.043935574229691809e+02,1.904523809523809348e+02,1.569175824175824232e+02,2.475750915750915624e+02
1.040156028368794239e+02,1.920127659574468169e+02,1.568652482269503423e+02,2.476631205673758700e+02
1.036829629629629466e+02,1.930948148148147823e+02,1.560492424242424079e+02,2.477367424242424079e+02
1.034501424501424509e+02,1.937507122507122403e+02,1.554566473988439270e+02,2.476763005780346703e+02
1.031180555555555571e+02,1.948055555555555429e+02,1.552546816479400604e+02,2.476385767790262094e+02
1.028424753867791708e+02,1.959746835443037867e+02,1.547297297297297405e+02,2.476756756756756772e+02
1.025710382513661187e+02,1.970437158469945302e+02,1.544193548387096655e+02,2.477186379928315318e+02
1.020715307582260323e+02,1.981287553648068638e+02,1.537567567567567437e+02,2.477405405405405361e+02
1.018643578643578564e+02,1.991962481962481775e+02,1.531142857142857281e+02,2.477257142857142753e+02
1.015705967976710298e+02,2.007205240174672554e+02,1.524632768361582009e+02,2.477871939736346292e+02
1.014612068965517295e+02,2.014597701149425291e+02,1.521843575418994305e+02,2.478119180633146925e+02
1.009676945668134920e+02,2.027283406754772273e+02,1.519861932938855773e+02,2.479250493096646721e+02
1.008466947960618683e+02,2.031490857946554058e+02,1.521714836223506495e+02,2.481811175337186626e+02
1.005137085137085080e+02,2.044848484848484986e+02,1.518191056910569046e+02,2.482540650406504028e+02
1.002304526748971227e+02,2.055102880658436106e+02,1.511111111111111143e+02,2.484054580896685991e+02
1.000182072829131670e+02,2.059803921568627345e+02,1.510426356589147190e+02,2.485290697674418539e+02
9.974517906336087947e+01,2.071928374655647360e+02,1.504046242774566338e+02,2.485337186897880315e+02
9.974517906336087947e+01,2.071928374655647360e+02,1.503274853801169684e+02,2.485341130604288082e+02
9.910121457489879049e+01,2.093171390013495170e+02,1.502598870056497162e+02,2.487871939736346292e+02
9.886784140969163559e+01,2.100763582966226011e+02,1.494814814814814667e+02,2.487777777777777715e+02
9.861944444444444002e+01,2.106652777777777601e+02,1.494189944134078303e+02,2.487560521415269648e+02
9.868368794326239879e+01,2.111702127659574444e+02,1.496629834254143532e+02,2.487826887661141768e+02
9.847755102040815700e+01,2.117850340136054115e+02,1.492185185185185219e+02,2.488277777777777828e+02
9.811755952380951840e+01,2.127931547619047592e+02,1.486782945736433987e+02,2.487558139534883708e+02
9.797333333333332916e+01,2.134948148148147880e+02,1.489518304431599063e+02,2.489980732177263860e+02
9.798765432098765871e+01,2.142935528120713116e+02,1.486313725490196020e+02,2.489823529411764582e+02
9.766390041493775698e+01,2.150387275242046883e+02,1.486313725490196020e+02,2.489823529411764582e+02
9.753813559322033200e+01,2.156059322033898411e+02,1.486313725490196020e+02,2.489823529411764582e+02
9.707993966817494425e+01,2.172911010558069052e+02,1.478313492063491879e+02,2.487896825396825307e+02
9.701580459770113407e+01,2.180028735632183725e+02,1.485177304964539076e+02,2.490478723404255277e+02
9.702597402597402265e+01,2.195122655122654862e+02,1.484094202898550634e+02,2.490271739130434696e+02
9.702279202279201797e+01,2.203290598290598155e+02,1.482771535580524187e+02,2.491235955056179705e+02
9.686435786435785644e+01,2.208196248196248064e+02,1.482771535580524187e+02,2.491235955056179705e+02
9.659399684044232970e+01,2.213475513428119825e+02,1.476552380952380759e+02,2.487790476190475886e+02
9.660663507109005366e+01,2.221121642969984009e+02,1.475872093023255900e+02,2.485096899224806180e+02
9.662012012012010587e+01,2.231621621621621614e+02,1.477980392156862592e+02,2.485509803921568448e+02
9.656727828746176101e+01,2.234403669724770509e+02,1.476425925925925924e+02,2.482722222222222115e+02
9.646009389671361589e+01,2.251048513302034166e+02,1.478838951310861489e+02,2.475936329588014928e+02
9.640639269406392486e+01,2.255357686453576775e+02,1.479128787878787818e+02,2.467859848484848158e+02
9.626388888888888573e+01,2.264152777777777601e+02,1.480736434108526964e+02,2.462887596899224718e+02
9.616885007278018804e+01,2.272503639010189147e+02,1.478876190476190402e+02,2.456761904761904418e+02
9.606060606060604812e+01,2.282181818181818187e+02,1.478192090395480136e+02,2.453917137476459231e+02
9.615086206896552312e+01,2.291379310344827616e+02,1.476007532956685395e+02,2.446911487758945043e+02
9.604613095238094900e+01,2.300119047619047592e+02,1.473679417122039865e+02,2.440655737704917954e+02
9.604741980474197760e+01,2.306834030683402830e+02,1.472363315696648840e+02,2.438641975308641747e+02
9.602136752136752307e+01,2.318105413105413106e+02,1.471117318435754271e+02,2.436461824953445046e+02
9.595507246376810429e+01,2.334695652173913061e+02,1.469007092198581574e+02,2.434308510638297776e+02
9.589641434262948394e+01,2.337702523240371590e+02,1.466152482269503423e+02,2.429734042553191387e+02
9.597154471544715193e+01,2.349850948509484851e+02,1.464259259259259238e+02,2.424277777777777771e+02
9.603293807641632895e+01,2.363412384716732220e+02,1.463639639639639540e+02,2.422792792792792795e+02
9.595703703703702558e+01,2.388785185185185185e+02,1.463639639639639540e+02,2.422792792792792795e+02
9.603129251700678992e+01,2.402136054421768563e+02,1.459253187613843181e+02,2.417559198542804779e+02
9.596370967741935942e+01,2.406720430107526738e+02,1.459253187613843181e+02,2.417559198542804779e+02
9.593783068783068302e+01,2.411111111111111143e+02,1.451735395189003270e+02,2.407560137457044505e+02
9.600140646976089442e+01,2.432672292545709922e+02,1.451842105263157805e+02,2.405719298245613800e+02
9.605248226950354251e+01,2.445148936170212721e+02,1.451842105263157805e+02,2.405719298245613800e+02
9.620816326530612628e+01,2.456054421768707243e+02,1.451842105263157805e+02,2.405719298245613800e+02
9.629045643153527578e+01,2.464080221300138192e+02,1.451254901960784309e+02,2.403411764705882376e+02
9.643055555555555713e+01,2.474819444444444230e+02,1.440277777777777715e+02,2.391870370370370154e+02
9.656515775034293370e+01,2.487873799725651338e+02,1.437259259259259068e+02,2.387259259259259068e+02
9.650550964187327452e+01,2.490027548209366159e+02,1.437259259259259068e+02,2.387259259259259068e+02
9.672060857538035350e+01,2.501867219917012335e+02,1.435630885122410518e+02,2.381845574387947124e+02
9.716011644832605043e+01,2.516390101892285145e+02,1.434266666666666481e+02,2.381409523809523705e+02
9.742799999999999727e+01,2.521746666666666670e+02,1.428644688644688472e+02,2.376556776556776356e+02
9.745669291338582241e+01,2.526784776902887018e+02,1.424982078853046517e+02,2.373064516129032313e+02
9.780490956072350173e+01,2.535129198966407955e+02,1.421786941580755865e+02,2.368659793814433101e+02
9.810641025641024271e+01,2.541089743589743364e+02,1.418758865248226755e+02,2.362836879432623789e+02
9.835826771653543688e+01,2.549422572178477537e+02,1.414608378870673846e+02,2.357504553734061687e+02
9.867341430499324417e+01,2.556180836707152366e+02,1.405904761904761813e+02,2.348076190476190277e+02
9.962568306010928154e+01,2.569262295081967409e+02,1.404139784946236489e+02,2.346397849462365457e+02
9.963333333333332575e+01,2.572013333333333094e+02,1.398882882882882939e+02,2.339711711711711644e+02
9.983401920438956267e+01,2.579849108367626513e+02,1.400293040293040292e+02,2.338534798534798256e+02
9.988510638297871935e+01,2.580425531914893895e+02,1.393650793650793673e+02,2.331269841269841265e+02
1.009529569892473120e+02,2.592795698924730914e+02,1.385280898876404478e+02,2.322827715355805083e+02
1.010333333333333314e+02,2.597613333333333117e+02,1.382697495183044225e+02,2.319190751445086676e+02
1.014235294117647044e+02,2.602653594771241501e+02,1.379804964539007130e+02,2.316489361702127781e+02
1.018492063492063551e+02,2.607619047619047592e+02,1.377495495495495277e+02,2.313855855855855452e+02
1.020723514211886140e+02,2.611821705426356743e+02,1.373636363636363740e+02,2.306155303030302832e+02
1.026028097062579718e+02,2.616653895274584443e+02,1.366981481481481353e+02,2.299314814814814554e+02
1.032064102564102512e+02,2.623435897435897459e+02,1.364592198581560183e+02,2.295585106382978609e+02
1.037470817120622542e+02,2.629727626459143721e+02,1.361197916666666572e+02,2.292378472222222001e+02
1.042916666666666714e+02,2.633597222222222172e+02,1.361252302025782512e+02,2.290589318600368074e+02
1.046076115485564202e+02,2.638188976377952599e+02,1.354227188081936504e+02,2.282327746741154328e+02
1.047325102880658392e+02,2.641577503429355147e+02,1.348601532567049617e+02,2.272183908045977034e+02
1.058702185792349724e+02,2.647062841530054698e+02,1.347028571428571411e+02,2.270647619047618662e+02
1.062568306010928865e+02,2.649139344262295026e+02,1.345469613259668620e+02,2.268268876611417966e+02
1.070494350282485811e+02,2.652556497175141317e+02,1.341790780141843982e+02,2.265372340425531945e+02
1.076099585062240607e+02,2.654882434301521243e+02,1.339617486338797789e+02,2.261876138433515280e+02
1.085224867724867579e+02,2.657380952380952408e+02,1.333371428571428510e+02,2.253238095238095013e+02
1.092652777777777686e+02,2.659458333333333258e+02,1.330703703703703695e+02,2.250999999999999943e+02
1.097599502487562120e+02,2.660373134328358447e+02,1.326928838951310752e+02,2.247265917602995842e+02
1.101579651941097637e+02,2.662530120481927725e+02,1.326928838951310752e+02,2.247265917602995842e+02
1.117386666666666599e+02,2.663573333333333153e+02,1.320183150183150076e+02,2.240384615384615472e+02
1.122807017543859587e+02,2.665249662618083448e+02,1.315940409683426253e+02,2.234525139664804385e+02
1.132039381153305158e+02,2.666905766526019761e+02,1.312865168539325964e+02,2.232041198501872259e+02
1.129100968188105014e+02,2.667869986168741434e+02,1.311860036832412391e+02,2.231049723756906076e+02
1.144992967651195386e+02,2.668129395218002742e+02,1.308728323699421878e+02,2.225183044315992049e+02
1.154822404371584668e+02,2.667896174863387841e+02,1.307065868263473192e+02,2.223333333333333144e+02
1.165613275613275448e+02,2.668124098124097827e+02,1.298424242424242436e+02,2.216404040404040359e+02
1.170341880341880341e+02,2.669971509971509818e+02,1.297549019607843093e+02,2.214431372549019272e+02
1.170387275242047025e+02,2.669432918395573893e+02,1.297021696252465404e+02,2.212642998027613146e+02
1.179756097560975547e+02,2.670108401084010552e+02,1.295685071574642109e+02,2.210347648261758593e+02
1.185120000000000005e+02,2.670133333333333212e+02,1.291054613935969826e+02,2.205800376647834184e+02
1.194951989026063046e+02,2.669794238683127787e+02,1.286647940074906273e+02,2.200056179775280896e+02
1.207603305785123950e+02,2.669366391184572649e+02,1.285996168582375390e+02,2.200172413793103487e+02
1.211511470985155086e+02,2.670485829959513921e+02,1.283479052823315101e+02,2.196903460837886826e+02
1.220474254742547373e+02,2.671490514905148643e+02,1.276996124031007724e+02,2.189593023255814046e+02
1.227689243027888466e+02,2.671248339973439556e+02,1.276432748538011737e+02,2.185438596491227941e+02
1.245633187772925794e+02,2.668995633187772683e+02,1.272259259259259068e+02,2.182111111111111086e+02
1.248389830508474603e+02,2.668884180790960272e+02,1.268888888888888715e+02,2.179482758620689538e+02
1.247385620915032689e+02,2.669699346405228653e+02,1.264962962962962933e+02,2.176259259259259125e+02
1.254607464607464493e+02,2.668416988416988147e+02,1.266630036630036500e+02,2.176941391941391544e+02
1.259534883720930196e+02,2.668152454780361609e+02,1.262295081967213122e+02,2.171347905282331396e+02
1.281487603305785115e+02,2.666542699724517433e+02,1.255322283609576317e+02,2.163296500920810104e+02
1.286707482993197118e+02,2.666843537414965795e+02,1.252599206349206185e+02,2.159583333333333428e+02
1.288911845730027323e+02,2.666005509641873346e+02,1.253514056224899491e+02,2.160180722891566347e+02
1.302092050209205070e+02,2.664365411436540967e+02,1.250115606936416128e+02,2.156512524084778306e+02
1.308244170096022003e+02,2.663031550068586739e+02,1.244742063492063409e+02,2.150357142857142776e+02
1.317091906721536247e+02,2.662222222222222285e+02,1.241123809523809456e+02,2.144857142857142946e+02
1.319523809523809348e+02,2.662326530612244824e+02,1.239212454212454020e+02,2.142307692307692264e+02
1.325710491367861721e+02,2.660000000000000000e+02,1.240018518518518391e+02,2.142777777777777715e+02
1.339035812672176178e+02,2.655523415977961577e+02,1.231899641577060862e+02,2.134623655913978553e+02
1.343089430894308975e+02,2.652750677506775219e+02,1.223042635658914605e+02,2.123856589147286513e+02
1.360318118948824235e+02,2.640525587828492462e+02,1.217107279693486390e+02,2.117701149425287497e+02
1.365676429567642742e+02,2.638047419804742049e+02,1.216242774566474054e+02,2.112466281310211684e+02
1.370716253443525829e+02,2.636280991735537214e+02,1.216300578034682047e+02,2.112524084778419819e+02
1.378241912798874864e+02,2.631364275668072992e+02,1.205613026819923164e+02,2.103754789272030337e+02
1.383089080459770059e+02,2.626250000000000000e+02,1.196933333333333280e+02,2.092647619047618832e+02
1.390190058479532240e+02,2.619356725146198528e+02,1.192153558052434335e+02,2.081816479400748676e+02
1.391871584699453592e+02,2.619535519125682868e+02,1.184313725490195992e+02,2.071843137254901706e+02
1.394752342704149726e+02,2.616599732262382645e+02,1.173395445134575397e+02,2.059006211180124239e+02
1.401097046413502198e+02,2.611434599156117997e+02,1.167689393939393909e+02,2.052727272727272805e+02
1.402594086021505291e+02,2.610698924731182728e+02,1.158677839851024203e+02,2.041694599627560365e+02
1.411396957123098161e+02,2.599073305670816012e+02,1.148026819923371562e+02,2.030459770114942444e+02
1.413766404199475062e+02,2.598031496062992005e+02,1.145977653631284880e+02,2.027076350093109625e+02
1.415842985842985797e+02,2.595765765765765423e+02,1.140923076923076991e+02,2.021931623931623676e+02
1.415949535192562792e+02,2.596347941567065050e+02,1.136465201465201318e+02,2.015274725274725256e+02
1.422051282051282044e+02,2.589743589743589496e+02,1.130411985018726568e+02,2.007921348314606860e+02
1.428884057971014272e+02,2.575521739130434753e+02,1.121550802139037444e+02,1.996185383244206548e+02
1.425381355932203462e+02,2.579096045197740068e+02,1.116884057971014386e+02,1.989673913043478137e+02
1.424951989026062904e+02,2.580699588477366433e+02,1.116519337016574553e+02,1.988213627992633405e+02
1.426203703703703525e+02,2.572645502645502802e+02,1.108439306358381486e+02,1.980712909441232910e+02
1.426259541984732948e+02,2.570737913486004800e+02,1.101721611721611680e+02,1.973553113553113292e+02
1.427893333333333032e+02,2.559093333333333078e+02,1.098700564971751419e+02,1.968606403013182273e+02
1.429051490514904970e+02,2.554200542005419834e+02,1.096065891472868117e+02,1.965116279069767415e+02
1.429527665317138769e+02,2.550350877192982466e+02,1.095833333333333286e+02,1.964651162790697754e+02
1.429079999999999870e+02,2.549693333333333101e+02,1.092569832402234624e+02,1.961154562383612472e+02
1.429288537549407181e+02,2.541686429512516270e+02,1.092746212121212039e+02,1.960700757575757223e+02
1.429230769230769340e+02,2.534682860998650256e+02,1.084901960784313673e+02,1.954098039215686242e+02
1.427519685039370074e+02,2.531548556430446126e+02,1.084444444444444429e+02,1.953888888888888857e+02
1.425813333333333048e+02,2.525693333333333044e+02,1.084444444444444429e+02,1.953888888888888857e+02
1.424765729585006682e+02,2.524283801874163089e+02,1.082104283054003560e+02,1.951620111731843679e+02
1.423835978835978722e+02,2.515515873015872899e+02,1.082877959927140097e+02,1.951857923497267677e+02
1.423624841571609352e+02,2.515221799746514364e+02,1.077592592592592524e+02,1.950781893004115091e+02
1.422628205128204968e+02,2.512038461538461434e+02,1.076962524654832265e+02,1.951715976331360878e+02
1.419118457300275509e+02,2.502727272727272805e+02,1.077431372549019528e+02,1.952156862745097783e+02
1.416601562500000000e+02,2.493554687500000000e+02,1.076962524654832265e+02,1.951715976331360878e+02
1.416627906976744100e+02,2.492726098191214419e+02,1.070433925049309636e+02,1.945325443786982191e+02
1.413319268635724200e+02,2.488087201125175625e+02,1.066924493554327711e+02,1.945156537753222494e+02
1.413267716535433181e+02,2.487887139107611461e+02,1.065819209039547957e+02,1.946290018832391411e+02
1.412406692406692343e+02,2.484813384813384687e+02,1.063844696969696884e+02,1.945265151515151274e+02
1.408984375000000000e+02,2.477968750000000000e+02,1.063844696969696884e+02,1.945265151515151274e+02
1.406949806949806998e+02,2.470733590733590859e+02,1.063844696969696884e+02,1.945265151515151274e+02
1.403807531380753062e+02,2.460711297071129593e+02,1.057652859960552263e+02,1.942011834319526713e+02
1.401361111111110915e+02,2.458763888888888687e+02,1.057265469061876217e+02,1.942335329341317447e+02
1.399123505976095601e+02,2.446401062416998684e+02,1.050905587668593313e+02,1.936994219653179243e+02
1.397647058823529278e+02,2.445254901960784366e+02,1.049101123595505669e+02,1.936067415730337018e+02
1.396485788113695037e+02,2.439069767441860392e+02,1.049101123595505669e+02,1.936067415730337018e+02
1.395461847389558159e+02,2.429062918340026727e+02,1.050941176470588232e+02,1.936568627450980387e+02
1.391619812583667795e+02,2.415448460508701487e+02,1.050611439842209052e+02,1.937751479289940733e+02
1.390965608465608341e+02,2.412751322751322505e+02,1.049730250481695464e+02,1.936936416184971108e+02
1.390631313131312936e+02,2.408005050505050235e+02,1.050590476190476181e+02,1.937314285714285802e+02
1.389038461538461604e+02,2.397358974358974137e+02,1.050590476190476181e+02,1.937314285714285802e+02
1.388247863247863165e+02,2.379715099715099598e+02,1.045349301397205579e+02,1.930379241516965863e+02
1.385287356321838956e+02,2.367931034482758719e+02,1.048333333333333144e+02,1.931862745098038943e+02
1.384019204389574611e+02,2.363731138545953172e+02,1.048333333333333144e+02,1.931862745098038943e+02
1.383429355281207052e+02,2.355171467764060367e+02,1.048333333333333144e+02,1.931862745098038943e+02
1.383374655647382951e+02,2.345537190082644656e+02,1.050681399631675816e+02,1.927090239410681249e+02
1.381290780141843868e+02,2.336794326241134740e+02,1.050333333333333314e+02,1.922592592592592382e+02
1.381257062146892451e+02,2.321398305084745743e+02,1.049836956521739069e+02,1.921847826086956559e+02
1.380026773761713343e+02,2.319103078982597026e+02,1.051318681318681314e+02,1.922527472527472412e+02
1.380178326474622565e+02,2.307681755829903807e+02,1.050056179775280896e+02,1.921292134831460601e+02
1.379087301587301511e+02,2.305330687830687566e+02,1.053255813953488342e+02,1.921724806201550280e+02
1.379586776859504198e+02,2.289600550964186993e+02,1.056847826086956559e+02,1.918025362318840337e+02
1.378943758573387868e+02,2.282085048010973765e+02,1.057988505747126453e+02,1.919367816091954069e+02
1.379731800766283527e+02,2.275925925925925810e+02,1.059802761341222777e+02,1.919960552268244385e+02
1.378521505376344010e+02,2.264301075268816987e+02,1.059794007490636574e+02,1.919138576779025982e+02
1.376972111553784828e+02,2.259468791500663940e+02,1.063021442495126507e+02,1.920760233918128677e+02
1.376858407079646156e+02,2.238672566371681398e+02,1.067322097378277022e+02,1.922041198501872259e+02
1.377305555555555259e+02,2.235916666666666686e+02,1.069693486590038134e+02,1.924961685823754465e+02
1.377233201581027799e+02,2.227931488801054059e+02,1.069925093632958664e+02,1.925749063670411658e+02
1.377764550264550110e+02,2.212910052910052627e+02,1.069723756906077341e+02,1.925027624309392138e+02
1.378569444444444230e+02,2.201708333333333201e+02,1.076190476190476204e+02,1.929563492063491879e+02
1.379548022598870034e+02,2.189830508474576334e+02,1.086450980392156680e+02,1.936686274509803809e+02
1.379314516129032313e+02,2.185080645161290249e+02,1.091027131782945645e+02,1.941395348837209269e+02
1.383210884353741505e+02,2.177278911564625616e+02,1.092284644194756424e+02,1.943932584269662982e+02
1.385168690958164461e+02,2.170148448043184715e+02,1.094558232931726707e+02,1.949979919678714850e+02
1.392921810699588434e+02,2.150644718792866854e+02,1.096319845857418045e+02,1.953660886319845531e+02
1.397507246376811452e+02,2.138173913043478365e+02,1.094651162790697612e+02,1.952829457364341010e+02
1.402860998650472197e+02,2.123913630229419596e+02,1.100271317829457161e+02,1.957790697674418539e+02
1.404941176470588289e+02,2.115751633986928084e+02,1.100392156862745026e+02,1.958176470588235247e+02
1.410040983606557461e+02,2.103005464480874025e+02,1.102896825396825307e+02,1.964027777777777715e+02
1.412346666666666692e+02,2.096719999999999970e+02,1.101464354527938241e+02,1.966030828516377369e+02
1.418688085676037360e+02,2.082088353413654715e+02,1.103552894211576785e+02,1.969900199600798203e+02
1.421309041835357334e+02,2.076963562753036570e+02,1.107419962335216468e+02,1.974237288135593360e+02
1.426083333333333201e+02,2.061388888888888573e+02,1.106590038314176070e+02,1.974559386973179755e+02
1.425741496598639344e+02,2.050653061224489875e+02,1.113674242424242351e+02,1.982859848484848158e+02
1.423865110246433119e+02,2.031245136186770424e+02,1.104194756554307020e+02,1.982378277153557917e+02
1.420420054200541813e+02,2.011639566395663792e+02,1.102112403100775140e+02,1.983488372093023315e+02
1.416351706036745099e+02,1.994724409448818960e+02,1.097039215686274360e+02,1.986215686274509551e+02
1.414236641221374100e+02,1.979516539440203360e+02,1.095144508670520196e+02,1.990289017341040392e+02
1.411222222222222342e+02,1.969185185185185105e+02,1.090140562248995906e+02,1.989939759036144551e+02
1.408574793875147009e+02,1.958162544169611294e+02,1.094740740740740677e+02,1.994277777777777771e+02
1.404209245742092378e+02,1.948552311435522881e+02,1.081843137254901848e+02,1.996921568627450938e+02
1.399309523809523625e+02,1.933654761904761870e+02,1.064899598393574252e+02,2.005522088353413608e+02
1.395157004830917629e+02,1.921243961352656697e+02,1.051676767676767525e+02,2.009494949494949481e+02
1.389952885747938751e+02,1.908763250883392288e+02,nan,nan
1.384802469135802312e+02,1.891851851851851904e+02,1.030040650406503886e+02,2.023109756097560989e+02
1.378416988416988431e+02,1.877104247104247179e+02,nan,nan
1.377595419847328344e+02,1.870572519083969496e+02,nan,nan
1.372416356877323551e+02,1.859814126394051925e+02,nan,nan
1.371134751773049629e+02,1.853037825059101635e+02,9.955757575757576205e+01,2.049616161616161492e+02
1.365551470588235361e+02,1.839620098039215463e+02,9.902713178294571605e+01,2.054437984496123875e+02
1.359759188846641109e+02,1.826615969581748971e+02,9.884253578732105439e+01,2.057770961145194235e+02
1.354068627450980387e+02,1.813615196078431211e+02,9.863137254901960205e+01,2.060901960784313474e+02
1.351779448621553570e+02,1.807982456140350678e+02,9.845341614906831751e+01,2.063436853002069995e+02
1.346346863468634751e+02,1.795904059040590539e+02,9.768836291913214609e+01,2.070335305719920882e+02
1.344639303482586854e+02,1.792189054726368056e+02,9.773333333333333428e+01,2.070626262626262246e+02
1.337670527670527463e+02,1.777271557271557185e+02,9.675959595959595561e+01,2.075515151515151615e+02
1.335572715572715481e+02,1.774607464607464351e+02,nan,nan
1.334037037037037123e+02,1.769925925925925867e+02,9.663636363636364024e+01,2.083090909090909122e+02
1.329746514575411709e+02,1.762294043092522031e+02,9.639428571428571502e+01,2.086704761904761654e+02
1.326318944844124701e+02,1.756918465227817592e+02,nan,nan
1.319754901960784252e+02,1.745281862745098067e+02,9.630470347648261509e+01,2.094008179959099891e+02
1.314275092936802878e+02,1.737137546468401581e+02,9.646825396825396126e+01,2.094900793650793389e+02
1.310993710691823821e+02,1.730616352201257655e+02,nan,nan
1.306022304832713701e+02,1.725501858736059546e+02,9.685742971887549402e+01,2.103232931726907395e+02
1.298226666666666631e+02,1.717906666666666524e+02,9.647305389221557448e+01,2.105209580838323404e+02
1.290367454068241386e+02,1.711089238845144394e+02,9.639682539682539186e+01,2.108988095238095184e+02
1.285902255639097689e+02,1.708007518796992485e+02,9.649019607843136725e+01,2.112647058823529278e+02
1.282468193384223696e+02,1.705000000000000000e+02,9.623045267489710852e+01,2.112901234567901270e+02
1.272938931297709928e+02,1.697926208651399520e+02,nan,nan
1.266526181353767413e+02,1.693231162196679236e+02,9.617602996254680647e+01,2.120187265917602701e+02
1.253306772908366469e+02,1.685564409030544368e+02,nan,nan
1.248237547892720301e+02,1.682515964240102164e+02,9.668484848484848726e+01,2.124868686868686609e+02
1.246235294117647072e+02,1.682797385620914952e+02,9.669841269841269593e+01,2.124980158730158450e+02
1.236844783715012710e+02,1.679631043256997316e+02,9.669841269841269593e+01,2.124980158730158450e+02
1.233856960408684387e+02,1.678492975734355070e+02,9.687719298245613686e+01,2.135107212475633105e+02
1.224819277108433795e+02,1.672610441767068323e+02,9.667701863354037073e+01,2.136749482401656053e+02
1.219644268774703590e+02,1.670382081686429387e+02,9.586553030303029743e+01,2.140170454545454675e+02
1.213360215053763369e+02,1.667741935483871032e+02,9.586553030303029743e+01,2.140170454545454675e+02
1.209778645833333286e+02,1.666575520833333144e+02,9.589151873767258394e+01,2.148619329388560004e+02
1.196520584329349219e+02,1.663306772908366611e+02,9.567836257309942027e+01,2.147719298245613970e+02
1.193052208835341332e+02,1.660602409638554207e+02,9.527428571428571047e+01,2.157314285714285802e+02
1.193095238095238102e+02,1.660100250626566378e+02,9.556353591160221583e+01,2.158324125230202526e+02
1.187034220532319324e+02,1.657097591888466184e+02,9.575396825396825307e+01,2.164404761904762040e+02
1.171391076115485532e+02,1.654317585301837141e+02,9.562146892655367481e+01,2.167815442561204975e+02
1.168207171314740975e+02,1.651646746347941246e+02,9.546502057613167835e+01,2.172654320987654444e+02
1.154737532808398868e+02,1.648713910761154580e+02,9.526930320150657394e+01,2.176553672316384223e+02
1.152005420054200471e+02,1.646612466124661012e+02,9.534848484848484418e+01,2.181155303030302832e+02
1.143836734693877588e+02,1.644435374149659879e+02,9.523196881091617172e+01,2.185438596491227941e+02
1.136023166023166056e+02,1.643256113256113053e+02,9.515543071161047806e+01,2.187397003745318216e+02
1.130120481927710898e+02,1.640615796519410878e+02,9.487318840579709445e+01,2.191268115942028771e+02
1.120110650069156151e+02,1.640442600276625171e+02,9.461788617886178088e+01,2.194613821138211165e+02
1.117741046831955884e+02,1.638195592286501210e+02,9.421705426356588475e+01,2.197771317829457303e+02
1.109218106995884767e+02,1.637434842249656981e+02,9.391891891891891930e+01,2.200972972972973025e+02
1.098998569384835378e+02,1.637353361945636436e+02,9.393939393939393767e+01,2.203541666666666288e+02
1.090684133915574847e+02,1.637350800582241277e+02,9.393939393939393767e+01,2.203541666666666288e+02
1.078548850574712645e+02,1.639137931034482847e+02,9.346031746031745513e+01,2.213095238095237960e+02
1.079363143631436230e+02,1.636300813008130035e+02,nan,nan
1.066921985815602767e+02,1.637460992907801085e+02,9.249267399267398559e+01,2.219835164835164960e+02
1.060727023319615796e+02,1.637887517146776304e+02,9.203660886319845247e+01,2.220616570327552779e+02
1.049166666666666714e+02,1.640043859649122737e+02,9.212398373983738509e+01,2.225589430894308691e+02
1.034893617021276526e+02,1.644453900709219738e+02,9.201035196687369933e+01,2.232422360248447148e+02
1.036381322957198421e+02,1.644111543450064801e+02,9.204960317460316332e+01,2.235575396825396695e+02
1.026760000000000019e+02,1.648773333333333255e+02,9.172222222222221433e+01,2.239551971326164619e+02
1.017813333333333219e+02,1.654053333333333171e+02,9.210271317829456450e+01,2.244031007751937636e+02
1.010094086021505291e+02,1.657903225806451530e+02,9.206358381502890609e+01,2.244431599229286860e+02
1.002043010752688019e+02,1.663373655913978268e+02,9.163473053892215603e+01,2.249441117764471016e+02
9.944876783398183306e+01,1.670596627756160615e+02,9.198393574297188025e+01,2.255682730923694521e+02
9.937926509186351609e+01,1.669081364829396250e+02,9.210270270270270032e+01,2.258234234234234066e+02
9.825940337224382404e+01,1.680181582360570474e+02,9.238095238095237960e+01,2.258608058608058400e+02
9.787398373983739930e+01,1.682479674796747986e+02,9.195528455284552649e+01,2.264674796747967207e+02
9.691527777777777430e+01,1.693986111111111086e+02,9.189959839357429416e+01,2.265220883534136362e+02
9.654166666666667140e+01,1.697249999999999943e+02,9.221285140562248728e+01,2.271385542168674760e+02
9.596844993141289137e+01,1.704759945130315373e+02,9.200606060606060055e+01,2.274424242424242379e+02
9.569095816464236748e+01,1.706599190283400844e+02,9.189570552147239368e+01,2.274662576687116484e+02
9.506477732793521795e+01,1.713441295546558649e+02,9.216574585635359540e+01,2.278305709023940722e+02
9.426063100137173478e+01,1.724842249657064315e+02,9.228994082840236501e+01,2.284142011834319419e+02
9.376170798898071723e+01,1.732493112947658176e+02,9.315185185185184480e+01,2.286537037037036839e+02
9.345019920318725326e+01,1.737211155378486183e+02,9.304046242774566622e+01,2.292851637764932207e+02
9.275537634408601662e+01,1.744448924731182728e+02,9.304046242774566622e+01,2.292851637764932207e+02
9.242222222222221717e+01,1.749055555555555372e+02,9.317407407407407050e+01,2.295629629629629278e+02
9.181224489795918942e+01,1.756612244897959272e+02,9.434806629834254466e+01,2.300055248618784560e+02
9.131129476584021631e+01,1.762369146005509322e+02,9.395265151515150137e+01,2.305075757575757223e+02
9.092340425531915571e+01,1.769702127659574558e+02,9.417137476459510026e+01,2.307401129943502838e+02
9.069135802469135399e+01,1.771316872427983640e+02,9.463387978142075951e+01,2.312622950819672099e+02
9.003945578231291336e+01,1.779700680272108855e+02,9.491869918699187281e+01,2.315630081300812719e+02
8.982533333333333303e+01,1.780946666666666545e+02,9.493253968253968367e+01,2.320198412698412369e+02
8.931854838709676869e+01,1.788440860215053476e+02,9.549122807017543835e+01,2.324853801169590781e+02
8.880989583333332860e+01,1.794075520833333144e+02,9.574297188755019761e+01,2.329417670682730659e+02
8.836718750000000000e+01,1.800976562500000000e+02,9.634848484848484418e+01,2.334261363636363740e+02
8.762468193384222559e+01,1.810597964376590312e+02,9.684180790960452612e+01,2.338399246704331347e+02
8.760791826309066721e+01,1.809157088122605330e+02,9.758011049723756969e+01,2.341786372007366310e+02
8.698650472334681183e+01,1.818663967611336147e+02,9.811985018726591079e+01,2.346198501872658824e+02
8.642461964038727729e+01,1.827040110650069096e+02,9.834502923976607747e+01,2.353138401559453996e+02
8.602811244979919536e+01,1.832891566265060135e+02,9.938492063492061845e+01,2.356150793650793389e+02
8.557066666666665355e+01,1.837546666666666511e+02,1.001423220973782691e+02,2.359325842696629252e+02
8.520707070707069875e+01,1.841982323232323040e+02,1.007647058823529420e+02,2.362843137254901649e+02
8.463967611336032348e+01,1.850647773279352180e+02,1.010223463687150769e+02,2.369664804469273633e+02
8.425970548862113674e+01,1.856345381526104461e+02,1.013236434108526964e+02,2.376220930232558146e+02
8.379644808743168483e+01,1.863469945355191157e+02,1.023809523809523796e+02,2.380091575091574896e+02
8.326585695006747301e+01,1.871862348178137552e+02,1.028032786885245855e+02,2.387577413479052666e+02
8.298775510204082195e+01,1.874285714285714164e+02,1.033609467455621314e+02,2.393372781065088759e+02
8.268194444444444002e+01,1.882249999999999943e+02,1.035083798882681521e+02,2.401769087523277335e+02
8.289488243430150760e+01,1.885491009681880712e+02,1.036686046511627950e+02,2.407984496124030613e+02
8.244921316165950032e+01,1.898412017167381975e+02,1.041523809523809376e+02,2.414857142857142946e+02
8.217695473251028204e+01,1.903045267489711989e+02,1.046983240223463696e+02,2.421378026070763383e+02
8.192156862745098067e+01,1.909032679738562024e+02,1.050329457364341010e+02,2.427693798449612075e+02
8.190204081632653299e+01,1.922462585034013500e+02,1.053483146067415674e+02,2.433108614232209561e+02
8.186258503401360542e+01,1.922503401360544046e+02,1.057382297551788923e+02,2.441054613935969826e+02
8.163450292397659780e+01,1.941871345029239535e+02,1.063243243243243228e+02,2.448342342342342022e+02
8.139716312056737024e+01,1.943758865248226755e+02,1.072228682170542555e+02,2.453643410852712918e+02
8.135714285714286120e+01,1.954859943977591001e+02,1.078049242424242351e+02,2.462234848484848158e+02
8.123456790123456983e+01,1.958902606310013539e+02,1.082884990253411246e+02,2.471617933723196643e+02
8.110734463276835982e+01,1.961822033898305051e+02,1.092534930139720473e+02,2.475069860279440945e+02
8.096918767507001746e+01,1.964327731092436977e+02,1.102268244575936791e+02,2.483313609467455763e+02
8.081434599156118281e+01,1.970857946554149009e+02,nan,nan
8.084296296296295736e+01,1.980281481481481194e+02,nan,nan
8.069929078014183688e+01,1.983248226950354365e+02,1.123844580777095956e+02,2.527975460122699474e+02
8.044705882352941728e+01,1.986326797385620750e+02,1.129215686274509665e+02,2.534137254901960432e+02
8.032279314888009480e+01,1.990013175230566276e+02,1.134795321637426895e+02,2.552378167641325319e+02
8.008672086720866901e+01,1.992506775067750482e+02,1.138994082840236644e+02,2.566508875739644964e+02
8.010881542699723923e+01,2.007630853994490394e+02,nan,nan
7.995901639344262435e+01,2.008442622950819612e+02,1.150473484848484844e+02,2.584583333333333144e+02
7.974576271186440124e+01,2.013545197740112940e+02,1.156007751937984409e+02,2.598507751937984267e+02
7.963934426229508290e+01,2.018019125683059940e+02,1.159829545454545467e+02,2.608617424242424363e+02
7.938326585695006088e+01,2.020000000000000000e+02,1.165608782435129598e+02,2.620538922155688510e+02
7.930645161290323131e+01,2.023857526881720332e+02,1.169074074074074048e+02,2.615703703703703695e+02
7.922614379084966174e+01,2.031843137254901990e+02,1.177434343434343305e+02,2.634020202020201964e+02
7.911413748378728883e+01,2.039221789883268343e+02,1.180495238095237909e+02,2.638990476190475647e+02
7.895392953929538749e+01,2.042940379403793827e+02,1.185121042830539864e+02,2.643128491620111618e+02
7.892490118577075009e+01,2.044347826086956559e+02,1.193022774327122022e+02,2.655527950310558936e+02
7.868127490039840666e+01,2.051925630810092684e+02,1.207018633540372718e+02,2.664389233954451015e+02
7.851190476190475920e+01,2.053359788359788354e+02,1.219942857142857093e+02,2.668190476190475806e+02
7.849093444909344441e+01,2.060711297071129593e+02,1.233600823045267418e+02,2.673312757201645695e+02
7.833333333333332860e+01,2.068748299319727835e+02,1.240744878957169419e+02,2.673854748603351936e+02
7.835574229691876269e+01,2.073697478991596768e+02,1.255798816568047300e+02,2.679625246548323503e+02
7.808130081300812719e+01,2.078495934959349540e+02,1.264363636363636374e+02,2.678121212121212125e+02
7.803945578231291336e+01,2.086013605442176697e+02,1.275409836065573757e+02,2.680400728597449529e+02
7.801176470588235645e+01,2.091699346405228539e+02,1.279398625429553249e+02,2.681340206185566899e+02
7.800135501355012480e+01,2.095243902439024453e+02,1.297875243664717289e+02,2.687231968810916101e+02
7.804283801874161952e+01,2.106278447121820534e+02,1.309573643410852526e+02,2.689127906976744384e+02
7.803017832647461205e+01,2.112839506172839492e+02,1.319372549019607845e+02,2.689823529411764866e+02
7.797959183673469852e+01,2.120503401360544160e+02,1.330359848484848442e+02,2.692556818181818130e+02
7.786234817813765119e+01,2.123292847503373650e+02,1.330711610486891345e+02,2.691479400749063302e+02
7.790118577075098472e+01,2.131475625823451594e+02,1.348473895582329192e+02,2.695421686746988144e+02
7.798933333333333451e+01,2.138346666666666636e+02,1.353084886128364133e+02,2.696004140786749304e+02
7.809638554216867590e+01,2.146117804551539336e+02,1.363167701863353898e+02,2.697888198757764258e+02
7.815748031496063675e+01,2.155144356955380545e+02,1.374166666666666572e+02,2.698617886178861340e+02
7.795546558704452877e+01,2.157058029689608531e+02,1.378558052434456727e+02,2.698801498127340892e+02
7.790211640211639121e+01,2.161335978835978722e+02,1.387515151515151501e+02,2.699939393939393995e+02
7.793308550185874140e+01,2.168289962825278678e+02,nan,nan
7.763601532567049901e+01,2.169859514687100841e+02,nan,nan
7.792020592020591607e+01,2.182123552123552201e+02,nan,nan
7.778833967046894315e+01,2.186045627376425955e+02,1.409297188755020045e+02,2.699638554216867306e+02
7.792620865139947739e+01,2.193002544529261968e+02,1.412097378277153439e+02,2.699176029962546295e+02
7.783585858585857409e+01,2.196262626262626156e+02,1.424789272030651262e+02,2.700881226053639352e+02
7.809448818897638489e+01,2.210839895013123169e+02,1.432860082304526657e+02,2.701748971193415514e+02
7.806463878326995598e+01,2.214245880861850253e+02,nan,nan
7.808939974457214817e+01,2.216398467432950099e+02,1.447304526748971227e+02,2.701954732510287727e+02
7.825864453665282383e+01,2.226721991701244860e+02,1.450279441117764350e+02,2.702155688622754610e+02
7.862357414448669601e+01,2.237490494296577879e+02,nan,nan
7.870223978919629815e+01,2.240658761528326579e+02,nan,nan
7.936340852130324208e+01,2.249573934837092679e+02,nan,nan
7.980099502487561836e+01,2.254315920398009894e+02,nan,nan
8.028765432098764165e+01,2.260419753086419519e+02,1.487116564417177926e+02,2.705051124744376239e+02
8.075031210986266217e+01,2.265830212234706664e+02,nan,nan
8.149618320610686339e+01,2.271323155216284988e+02,nan,nan
8.214533333333332621e+01,2.278733333333333064e+02,nan,nan
8.236625514403291959e+01,2.280932784636488293e+02,1.514431137724550922e+02,2.705748502994011915e+02
8.298828125000000000e+01,2.285533854166666572e+02,1.524417670682730943e+02,2.709297188755019761e+02
8.330894308943089754e+01,2.287303523035230342e+02,1.527992202729044777e+02,2.708947368421052602e+02
8.400259403372243128e+01,2.293826199740596508e+02,1.539192546583850856e+02,2.708260869565217490e+02
8.430457516339868107e+01,2.296209150326797328e+02,nan,nan
8.436398467432950099e+01,2.296143039591315187e+02,nan,nan
8.568774703557312478e+01,2.303728590250329091e+02,1.568363636363636431e+02,2.707979797979797922e+02
8.652574525745257006e+01,2.310027100271002496e+02,1.576995884773662340e+02,2.707119341563785611e+02
8.683529411764705230e+01,2.311816993464051961e+02,nan,nan
8.735958005249342762e+01,2.313425196850393775e+02,1.597613168724279831e+02,2.705164609053497884e+02
8.791372549019607163e+01,2.317111111111110802e+02,1.609509202453987768e+02,2.705235173824130470e+02
8.827390180878552428e+01,2.320155038759689887e+02,1.619421157684630543e+02,2.704051896207584491e+02
8.897445721583652301e+01,2.322873563218390700e+02,1.622361904761904725e+02,2.703980952380952090e+02
9.048971193415637515e+01,2.327887517146776304e+02,1.642505175983436914e+02,2.701283643892339228e+02
9.065508365508364363e+01,2.327464607464607411e+02,1.652047101449275317e+02,2.698768115942028771e+02
9.155647382920109578e+01,2.328898071625344244e+02,1.666856060606060339e+02,2.697670454545454390e+02
9.252420470262794083e+01,2.329502074688796540e+02,1.674143646408839743e+02,2.697311233885819206e+02
9.268413978494622540e+01,2.329556451612903345e+02,1.686892655367231555e+02,2.697080979284368709e+02
9.385695006747637592e+01,2.330701754385964648e+02,1.700179640718562837e+02,2.696866267465069882e+02
9.426013071895424389e+01,2.330470588235294258e+02,1.707019607843137123e+02,2.695941176470588516e+02
9.483870967741935942e+01,2.330456989247311697e+02,1.714508670520231135e+02,2.695722543352601406e+02
9.553968253968254487e+01,2.330846560846560749e+02,1.724450354609928979e+02,2.698421985815602397e+02
9.618863049095605788e+01,2.330284237726098127e+02,1.735406976744185954e+02,2.698895348837209553e+02
9.668800000000000239e+01,2.330253333333333217e+02,1.739063670411985072e+02,2.697228464419475245e+02
9.734552845528455123e+01,2.331138211382113923e+02,1.744315992292870874e+02,2.697861271676300703e+02
9.816931216931216397e+01,2.329391534391534435e+02,1.755491329479768865e+02,2.697263969171483495e+02
9.849931412894375171e+01,2.328573388203017771e+02,1.758926553672316402e+02,2.696892655367231555e+02
9.936572199730093757e+01,2.327044534412955556e+02,1.769473684210526301e+02,2.695458089668615571e+02
1.009661246612465959e+02,2.325867208672086406e+02,nan,nan
1.014223163841807747e+02,2.324844632768361237e+02,nan,nan
1.015687074829931902e+02,2.326231292517006750e+02,1.817520325203252014e+02,2.690284552845528196e+02
1.018333333333333286e+02,2.326451612903225907e+02,1.821533742331288295e+02,2.694989775051124639e+02
1.033888888888888857e+02,2.323739837398373993e+02,nan,nan
1.032443609022556359e+02,2.323358395989974667e+02,1.827675675675675677e+02,2.698018018018017870e+02
1.038088050314465391e+02,2.323761006289308000e+02,1.833806706114398253e+02,2.707416173570019282e+02
1.045323383084576960e+02,2.322487562189054700e+02,1.839444444444444287e+02,2.712579365079365061e+02
1.055112881806108902e+02,2.319415670650730306e+02,1.847811244979919536e+02,2.721666666666666288e+02
1.056077586206896513e+02,2.319367816091953785e+02,nan,nan
1.061490514905148927e+02,2.319186991869918586e+02,1.861337325349301466e+02,2.731377245508982128e+02
1.065506072874493952e+02,2.318367071524966150e+02,1.871646090534979407e+02,2.734958847736625103e+02
1.070158730158730123e+02,2.318492063492063551e+02,nan,nan
1.077643229166666572e+02,2.317057291666666572e+02,1.889803921568627345e+02,2.737823529411764980e+02
1.083564993564993557e+02,2.315392535392535365e+02,1.896878612716762973e+02,2.737764932562620288e+02
1.093198380566801688e+02,2.313225371120107923e+02,1.904846743295018996e+02,2.739731800766283527e+02
1.095681511470985043e+02,2.312415654520917485e+02,1.913050505050505024e+02,2.740767676767676448e+02
1.103121693121693028e+02,2.311137566137566068e+02,1.917733333333333121e+02,2.741009523809523785e+02
1.110438596491227941e+02,2.308859649122806843e+02,1.921675977653631264e+02,2.740819366852886105e+02
1.111284987277353622e+02,2.307849872773536788e+02,nan,nan
1.126819444444444400e+02,2.302263888888888630e+02,nan,nan
1.130344352617079835e+02,2.302066115702479294e+02,1.945596707818929758e+02,2.743765432098765586e+02
1.130344352617079835e+02,2.302066115702479294e+02,1.945596707818929758e+02,2.743765432098765586e+02
1.137645502645502518e+02,2.300224867724867579e+02,nan,nan
1.145173333333333261e+02,2.296999999999999886e+02,1.964674796747967207e+02,2.743536585365853853e+02
1.148842239185750600e+02,2.295012722646310124e+02,nan,nan
1.156136950904392648e+02,2.291175710594314978e+02,1.976418219461697561e+02,2.743002070393374652e+02
1.162196078431372541e+02,2.286901960784313701e+02,1.979101796407185532e+02,2.743952095808382978e+02
1.169320512820512761e+02,2.284012820512820383e+02,1.986111111111110858e+02,2.744265873015872899e+02
1.172837150127226380e+02,2.280279898218829260e+02,1.996765873015872899e+02,2.744365079365078941e+02
1.177647849462365457e+02,2.276801075268816987e+02,nan,nan
1.180000000000000000e+02,2.275923076923076849e+02,2.004272030651340799e+02,2.745076628352489934e+02
1.183446540880503051e+02,2.275031446540880324e+02,2.004554263565891290e+02,2.744844961240309544e+02
1.187992424242424221e+02,2.272095959595959300e+02,2.006085271317829211e+02,2.744515503875969102e+02
1.190934343434343390e+02,2.267954545454545325e+02,2.010370370370370097e+02,2.744425925925925753e+02
1.196743886743886662e+02,2.262805662805662621e+02,2.017329434697855390e+02,2.744132553606237934e+02
1.203460559796437508e+02,2.258664122137404604e+02,2.024980158730158450e+02,2.744424603174603021e+02
1.203948717948717899e+02,2.257346153846153811e+02,2.027844311377245390e+02,2.744071856287425248e+02
1.202375478927203005e+02,2.259897828863345808e+02,2.028392156862744855e+02,2.744843137254901535e+02
1.209768856447688421e+02,2.254768856447688563e+02,2.027475915221579612e+02,2.744605009633910981e+02
1.216772068511198910e+02,2.247246376811594075e+02,2.036984126984126817e+02,2.744325396825396410e+02
1.219556400506970846e+02,2.243954372623574045e+02,2.036403013182674044e+02,2.745141242937853008e+02
1.224208494208494216e+02,2.239588159588159328e+02,2.036403013182674044e+02,2.744839924670433220e+02
1.228948717948717899e+02,2.236756410256410277e+02,2.041524822695035368e+02,2.745283687943262407e+02
1.228996138996138967e+02,2.236872586872586908e+02,2.041524822695035368e+02,2.745283687943262407e+02
1.238265582655826478e+02,2.229850948509484851e+02,2.050179640718562837e+02,2.745209580838323404e+02
1.240752269779507060e+02,2.225421530479896148e+02,2.052909441233140342e+02,2.745202312138728189e+02
1.241551020408163311e+02,2.225224489795918430e+02,2.052909441233140342e+02,2.745202312138728189e+02
1.248620689655172384e+02,2.219157088122605330e+02,2.056074074074073792e+02,2.745129629629629449e+02
1.250440251572326957e+02,2.218402515723270483e+02,2.061847389558232919e+02,2.745823293172690569e+02
1.253458177278401848e+02,2.215892634207240803e+02,2.065880149812734032e+02,2.745861423220973734e+02
1.255941475826971896e+02,2.214681933842239232e+02,2.064531835205992252e+02,2.745299625468164777e+02
1.259246487867177393e+02,2.211430395913154427e+02,2.064531835205992252e+02,2.745299625468164777e+02
1.264414758269719954e+02,2.207315521628498516e+02,2.064194756554306878e+02,2.744962546816479403e+02
1.269232804232804170e+02,2.204431216931216966e+02,2.073485714285714323e+02,2.741828571428571308e+02
1.270569800569800520e+02,2.205042735042734989e+02,nan,nan
1.273875338753387467e+02,2.205853658536585442e+02,2.072845528455284523e+02,2.738292682926829116e+02
1.277992125984251999e+02,2.205656167979002475e+02,2.076240740740740591e+02,2.737092592592592268e+02
1.285606694560669325e+02,2.202078103207810216e+02,2.077509157509157376e+02,2.736739926739926432e+02
1.292650602409638623e+02,2.199906291834002445e+02,2.077509157509157376e+02,2.736739926739926432e+02
1.303460451977400965e+02,2.198220338983050794e+02,2.079393939393939377e+02,2.733939393939393767e+02
1.299045643153527010e+02,2.200525587828492178e+02,2.080833333333333144e+02,2.733914728682170221e+02
1.299917695473251058e+02,2.200603566529492241e+02,2.084363636363636374e+02,2.733373737373736958e+02
1.306986666666666679e+02,2.199613333333333003e+02,2.083312883435582705e+02,2.732862985685071635e+02
1.312125984251968589e+02,2.198005249343831906e+02,2.085628415300546408e+02,2.730255009107468140e+02
1.324898550724637687e+02,2.197115942028985387e+02,nan,nan
1.324349593495934982e+02,2.197140921409213945e+02,2.093276836158192111e+02,2.728116760828625047e+02
1.322314049586776719e+02,2.198292011019283620e+02,2.095263157894736707e+02,2.727758284600389516e+02
1.331659973226238094e+02,2.196519410977242046e+02,2.096467065868263546e+02,2.728283433133732387e+02
1.344365411436540967e+02,2.195244072524407102e+02,nan,nan
1.347782546494992744e+02,2.194020028612303292e+02,2.100196078431372371e+02,2.726470588235293917e+02
1.354992846924177456e+02,2.193233190271816682e+02,2.101851851851851620e+02,2.725399610136452111e+02
1.360669456066945600e+02,2.192357043235704168e+02,2.099573643410852526e+02,2.725562015503875841e+02
1.368099173553719083e+02,2.191790633608815142e+02,2.103535353535353352e+02,2.725656565656565249e+02
1.370518806744487392e+02,2.192555123216601771e+02,2.105263157894736707e+02,2.724444444444444571e+02
1.388115942028985330e+02,2.191357048748352838e+02,nan,nan
1.400844250363900869e+02,2.190669577874817833e+02,2.103955823293172500e+02,2.723694779116465838e+02
1.406818810511756510e+02,2.189626556016597476e+02,nan,nan
1.410094466936571962e+02,2.188609986504723111e+02,2.108793456032719575e+02,2.723353783231083867e+02
1.420326797385620807e+02,2.188274509803921433e+02,2.107908902691511059e+02,2.722836438923395121e+02
1.436056737588652368e+02,2.186680851063829891e+02,2.108103792415169266e+02,2.720918163672654373e+02
1.441921397379912548e+02,2.186259097525472725e+02,2.110490196078431211e+02,2.716901960784313701e+02
1.450301783264746120e+02,2.186049382716049365e+02,2.110600775193798029e+02,2.717228682170542129e+02
1.467076502732240328e+02,2.183674863387978178e+02,2.114438095238095059e+02,2.716704761904761654e+02
1.478714689265536606e+02,2.182937853107344495e+02,2.114500941619585603e+02,2.717024482109227392e+02
1.482775510204081684e+02,2.182408163265306200e+02,2.118057259713701228e+02,2.718241308793455460e+02
1.494024896265560187e+02,2.182199170124481213e+02,2.122638036809815958e+02,2.717566462167688996e+02
1.501659807956104089e+02,2.182194787379972354e+02,2.122638036809815958e+02,2.717566462167688996e+02
1.507931972789115491e+02,2.181210884353741335e+02,2.123862745098039113e+02,2.716235294117647072e+02
1.524567375886524587e+02,2.180638297872340559e+02,2.125946969696969688e+02,2.716590909090909349e+02
1.524024390243902474e+02,2.181463414634146432e+02,nan,nan
1.539156293222683303e+02,2.180663900414937757e+02,2.132276422764227277e+02,2.714430894308943039e+02
1.544021592442644817e+02,2.180000000000000000e+02,2.132674897119341324e+02,2.714176954732510012e+02
1.550758169934640307e+02,2.178457516339869073e+02,2.130313725490195793e+02,2.714117647058823763e+02
1.558013071895424559e+02,2.177973856209150085e+02,2.134980392156862479e+02,2.713803921568627402e+02
1.567450980392156907e+02,2.178326797385620637e+02,nan,nan
1.576626666666666665e+02,2.177800000000000011e+02,2.139689440993788878e+02,2.713768115942028771e+02
1.586016260162601554e+02,2.177750677506774934e+02,2.138588957055214621e+02,2.713537832310838098e+02
1.592108036890645337e+02,2.177101449275362199e+02,2.138588957055214621e+02,2.713537832310838098e+02
1.601860776439089591e+02,2.175970548862115095e+02,2.145019841269840981e+02,2.713353174603174125e+02
1.613582295988934732e+02,2.173803596127247602e+02,nan,nan
1.623172043010752645e+02,2.177204301075268802e+02,nan,nan
1.624344262295082046e+02,2.176106557377049171e+02,nan,nan
1.631887550200803219e+02,2.174404283801873987e+02,2.149636363636363683e+02,2.709232323232322983e+02
1.645435684647302992e+02,2.175159059474411833e+02,2.149636363636363683e+02,2.709232323232322983e+02
1.654940476190476204e+02,2.176845238095237960e+02,2.153253493013971820e+02,2.707564870259480472e+02
1.666462585034013273e+02,2.176312925170067842e+02,nan,nan
1.673386880856760115e+02,2.179745649263721532e+02,nan,nan
1.677367724867724803e+02,2.181203703703703525e+02,2.160160642570280913e+02,2.705461847389557875e+02
1.688314028314028121e+02,2.182522522522522195e+02,2.160160642570280913e+02,2.705461847389557875e+02
1.690505836575875378e+02,2.183865110246433119e+02,nan,nan
1.700878552971576028e+02,2.186201550387596910e+02,2.168639053254437954e+02,2.705029585798816356e+02
1.708578616352201038e+02,2.187823899371068990e+02,2.168639053254437954e+02,2.705029585798816356e+02
1.717910256410256409e+02,2.190987179487179333e+02,2.168413654618473743e+02,2.704799196787148503e+02
1.723111111111111029e+02,2.193032679738561797e+02,2.170160642570280913e+02,2.705341365461846976e+02
1.728307888040712328e+02,2.194071246819338228e+02,2.177151515151515184e+02,2.705777777777777260e+02
1.739343629343629232e+02,2.197425997425997366e+02,nan,nan
1.745589743589743534e+02,2.199525641025640823e+02,2.177094972067039009e+02,2.705698324022346242e+02
1.749924528301886824e+02,2.202465408805031188e+02,2.177094972067039009e+02,2.705698324022346242e+02
1.754287531806615732e+02,2.203435114503816692e+02,2.180917602996254345e+02,2.705767790262171957e+02
1.762363184079601695e+02,2.206218905472636607e+02,2.178087431693988947e+02,2.705446265938069246e+02
1.772261437908496760e+02,2.209424836601307049e+02,2.188888888888888857e+02,2.706724137931034306e+02
1.773837209302325562e+02,2.210219638242894007e+02,2.189595375722543338e+02,2.706782273603082558e+02
1.777965879265091758e+02,2.211482939632545879e+02,2.192490636704119709e+02,2.706348314606741496e+02
1.784780361757105709e+02,2.216149870801033614e+02,2.190347985347985116e+02,2.705970695970696056e+02
1.785778635778635817e+02,2.216525096525096501e+02,2.190216216216216196e+02,2.705909909909909743e+02
1.792696078431372371e+02,2.220208333333333144e+02,2.192677595628415190e+02,2.706029143897995937e+02
1.797235142118862825e+02,2.223049095607235017e+02,2.193134057971014386e+02,2.706195652173913118e+02
1.798573141486810414e+02,2.224136690647482055e+02,2.196072796934865892e+02,2.706264367816091863e+02
1.797834549878345456e+02,2.224732360097323465e+02,2.201087719298245418e+02,2.706877192982456108e+02
1.805118110236220446e+02,2.233359580052493243e+02,2.204703703703703468e+02,2.706648148148148039e+02
1.806213333333333253e+02,2.234919999999999902e+02,2.205189189189189278e+02,2.706828828828828364e+02
1.807417302798982064e+02,2.235687022900763452e+02,2.205189189189189278e+02,2.706828828828828364e+02
1.809389312977099280e+02,2.238511450381679424e+02,2.211123188405796895e+02,2.707047101449275033e+02
1.814196547144753993e+02,2.247609561752988157e+02,2.211123188405796895e+02,2.707047101449275033e+02
1.815141025641025578e+02,2.247564102564102484e+02,2.215431372549019216e+02,2.705039215686274474e+02
1.819504132231404867e+02,2.255399449035812438e+02,2.223074074074073678e+02,2.706259259259259125e+02
1.821111111111111143e+02,2.258597883597883538e+02,2.223188405797101268e+02,2.706177536231883778e+02
1.821111111111111143e+02,2.258597883597883538e+02,2.226190476190475920e+02,2.706300366300366136e+02
1.824721141374837714e+02,2.269727626459144005e+02,2.226190476190475920e+02,2.706300366300366136e+02
1.824023904382470107e+02,2.272470119521912295e+02,2.231272727272727252e+02,2.706101010101010047e+02
1.823854166666666572e+02,2.274583333333333144e+02,2.241797979797979679e+02,2.706686868686868479e+02
1.824031620553359687e+02,2.278616600790513758e+02,2.241797979797979679e+02,2.706686868686868479e+02
1.825856950067476419e+02,2.279311740890688327e+02,2.246526946107784397e+02,2.705948103792414940e+02
1.823685636856368433e+02,2.286734417344173380e+02,2.249298245614035068e+02,2.707212475633527902e+02
1.820334728033472800e+02,2.296903765690376531e+02,2.250734126984126817e+02,2.706547619047619264e+02
1.822191235059760857e+02,2.295298804780876480e+02,2.257624521072796711e+02,2.707279693486589736e+02
1.819656488549618416e+02,2.301208651399491032e+02,2.260416666666666288e+02,2.706969696969696884e+02
1.818326639892904666e+02,2.306907630522088368e+02,2.260396825396825307e+02,2.707599206349206042e+02
1.817117117117117004e+02,2.309575289575289503e+02,2.264171428571428635e+02,2.707866666666666333e+02
1.813853333333333069e+02,2.315026666666666699e+02,2.268902691511386820e+02,2.709316770186335361e+02
1.809304461942257092e+02,2.324803149606299257e+02,2.271988304093567308e+02,2.709259259259259238e+02
1.810157480314960594e+02,2.323910761154855322e+02,2.274550898203592908e+02,2.709500998003991867e+02
1.806575163398692609e+02,2.331464052287581410e+02,2.277966101694915153e+02,2.710244821092278471e+02
1.801973333333333187e+02,2.337813333333333219e+02,2.281775147928994159e+02,2.710986193293885549e+02
1.797204724409448886e+02,2.344212598425196745e+02,2.289200779727095210e+02,2.711812865497075791e+02
1.796124338624338463e+02,2.346917989417989361e+02,2.293960784313725298e+02,2.712470588235294144e+02
1.790658602150537320e+02,2.358440860215053476e+02,2.300408997955010193e+02,2.712515337423312758e+02
1.786463414634146432e+02,2.363265582655826336e+02,2.301544715447154204e+02,2.712256097560975832e+02
1.786124031007751967e+02,2.364844961240310113e+02,2.307154471544715193e+02,2.714410569105691025e+02
1.780826873385012732e+02,2.371201550387596910e+02,2.310633946830265586e+02,2.714478527607361684e+02
1.779516339869281012e+02,2.375202614379084878e+02,2.316857142857142833e+02,2.715485714285714494e+02
1.775742187500000000e+02,2.380507812500000000e+02,2.320858283433133522e+02,2.715568862275449078e+02
1.771499330655956896e+02,2.386157965194109636e+02,2.328373015873015675e+02,2.715694444444444571e+02
1.771253229974159922e+02,2.386589147286821628e+02,2.337017543859649038e+02,2.715341130604288082e+02
1.761923583662714066e+02,2.398247694334650646e+02,2.339922928709055725e+02,2.715163776493255909e+02
1.757946666666666431e+02,2.403799999999999955e+02,2.343857677902621504e+02,2.713651685393258504e+02
1.754993514915693709e+02,2.407950713359273607e+02,2.346475095785440601e+02,2.714329501915708533e+02
1.753169191919191690e+02,2.409659090909090935e+02,2.349668615984405164e+02,2.711403508771929864e+02
1.749523809523809348e+02,2.415931972789115321e+02,2.360387596899224718e+02,2.704709302325581461e+02
1.747480314960629926e+02,2.418188976377952883e+02,2.361965317919075176e+02,2.700250481695568396e+02
1.740816599732262091e+02,2.425796519410976941e+02,2.365698324022346242e+02,2.697392923649906606e+02
1.734744121715075948e+02,2.433084370677731556e+02,2.365698324022346242e+02,2.697392923649906606e+02
1.731752305665349070e+02,2.436455862977601896e+02,2.380708812260536149e+02,2.689655172413793025e+02
1.729520103761348935e+02,2.439286640726329267e+02,2.386560846560846585e+02,2.686525573192239449e+02
1.718020434227330497e+02,2.451928480204342122e+02,2.391336898395721846e+02,2.680035650623885886e+02
1.718232118758434410e+02,2.455762483130903888e+02,2.399432624113474901e+02,2.677872340425531661e+02
1.718248587570621453e+02,2.455635593220339103e+02,2.403750000000000000e+02,2.676117424242424363e+02
1.714792503346720025e+02,2.459210174029450968e+02,2.410073260073259860e+02,2.671208791208791240e+02
1.712869674185463396e+02,2.461704260651628999e+02,2.410351851851851563e+02,2.670888888888889028e+02
1.704166666666666572e+02,2.470984848484848442e+02,2.421117117117117061e+02,2.664252252252252333e+02
1.698847117794485939e+02,2.477669172932330923e+02,2.420489130434782510e+02,2.664076086956521863e+02
1.698327044025157022e+02,2.478591194968552998e+02,2.422760416666666572e+02,2.661510416666666856e+02
1.691361323155216212e+02,2.486475826972010168e+02,2.423631578947368439e+02,2.661157894736842309e+02
1.684908854166666572e+02,2.490651041666666572e+02,2.423631578947368439e+02,2.661157894736842309e+02
1.677736111111111086e+02,2.498291666666666799e+02,2.432413194444444287e+02,2.659635416666666856e+02
1.670998650472334646e+02,2.503063427800269949e+02,2.438277777777777828e+02,2.656259259259259125e+02
1.670775193798449720e+02,2.502015503875969102e+02,2.438417132216014807e+02,2.656610800744878702e+02
1.666025157232704430e+02,2.506352201257861338e+02,2.446489361702127781e+02,2.648865248226950371e+02
1.655238095238094900e+02,2.514231292517006580e+02,2.444244080145719238e+02,2.652204007285974399e+02
1.647906976744185954e+02,2.518255813953488484e+02,2.455359848484848158e+02,2.644318181818181870e+02
1.645977011494252906e+02,2.519770114942528778e+02,2.458255813953488484e+02,2.645503875968992133e+02
1.639689608636976743e+02,2.522253711201079511e+02,2.459358974358974024e+02,2.644010989010989192e+02
1.636186556927297602e+02,2.524499314128943581e+02,2.463044315992292752e+02,2.642331406551059558e+02
1.632747395833333144e+02,2.525924479166666572e+02,2.464981481481481467e+02,2.640648148148147811e+02
1.620931174089068918e+02,2.531983805668016316e+02,2.466881091617933635e+02,2.639317738791422698e+02
1.616266666666666652e+02,2.535906666666666638e+02,2.474894026974951657e+02,2.637533718689787747e+02
1.616862745098039227e+02,2.535581699346405173e+02,2.474476744186046631e+02,2.637596899224806180e+02
1.610812672176308524e+02,2.538884297520661164e+02,2.473809523809523796e+02,2.637847619047618650e+02
1.605662650602409656e+02,2.541526104417670808e+02,2.472784090909090935e+02,2.638560606060605664e+02
1.599412568306010769e+02,2.543811475409836191e+02,2.477345309381237257e+02,2.635868263473053617e+02
1.591073446327683314e+02,2.547725988700564699e+02,2.478438095238095116e+02,2.634171428571428351e+02
1.586153846153846132e+02,2.549392712550607314e+02,2.478438095238095116e+02,2.634171428571428351e+02
1.579650537634408352e+02,2.552728494623655706e+02,2.484798534798534604e+02,2.633241758241758248e+02
1.577673202614379022e+02,2.553882352941176350e+02,2.485687382297551551e+02,2.632561205273069618e+02
1.578597222222221887e+02,2.554333333333333371e+02,2.488838095238095036e+02,2.632361904761904725e+02
1.567647058823529278e+02,2.558069381598793086e+02,2.488141414141413748e+02,2.634242424242424363e+02
1.561604426002766104e+02,2.556307053941908691e+02,2.489061876247504586e+02,2.634071856287425248e+02
1.552782369146005408e+02,2.557520661157024904e+02,2.492268244575936649e+02,2.631775147928993874e+02
1.551773049645389904e+02,2.556297872340425670e+02,2.492500000000000000e+02,2.631825396825396410e+02
1.537878787878787534e+02,2.555000000000000000e+02,2.495717054263565728e+02,2.632480620155038764e+02
1.540720720720720749e+02,2.555150150150149955e+02,2.498512241054613696e+02,2.631092278719397086e+02
1.537737127371273402e+02,2.554566395663956371e+02,2.499722222222222285e+02,2.630203703703703582e+02
1.528553191489361609e+02,2.553815602836879464e+02,2.498864059590316344e+02,2.631787709497206720e+02
1.526957123098201805e+02,2.553029045643153552e+02,2.501516754850088091e+02,2.630687830687830910e+02
1.526707988980716095e+02,2.553484848484848158e+02,2.504495238095237823e+02,2.626533333333333076e+02
1.519275362318840621e+02,2.552411067193675933e+02,2.508079096045197787e+02,2.627570621468926788e+02
1.515830115830115972e+02,2.551930501930501975e+02,2.507368421052631504e+02,2.628070175438596721e+02
1.504755747126436631e+02,2.547500000000000000e+02,2.510170454545454675e+02,2.627140151515151274e+02
1.507203856749311228e+02,2.550881542699724207e+02,2.511197053406997952e+02,2.627366482504604051e+02
1.495228215767634765e+02,2.545892116182572522e+02,2.509732620320855574e+02,2.627040998217468655e+02
1.495397489539749074e+02,2.546513249651324884e+02,2.514104046242774473e+02,2.627013487475915099e+02
1.491027667984189691e+02,2.545480895915678445e+02,2.514104046242774473e+02,2.627013487475915099e+02
1.476396761133603377e+02,2.541403508771929864e+02,2.516685288640595672e+02,2.625996275605214123e+02
1.472849462365591364e+02,2.540013440860214757e+02,2.516685288640595672e+02,2.625996275605214123e+02
1.465694444444444287e+02,2.537861111111110972e+02,nan,nan
1.458888888888888573e+02,2.534388888888888687e+02,2.526824457593688180e+02,2.619526627218934891e+02
1.447777777777777715e+02,2.530137174211247952e+02,2.526824457593688180e+02,2.619526627218934891e+02
1.436144578313252964e+02,2.528045515394912854e+02,2.526824457593688180e+02,2.619526627218934891e+02
1.429543010752688019e+02,2.523561827956989134e+02,nan,nan
1.421062992125984294e+02,2.521653543307086522e+02,2.531348747591521828e+02,2.618554913294797757e+02
1.410705882352941103e+02,2.516352941176470495e+02,2.531715399610136217e+02,2.618011695906432692e+02
1.402217847769028651e+02,2.513110236220472302e+02,2.532295409181636501e+02,2.618263473053892199e+02
1.395019762845849698e+02,2.509591567852437208e+02,2.531039215686274417e+02,2.619313725490195566e+02
1.387104247104247179e+02,2.506138996138996049e+02,2.531039215686274417e+02,2.619313725490195566e+02
1.378178137651821942e+02,2.501282051282051100e+02,2.535919540229885172e+02,2.618486590038314148e+02
1.373254901960784196e+02,2.500862745098039284e+02,2.539537037037036953e+02,2.617074074074074019e+02
1.371381495564004922e+02,2.500025348542458516e+02,2.541617933723196643e+02,2.615808966861598037e+02
1.363095238095237960e+02,2.497619047619047592e+02,2.542152380952380781e+02,2.616247619047618969e+02
1.357889317889317624e+02,2.493526383526383370e+02,2.547258382642997958e+02,2.615700197238658689e+02
1.346886304909560579e+02,2.488578811369508799e+02,2.550609523809523580e+02,2.615733333333333235e+02
1.336430446194225397e+02,2.484750656167978775e+02,2.553445065176908599e+02,2.614655493482308657e+02
1.333464052287581580e+02,2.483163398692810233e+02,2.552380952380952124e+02,2.615219047619047501e+02
1.326058301647655071e+02,2.479797211660329310e+02,2.553445065176908599e+02,2.614655493482308657e+02
1.314537037037036953e+02,2.473822751322751117e+02,2.556168582375478593e+02,2.616321839080459881e+02
1.305098814229249058e+02,2.470527009222661263e+02,2.561637080867849932e+02,2.615936883629191243e+02
1.303836734693877588e+02,2.469850340136054285e+02,2.562552380952380986e+02,2.618019047619047228e+02
1.296099585062240749e+02,2.466791147994467508e+02,2.561772639691714630e+02,2.618053949903660396e+02
1.288197831978319812e+02,2.463861788617886077e+02,2.563180952380952249e+02,2.618076190476190277e+02
1.281338797814207453e+02,2.459795081967212980e+02,2.563558052434456727e+02,2.617565543071161187e+02
1.270911564625850332e+02,2.454380952380952294e+02,2.565621301775148027e+02,2.616587771203155626e+02
1.266276881720429941e+02,2.451814516129032313e+02,2.568143939393939377e+02,2.618295454545454390e+02
1.263180076628352424e+02,2.448965517241379359e+02,2.570507246376811281e+02,2.618152173913043725e+02
1.253243243243243228e+02,2.444079794079794112e+02,2.570824372759856260e+02,2.618333333333333144e+02
1.240703851261620088e+02,2.434953519256307857e+02,2.570507246376811281e+02,2.618152173913043725e+02
1.237014157014156979e+02,2.432136422136422027e+02,2.579708561020036086e+02,2.614881602914389305e+02
1.230653333333333279e+02,2.428813333333333162e+02,2.582296296296295850e+02,2.615666666666666629e+02
1.225521235521235468e+02,2.425830115830115972e+02,2.583333333333333144e+02,2.615537340619307543e+02
1.217723880597014983e+02,2.417574626865671519e+02,2.587203065134099234e+02,2.615076628352489934e+02
1.212964426877470316e+02,2.414426877470355635e+02,2.591040462427745865e+02,2.617052023121387379e+02
1.204060356652949082e+02,2.406378600823045133e+02,2.591759834368529596e+02,2.617349896480330926e+02
1.198739495798319297e+02,2.401974789915966255e+02,2.594468864468864240e+02,2.623992673992673872e+02
1.194645669291338521e+02,2.397283464566929183e+02,2.601704119850186885e+02,2.629681647940074640e+02
1.191772486772486701e+02,2.396388888888888857e+02,2.610778443113772482e+02,2.634790419161676596e+02
1.186313725490196020e+02,2.391320261437908528e+02,2.617148148148148152e+02,2.636203703703703809e+02
1.178918575063613190e+02,2.382977099236641152e+02,2.620813008130081130e+02,2.643089430894308975e+02
1.176562905317769037e+02,2.380246433203631398e+02,2.629176470588235475e+02,2.644215686274509380e+02
1.171583011583011569e+02,2.370038610038610045e+02,2.630057803468208135e+02,2.644643545279383261e+02
1.169538461538461576e+02,2.369641025641025465e+02,2.637680311890837856e+02,2.649473684210526585e+02
1.168056628056627915e+02,2.365958815958815649e+02,2.637619047619047592e+02,2.650400000000000205e+02
1.161469387755102076e+02,2.348326530612244767e+02,2.647489959839356857e+02,2.656706827309236587e+02
1.160040160642570299e+02,2.348433734939759177e+02,2.644508670520231135e+02,2.657090558766859090e+02
1.157395411605937880e+02,2.338083670715249696e+02,2.651392156862744969e+02,2.658549019607842752e+02
1.156680731364275658e+02,2.335766526019690446e+02,2.656011560693641513e+02,2.663757225433525946e+02
1.153642756680731338e+02,2.330886075949367182e+02,2.659785575048732653e+02,2.668011695906432692e+02
1.150294117647058840e+02,2.319593837535013847e+02,2.663090909090909122e+02,2.670101010101009820e+02
1.149283746556473744e+02,2.314793388429752099e+02,2.664219653179191027e+02,2.671926782273602612e+02
1.147344632768361521e+02,2.311101694915254257e+02,2.666509803921568391e+02,2.673764705882352928e+02
1.147834036568213634e+02,2.307876230661040609e+02,2.672303664921465725e+02,2.678394415357765865e+02
1.145657894736842053e+02,2.292807017543859729e+02,2.672010582010581743e+02,2.678007054673720972e+02
1.144194915254237230e+02,2.284929378531073212e+02,2.683413173652694468e+02,2.686946107784431206e+02
1.143418803418803407e+02,2.282820512820512704e+02,2.690091074681238297e+02,2.689125683060109395e+02
1.141397849462365457e+02,2.278870967741935374e+02,2.691871657754010698e+02,2.689625668449197633e+02
1.140645161290322562e+02,2.270215053763440665e+02,2.698763440860215042e+02,2.691469534050178822e+02
1.140548696844993088e+02,2.259410150891632156e+02,2.708520710059171392e+02,2.697199211045364677e+02
1.139342105263157947e+02,2.247192982456140271e+02,2.711098039215686413e+02,2.698137254901960773e+02
1.138693877551020393e+02,2.245782312925169890e+02,2.711969696969696884e+02,2.698939393939393767e+02
1.137065073041168546e+02,2.236600265604249671e+02,2.713100775193798313e+02,2.699554263565891006e+02
1.137911646586345427e+02,2.228018741633199227e+02,2.716065573770491710e+02,2.699708561020036086e+02
1.138223938223938205e+02,2.230244530244530097e+02,2.715507246376811281e+02,2.699510869565217490e+02
1.138193277310924429e+02,2.212703081232492934e+02,2.729979296066252346e+02,2.703457556935817934e+02
1.137375328083989388e+02,2.211902887139107463e+02,2.730325203252032225e+02,2.703861788617886077e+02
1.136310432569974438e+02,2.206208651399491032e+02,2.730325203252032225e+02,2.703861788617886077e+02
1.137245817245817108e+02,2.204092664092664222e+02,2.732928709055876766e+02,2.703275529865125009e+02
1.136044973544973544e+02,2.189100529100528831e+02,2.738086785009861615e+02,2.704023668639053426e+02
1.137551867219917057e+02,2.183416320885200435e+02,2.740441767068272725e+02,2.703032128514055898e+02
1.137139001349527661e+02,2.175465587044534459e+02,2.741927710843373234e+02,2.708955823293172784e+02
1.137379134860050840e+02,2.170318066157760768e+02,2.740072072072071592e+02,2.719243243243243455e+02
1.137135207496653209e+02,2.156412315930388104e+02,2.743765765765765536e+02,2.728324324324324266e+02
1.137202614379084906e+02,2.147633986928104548e+02,2.745366300366300152e+02,2.735146520146520288e+02
1.136129943502824773e+02,2.137457627118644155e+02,2.744961240310076960e+02,2.737441860465116292e+02
1.135283540802212912e+02,2.137206085753803393e+02,2.750059171597633281e+02,2.744635108481261909e+02
1.135026246719159957e+02,2.132755905511810965e+02,nan,nan
1.133803921568627402e+02,2.127921568627450881e+02,2.756235294117647072e+02,2.750784313725490051e+02
1.134785615491009594e+02,2.121936376210234982e+02,nan,nan
1.133627450980392126e+02,2.108585434173669171e+02,2.768862745098039113e+02,2.759843137254901535e+02
1.133237704918032733e+02,2.102554644808743092e+02,2.774522417153995661e+02,2.762339181286549774e+02
1.133209876543209873e+02,2.096735253772290832e+02,2.774522417153995661e+02,2.762339181286549774e+02
1.132736111111110944e+02,2.087638888888888573e+02,2.774522417153995661e+02,2.762339181286549774e+02
1.132865013774104597e+02,2.084931129476583749e+02,2.771811175337186341e+02,2.759730250481695180e+02
1.132639999999999958e+02,2.077599999999999909e+02,2.780532544378698390e+02,2.761301775147928765e+02
1.133533333333333246e+02,2.070613333333333230e+02,2.780868686868686837e+02,2.760787878787878640e+02
1.132541666666666629e+02,2.054180555555555259e+02,2.780710059171597663e+02,2.761479289940828608e+02
1.131822033898305051e+02,2.048983050847457719e+02,2.780710059171597663e+02,2.761479289940828608e+02
1.134220430107526738e+02,2.047029569892472978e+02,2.780635838150288919e+02,2.761502890173410378e+02
1.136157024793388359e+02,2.037011019283746407e+02,2.781434343434343077e+02,2.760646464646464437e+02
1.137804232804232640e+02,2.028227513227513157e+02,2.783372781065088475e+02,2.760848126232741606e+02
1.139625000000000057e+02,2.022708333333333428e+02,2.784430641821945756e+02,2.761946169772256212e+02
1.142010582010581885e+02,2.014880952380952408e+02,2.785000000000000000e+02,2.762162698412698205e+02
1.143567708333333286e+02,2.008776041666666572e+02,2.785000000000000000e+02,2.762162698412698205e+02
1.148179384203480424e+02,1.998755020080321287e+02,2.790057803468208135e+02,2.762292870905587279e+02
1.149546666666666539e+02,1.993013333333333037e+02,2.789980842911877517e+02,2.761149425287356394e+02
1.151338688085675983e+02,1.985742971887550254e+02,2.791286549707602376e+02,2.762436647173489064e+02
1.152818532818532873e+02,1.981544401544401524e+02,2.790423892100192234e+02,2.761599229287090225e+02
1.155260416666666572e+02,1.975065104166666572e+02,2.794761904761904816e+02,2.765036630036630072e+02
1.161949934123847186e+02,1.960447957839261903e+02,2.795856873822975217e+02,2.762655367231638479e+02
1.163171390013495170e+02,1.958596491228069851e+02,2.799781420765027065e+02,2.762021857923497237e+02
1.167053941908713739e+02,1.950248962655601588e+02,2.800570902394106270e+02,2.761602209944751394e+02
1.170591397849462254e+02,1.941263440860214757e+02,2.800570902394106270e+02,2.761602209944751394e+02
1.173430962343096269e+02,1.932147838214783633e+02,2.809176245210728098e+02,2.768754789272030621e+02
1.175796519410977226e+02,1.926921017402945040e+02,2.812317073170731874e+02,2.768983739837398161e+02
1.176997455470737890e+02,1.922620865139948876e+02,2.811969696969696884e+02,2.767196969696969404e+02
1.181254752851711061e+02,1.916121673003802357e+02,2.811806331471135536e+02,2.767709497206703873e+02
1.181141374837872888e+02,1.913437094682230679e+02,2.815764272559852657e+02,2.771639042357274434e+02
1.187523056653491409e+02,1.902015810276679701e+02,2.819259259259259238e+02,2.774925925925925867e+02
1.191093544137022349e+02,1.893175230566534708e+02,2.822407407407407050e+02,2.776333333333333258e+02
1.193664021164021136e+02,1.889708994708994680e+02,2.822849162011173121e+02,2.778957169459962415e+02
1.197148437500000000e+02,1.883515625000000000e+02,2.823840579710144993e+02,2.781286231884058111e+02
1.205797101449275317e+02,1.869301712779973457e+02,2.830732600732600304e+02,2.788571428571428328e+02
1.209947916666666572e+02,1.862916666666666572e+02,2.832720306513409696e+02,2.792586206896551744e+02
1.219972105997210576e+02,1.849888423988842305e+02,2.833257575757575637e+02,2.792367424242424363e+02
1.220434227330779038e+02,1.848671775223499196e+02,2.835037878787878753e+02,2.794829545454545610e+02
1.226557377049180388e+02,1.837745901639344197e+02,2.835446265938069246e+02,2.794280510018214727e+02
1.233292847503373793e+02,1.828367071524966150e+02,2.834700374531835223e+02,2.794550561797752835e+02
1.234598155467720630e+02,1.826337285902503140e+02,2.836254681647939719e+02,2.795898876404494331e+02
1.243361702127659640e+02,1.812340425531915002e+02,2.839881656804734007e+02,2.801282051282051384e+02
1.248053333333333228e+02,1.806933333333333280e+02,2.842702169625246142e+02,2.804003944773175476e+02
1.250259403372243696e+02,1.805901426718547214e+02,2.842313725490195679e+02,2.803529411764706083e+02
1.258213333333333281e+02,1.793893333333333260e+02,2.841425702811245060e+02,2.808674698795180689e+02
1.257759784075573464e+02,1.793630229419703142e+02,2.841527777777777715e+02,2.808273809523809632e+02
1.267893333333333317e+02,1.778853333333333069e+02,2.839979674796747986e+02,2.809207317073170884e+02
1.268959156785243607e+02,1.776337285902503140e+02,2.841509803921568391e+02,2.810117647058823422e+02
1.271728855721392790e+02,1.773818407960198726e+02,2.840873015873015675e+02,2.809404761904762040e+02
1.277853333333333268e+02,1.766373333333333164e+02,2.840873015873015675e+02,2.809404761904762040e+02
1.282252604166666572e+02,1.761236979166666572e+02,2.840873015873015675e+02,2.809404761904762040e+02
1.289853333333333296e+02,1.749813333333333105e+02,2.840867052023121460e+02,2.813737957610790090e+02
1.295085638998682498e+02,1.744334650856389999e+02,2.841746031746031349e+02,2.814285714285714448e+02
1.296967320261437919e+02,1.742078431372549119e+02,2.841091269841269309e+02,2.816845238095237960e+02
1.304698162729658577e+02,1.731036745406823911e+02,2.840313725490195793e+02,2.815823529411764525e+02
1.306898326898326843e+02,1.729111969111969245e+02,2.841091269841269309e+02,2.816845238095237960e+02
1.310999999999999943e+02,1.721435897435897289e+02,2.838582375478927133e+02,2.816743295019156790e+02
1.315608465608465281e+02,1.717116402116402014e+02,2.839509202453987768e+02,2.818936605316973214e+02
1.317408906882590998e+02,1.714493927125506048e+02,2.839509202453987768e+02,2.818936605316973214e+02
1.323908496732026094e+02,1.710248366013071575e+02,2.837610441767067755e+02,2.821526104417670240e+02
1.327163453386933725e+02,1.712348729728990406e+02,nan,nan
1.330418410041841071e+02,1.714449093444909238e+02,2.836745562130177518e+02,2.827278106508875908e+02
1.338408779149519887e+02,1.719135802469135683e+02,2.840370370370370097e+02,2.829897119341563325e+02
1.340247395833333144e+02,1.720325520833333144e+02,2.838524904214559115e+02,2.825651340996168415e+02
1.346177248677248599e+02,1.726441798941798709e+02,2.839147286821705052e+02,2.826531007751937636e+02
1.357676348547717851e+02,1.732088520055324921e+02,2.840135658914728651e+02,2.823081395348837077e+02
1.359553805774278032e+02,1.737414698162729394e+02,2.842888888888888914e+02,2.824499999999999886e+02
1.358773946360153388e+02,1.739131545338441640e+02,2.844850187265917612e+02,2.821273408239700302e+02
1.357815230961298312e+02,1.741747815230961294e+02,2.847689393939393767e+02,2.819242424242424363e+02
1.364979757085020253e+02,1.748542510121457383e+02,2.847689393939393767e+02,2.819242424242424363e+02
1.370881971465628908e+02,1.753787289234759896e+02,2.851567460317460245e+02,2.820773809523809632e+02
1.375402298850574709e+02,1.758097062579820999e+02,2.851212121212121247e+02,2.816989898989898506e+02
1.376243781094527208e+02,1.761567164179104452e+02,2.854373795761079009e+02,2.815452793834296585e+02
1.375826873385012732e+02,1.762790697674418539e+02,2.857845528455284239e+02,2.813231707317073074e+02
1.380926594464500567e+02,1.769939831528278944e+02,2.857484662576687242e+02,2.812903885480572512e+02
1.384275092936802878e+02,1.774684014869888529e+02,2.858222222222221944e+02,2.815131313131312822e+02
1.391997455470737748e+02,1.780025445292620816e+02,2.861573033707865079e+02,2.817640449438202381e+02
1.395330739299610912e+02,1.784448767833981719e+02,2.861836327345309314e+02,2.816167664670658723e+02
1.397412935323382897e+02,1.788470149253731449e+02,2.862019607843137123e+02,2.817254901960783968e+02
1.399635220125786077e+02,1.791459119496855124e+02,2.862019607843137123e+02,2.817254901960783968e+02
1.400572519083969496e+02,1.793702290076335828e+02,2.861637426900584842e+02,2.816705653021442117e+02
1.407135416666666572e+02,1.799231770833333144e+02,2.864101010101010161e+02,2.818404040404040529e+02
1.415511288180610734e+02,1.807596281540504606e+02,2.865243902439024168e+02,2.817215447154471235e+02
1.416015325670498157e+02,1.809961685823754749e+02,2.865243902439024168e+02,2.817215447154471235e+02
1.416805031446540681e+02,1.812100628930817550e+02,2.865243902439024168e+02,2.817215447154471235e+02
1.421636582430806186e+02,1.815920577617328604e+02,2.865243902439024168e+02,2.817215447154471235e+02
1.430674603174603305e+02,1.827910052910052627e+02,2.864058823529411484e+02,2.818431372549019329e+02
1.433686868686868365e+02,1.831388888888888857e+02,2.867919191919191917e+02,2.826020202020201850e+02
1.436654182272159801e+02,1.836828963795255731e+02,2.867919191919191917e+02,2.826020202020201850e+02
1.438546365914786804e+02,1.840513784461152795e+02,2.866015779092701905e+02,2.826883629191321461e+02
1.448257575757575637e+02,1.851742424242424363e+02,2.866015779092701905e+02,2.826883629191321461e+02
1.453719433719433596e+02,1.857155727155727050e+02,2.862363636363636488e+02,2.827616161616161321e+02
1.457613488975356688e+02,1.864682230869001103e+02,2.863169734151329067e+02,2.828629856850715782e+02
1.461320512820512647e+02,1.870807692307692207e+02,2.863108384458077467e+02,2.828568507157464182e+02
1.463358778625954244e+02,1.874173027989821776e+02,nan,nan
1.466628498727735348e+02,1.881806615776081344e+02,nan,nan
1.470311284046692606e+02,1.889623865110246186e+02,2.857784679089026554e+02,2.830062111801242395e+02
1.475701058201058231e+02,1.902605820105819987e+02,nan,nan
1.479348958333333144e+02,1.909635416666666572e+02,2.853902439024390105e+02,2.830589430894308975e+02
1.479949494949494806e+02,1.913888888888888857e+02,2.853902439024390105e+02,2.830589430894308975e+02
1.485006242197253243e+02,1.927278401997502897e+02,2.851776447105788179e+02,2.836926147704590448e+02
1.488682170542635674e+02,1.937932816537467602e+02,nan,nan
1.490690571049136679e+02,1.948167330677290749e+02,nan,nan
1.492412451361867625e+02,1.955603112840466906e+02,nan,nan
1.494358974358974308e+02,1.962564102564102484e+02,2.852229038854805481e+02,2.839631901840490968e+02
1.498164062500000000e+02,1.975104166666666572e+02,2.851979797979797695e+02,2.839494949494949196e+02
1.500188679245283083e+02,1.986389937106918069e+02,2.858654970760234164e+02,2.844113060428849735e+02
1.504771241830065378e+02,1.998562091503267766e+02,2.859044715447154204e+02,2.841951219512195053e+02
1.506200980392156907e+02,2.007132352941176521e+02,2.859044715447154204e+02,2.841951219512195053e+02
1.509213483146067460e+02,2.016828963795255731e+02,2.862951807228915868e+02,2.839819277108433653e+02
1.510862745098039284e+02,2.037150326797385560e+02,2.863095238095237960e+02,2.840535714285714448e+02
1.514248633879781210e+02,2.050983606557377072e+02,2.864887525562372161e+02,2.840286298568507277e+02
1.514906666666666695e+02,2.057599999999999909e+02,2.869344894026974657e+02,2.840269749518304252e+02
1.517849462365591364e+02,2.070725806451612812e+02,2.869625246548323503e+02,2.839960552268244101e+02
1.520128700128699961e+02,2.089395109395109102e+02,2.871843137254901421e+02,2.839450980392156794e+02
1.521917631917631866e+02,2.099974259974259780e+02,2.878927875243664403e+02,2.839434697855750187e+02
1.524216073781290959e+02,2.109973649538866880e+02,2.880310077519379774e+02,2.839515503875969102e+02
1.525564202334630295e+02,2.119896238651102180e+02,2.880231213872832541e+02,2.837976878612716973e+02
1.526769230769230887e+02,2.128423076923076849e+02,2.882357723577235902e+02,2.837947154471544309e+02
1.530442600276625171e+02,2.146113416320885108e+02,2.882357723577235902e+02,2.837947154471544309e+02
1.531693766937669352e+02,2.155040650406504028e+02,2.886142322097377928e+02,2.837003745318351662e+02
1.533375000000000057e+02,2.161833333333333371e+02,2.889384920634920491e+02,2.838551587301587347e+02
1.534714086471408621e+02,2.172133891213389063e+02,2.897200000000000273e+02,2.838685714285714425e+02
1.535171957671957443e+02,2.180939153439153415e+02,2.897200000000000273e+02,2.838685714285714425e+02
1.538916323731138505e+02,2.194115226337448519e+02,2.899134438305708841e+02,2.839447513812154966e+02
1.540692810457516373e+02,2.199267973856208869e+02,2.901233885819520992e+02,2.841049723756906360e+02
1.541653116531165324e+02,2.211002710027100306e+02,2.905039215686274474e+02,2.838039215686274588e+02
1.543654618473895539e+02,2.221178045515394786e+02,2.910604288499025074e+02,2.842807017543859729e+02
1.545121951219512084e+02,2.231260162601626007e+02,2.910604288499025074e+02,2.842807017543859729e+02
1.545879999999999939e+02,2.232719999999999914e+02,2.911481481481480955e+02,2.842982456140350678e+02
1.549014267185473273e+02,2.251439688715953196e+02,2.915890652557318958e+02,2.844338624338624300e+02
1.549747474747474598e+02,2.254179292929292728e+02,2.919767025089605568e+02,2.846702508960573255e+02
1.552860892388451362e+02,2.268950131233595471e+02,2.919928315412186066e+02,2.846415770609318656e+02
1.553681592039800989e+02,2.271741293532338091e+02,2.919716312056737593e+02,2.845868794326240732e+02
1.555986666666666451e+02,2.279399999999999977e+02,2.924188948306594966e+02,2.848770053475935811e+02
1.559410256410256181e+02,2.291141025641025522e+02,2.923571428571428328e+02,2.849249084249083808e+02
1.563842975206611641e+02,2.305275482093663868e+02,2.925452991452991114e+02,2.852410256410256579e+02
1.564077025232403457e+02,2.309442231075697123e+02,2.929137931034482563e+02,2.851532567049808335e+02
1.566947960618846594e+02,2.322025316455696213e+02,2.932319688109161575e+02,2.851325536062378205e+02
1.569372549019607845e+02,2.328117647058823536e+02,2.936343434343434069e+02,2.844949494949494806e+02
1.571348897535667959e+02,2.336147859922178895e+02,nan,nan
1.573981841763942668e+02,2.342308690012970089e+02,2.948275862068965694e+02,2.824099616858237027e+02
1.580371845949534872e+02,2.357171314741035815e+02,2.949704142011834165e+02,2.822426035502958825e+02
1.582726045883940458e+02,2.366990553306342804e+02,2.958926553672316118e+02,2.815480225988700340e+02
1.587742363877821958e+02,2.376480743691898851e+02,2.964863387978141986e+02,2.809071038251366303e+02
1.591814516129032313e+02,2.385725806451612812e+02,2.977495069033530513e+02,2.799644970414201453e+02
1.595136815920398021e+02,2.391169154228855405e+02,2.979926335174953920e+02,2.794033149171270907e+02
1.596666666666666572e+02,2.396867167919799329e+02,2.991743295019156790e+02,2.787739463601532179e+02
1.603962516733600978e+02,2.410013386880856672e+02,2.997537878787878753e+02,2.785946969696969404e+02
1.610041666666666629e+02,2.421416666666666799e+02,3.005579710144927503e+02,2.783731884057970660e+02
1.612599999999999909e+02,2.425999999999999943e+02,3.018263473053892199e+02,2.777804391217564444e+02
1.617229080932784484e+02,2.435377229080932580e+02,3.024355828220859053e+02,2.779836400817995354e+02
1.620129701686121848e+02,2.441932555123216559e+02,3.037662835249041677e+02,2.787471264367816275e+02
1.627443105756358648e+02,2.451780455153948992e+02,3.048787878787878753e+02,2.791666666666666288e+02
1.631151761517614887e+02,2.458089430894308975e+02,3.055430711610486583e+02,2.791573033707865079e+02
1.637738095238095184e+02,2.467817460317460245e+02,3.071229050279329726e+02,2.795903165735567768e+02
1.640989974937343163e+02,2.471954887218045087e+02,3.074054580896685707e+02,2.797037037037036953e+02
1.642748091603053524e+02,2.476946564885496116e+02,3.081750465549347950e+02,2.797616387337057517e+02
1.648500619578686326e+02,2.483767038413878367e+02,3.096596119929453153e+02,2.800899470899470884e+02
1.654193121693121498e+02,2.492791005291005035e+02,3.107179487179487296e+02,2.802655677655677664e+02
1.659820512820512590e+02,2.501474358974358836e+02,3.117686274509803752e+02,2.804843137254901535e+02
1.666679790026246621e+02,2.507020997375327909e+02,3.126472868217053929e+02,2.804670542635658421e+02
1.670332056194125130e+02,2.512924648786717512e+02,3.130591715976331102e+02,2.805266272189348911e+02
1.675737051792828822e+02,2.518778220451526977e+02,3.129415204678362556e+02,2.805263157894736992e+02
1.683494623655913927e+02,2.526868279569892195e+02,3.137231638418078887e+02,2.804557438794726636e+02
1.688040816326530660e+02,2.532163265306122355e+02,3.145378787878787534e+02,2.805094696969696884e+02
1.696048387096774093e+02,2.539637096774193594e+02,3.146057142857142708e+02,2.805104761904761403e+02
1.707217741935483843e+02,2.548051075268816987e+02,3.155215686274509608e+02,2.804745098039215350e+02
1.710761154855642872e+02,2.551496062992125928e+02,3.158030303030302548e+02,2.805151515151515014e+02
1.722191235059760857e+02,2.558260292164674468e+02,3.161137254901960318e+02,2.805392156862744741e+02
1.732248995983935629e+02,2.564350736278447016e+02,3.161137254901960318e+02,2.805392156862744741e+02
1.742865013774104455e+02,2.570950413223140458e+02,nan,nan
1.748421052631578902e+02,2.575033738191633006e+02,3.170272904483430807e+02,2.810019493177387631e+02
1.755737051792828822e+02,2.578047808764940214e+02,3.170019841269840981e+02,2.812876984126983757e+02
1.764281729428172696e+02,2.583654114365411374e+02,3.174293785310734393e+02,2.813276836158191827e+02
1.768926553672316402e+02,2.586440677966101589e+02,3.179272727272727366e+02,2.813494949494949537e+02
1.779704641350211034e+02,2.591828410689170141e+02,3.183519553072625854e+02,2.815009310986964692e+02
1.787758865248226812e+02,2.594822695035460924e+02,3.187619047619047592e+02,2.815352380952380713e+02
1.799229691876750508e+02,2.599145658263305450e+02,3.190019047619047114e+02,2.816514285714285961e+02
1.800331950207468878e+02,2.601009681881050710e+02,3.193941068139963022e+02,2.816942909760589373e+02
1.801084010840108363e+02,2.600813008130081130e+02,3.201890838206627450e+02,2.817621832358674396e+02
1.808561549100967909e+02,2.605283540802212769e+02,3.212049808429118798e+02,2.816877394636015310e+02
1.816092896174863256e+02,2.608319672131147513e+02,3.214033149171270907e+02,2.816740331491712936e+02
1.819760900140646811e+02,2.609929676511954995e+02,3.214033149171270907e+02,2.816740331491712936e+02
1.830351617440224743e+02,2.611293952180027986e+02,3.217433155080213965e+02,2.816470588235293917e+02
1.837445355191256624e+02,2.614344262295081762e+02,3.216791443850267456e+02,2.816096256684492118e+02
1.843098384728340591e+02,2.615198237885462618e+02,3.229865125240847874e+02,2.817302504816955206e+02
1.851087267525035429e+02,2.615092989985693634e+02,3.235232558139534831e+02,2.816686046511628092e+02
1.863027656477437972e+02,2.615880640465793476e+02,3.238087121212120678e+02,2.817215909090909349e+02
1.866392156862744969e+02,2.619581699346405230e+02,3.237097378277153439e+02,2.817303370786517007e+02
1.874274509803921660e+02,2.620000000000000000e+02,3.237097378277153439e+02,2.817303370786517007e+02
1.883627844712181911e+02,2.620374832663989082e+02,3.251201550387596626e+02,2.817189922480620226e+02
1.893203631647211296e+02,2.621089494163423979e+02,3.254810606060605664e+02,2.816685606060605664e+02
1.893520000000000039e+02,2.622599999999999909e+02,3.253970037453183295e+02,2.816441947565542705e+02
1.905365853658536537e+02,2.620677506775067513e+02,3.254810606060605664e+02,2.816685606060605664e+02
1.911699346405228539e+02,2.621071895424836384e+02,3.256592592592592723e+02,2.817092592592592268e+02
1.923534136546184641e+02,2.616653279785809900e+02,3.257124542124541904e+02,2.816080586080585704e+02
1.931111111111110858e+02,2.614247538677918214e+02,3.261568627450980102e+02,2.816392156862744969e+02
1.933319148936170109e+02,2.615687943262411181e+02,3.261568627450980102e+02,2.816392156862744969e+02
1.943065134099616955e+02,2.613205619412515830e+02,3.261959595959595504e+02,2.813898989898989385e+02
1.956867924528301899e+02,2.607572327044024973e+02,3.260641821946169330e+02,2.813146997929606528e+02
1.965032679738561967e+02,2.605320261437908016e+02,3.262135728542913853e+02,2.813453093812374846e+02
1.976253229974159922e+02,2.601098191214470035e+02,3.257992202729044493e+02,2.812904483430799019e+02
1.978301158301158296e+02,2.601029601029600826e+02,3.259501915708812021e+02,2.813007662835248652e+02
1.984560723514211702e+02,2.599586563307493634e+02,3.262432950191570740e+02,2.811226053639846327e+02
1.998850129198966101e+02,2.592144702842377342e+02,3.270041152263374329e+02,2.810308641975308888e+02
2.006535947712418135e+02,2.588235294117646959e+02,3.267739463601532179e+02,2.809559386973180040e+02
2.018027210884353622e+02,2.582721088435374099e+02,nan,nan
2.026380952380952181e+02,2.579319727891156049e+02,3.271739130434782510e+02,2.807971014492753170e+02
2.032114137483787033e+02,2.577263294422826903e+02,3.271176470588235361e+02,2.806568627450980102e+02
2.044713541666666572e+02,2.569778645833333144e+02,3.271176470588235361e+02,2.806568627450980102e+02
2.057718579234972367e+02,2.563169398907103869e+02,3.272753623188405641e+02,2.805672877846790811e+02
2.062086614173228440e+02,2.561889763779527698e+02,3.270444444444444230e+02,2.805535353535353238e+02
2.065936254980079809e+02,2.558911022576361063e+02,3.270444444444444230e+02,2.805535353535353238e+02
2.075444887118193833e+02,2.553200531208499058e+02,3.270444444444444230e+02,2.805535353535353238e+02
2.080308880308880362e+02,2.551814671814671840e+02,nan,nan
2.092297476759628125e+02,2.543572377158034499e+02,nan,nan
2.101025641025640880e+02,2.538771929824561369e+02,3.272686868686868138e+02,2.801171717171716864e+02
2.110246433203631398e+02,2.534098573281452502e+02,3.273498964803312106e+02,2.800062111801242395e+02
2.113205619412515830e+02,2.530332056194124846e+02,3.273250517598343663e+02,2.800165631469978962e+02
2.127165354330708738e+02,2.522519685039370074e+02,3.273250517598343663e+02,2.800165631469978962e+02
2.140569444444444400e+02,2.514736111111110972e+02,3.277106227106226584e+02,2.798992673992673872e+02
2.145862516212710602e+02,2.511102464332035993e+02,3.278276515151515014e+02,2.799015151515151274e+02
2.158211382113821060e+02,2.501910569105691025e+02,3.278958333333333144e+02,2.799242424242424363e+02
2.163650793650793673e+02,2.500820105820105823e+02,3.277014652014651688e+02,2.799212454212454304e+02
2.175884773662551481e+02,2.492716049382715937e+02,3.277014652014651688e+02,2.799212454212454304e+02
2.187213114754098342e+02,2.484836065573770441e+02,3.275785440613026935e+02,2.798659003831417635e+02
2.193292847503373650e+02,2.480161943319837974e+02,3.278128654970760181e+02,2.797972709551656862e+02
2.202301587301587347e+02,2.475555555555555429e+02,3.275911602209944817e+02,2.798305709023940722e+02
2.208779874213836365e+02,2.470704402515723075e+02,3.279111111111110972e+02,2.794363636363636374e+02
2.219573934837092679e+02,2.463546365914786804e+02,3.278028455284552933e+02,2.794105691056910246e+02
2.231843137254901990e+02,2.453882352941176350e+02,nan,nan
2.241361323155216212e+02,2.448155216284987148e+02,nan,nan
2.251259842519685037e+02,2.441469816272965829e+02,3.282520325203252014e+02,2.793495934959349256e+02
2.260581395348837077e+02,2.435852713178294664e+02,3.283639846743294584e+02,2.791283524904214346e+02
2.273057742782152104e+02,2.426771653543306968e+02,3.284288389513108086e+02,2.791086142322097317e+02
2.283612217795484582e+02,2.420345285524568339e+02,nan,nan
2.292779874213836422e+02,2.415194968553458921e+02,nan,nan
2.303148148148148096e+02,2.407407407407407334e+02,3.284410569105691025e+02,2.788048780487804947e+02
2.308346153846153754e+02,2.403628205128204911e+02,3.284484848484848385e+02,2.786303030303030255e+02
2.318314321926489185e+02,2.395487959442331771e+02,3.284484848484848385e+02,2.786303030303030255e+02
2.331020671834625091e+02,2.385697674418604777e+02,3.284859437751003952e+02,2.785983935742971767e+02
2.336838235294117680e+02,2.382977941176470722e+02,3.288436213991769250e+02,2.785288065843621439e+02
2.343555555555555543e+02,2.377074074074074019e+02,3.287572016460904933e+02,2.785658436213991536e+02
2.357271557271557185e+02,2.369974259974259780e+02,3.288436213991769250e+02,2.785288065843621439e+02
2.366744791666666572e+02,2.363697916666666572e+02,3.290396825396825307e+02,2.783134920634920491e+02
2.376166007905138429e+02,2.356429512516469060e+02,nan,nan
2.384435797665369705e+02,2.351750972762645802e+02,nan,nan
2.389253539253539032e+02,2.349021879021879045e+02,3.286361788617886077e+02,2.775894308943089186e+02
2.399188191881918897e+02,2.343616236162361588e+02,3.273809523809523512e+02,2.773901098901098976e+02
2.412044270833333144e+02,2.335091145833333144e+02,3.266562500000000000e+02,2.764982638888888573e+02
2.426924119241192273e+02,2.326829268292682968e+02,3.265208333333333144e+02,2.750113636363636260e+02
2.432666666666666799e+02,2.323215686274509721e+02,3.262912087912088168e+02,2.742893772893772848e+02
2.438218623481781435e+02,2.319905533063427754e+02,3.260562248995983623e+02,2.734377510040160359e+02
2.449814077025232280e+02,2.314023904382470107e+02,3.257514124293785471e+02,2.726440677966101589e+02
2.455110246433203542e+02,2.310894941634241206e+02,3.254200385356454603e+02,2.721271676300577838e+02
2.464666666666666686e+02,2.305786666666666633e+02,3.249941860465116292e+02,2.710096899224806180e+02
2.467414448669201477e+02,2.304321926489226655e+02,3.248895348837209553e+02,2.698120155038759549e+02
2.475256916996047494e+02,2.299868247694334684e+02,3.247865168539325964e+02,2.692846441947565381e+02
2.482162849872773336e+02,2.296132315521628300e+02,3.247959927140254877e+02,2.685373406193078267e+02
2.490723514211886140e+02,2.292041343669250466e+02,3.245390946502057545e+02,2.674485596707818900e+02
2.497959183673469283e+02,2.287523809523809462e+02,3.244161616161616166e+02,2.667939393939394108e+02
2.505335917312661422e+02,2.283811369509043629e+02,3.242650602409638623e+02,2.658955823293172784e+02
2.510957711442785580e+02,2.281990049751243532e+02,3.240593869731800396e+02,2.652969348659003685e+02
2.517523427041499247e+02,2.276572958500669301e+02,3.240363984674329458e+02,2.650134099616857952e+02
2.526789617486338670e+02,2.273948087431693921e+02,3.241451942740285972e+02,2.636625766871165411e+02
2.536709219858155961e+02,2.267815602836879236e+02,3.240346820809248811e+02,2.626589595375722297e+02
2.539401360544217425e+02,2.266571428571428442e+02,3.240251937984496067e+02,2.622538759689922472e+02
2.550214592274678012e+02,2.262389127324749438e+02,3.242264492753623131e+02,2.616992753623188150e+02
2.556381322957198563e+02,2.258754863813229576e+02,3.248986354775828431e+02,2.607446393762182879e+02
2.561274900398406658e+02,2.256215139442230964e+02,3.251012891344382751e+02,2.597255985267034930e+02
2.567002583979327710e+02,2.252984496124030898e+02,3.252935606060605664e+02,2.591515151515151274e+02
2.573042328042328108e+02,2.251309523809523796e+02,3.259981378026070615e+02,2.582067039106145216e+02
2.575630810092961269e+02,2.247928286852589679e+02,3.261117647058823650e+02,2.578745098039215691e+02
2.587322623828647465e+02,2.244698795180722755e+02,3.266413043478260647e+02,2.567989130434782510e+02
2.589137254901961001e+02,2.243712418300653439e+02,3.267194899817850455e+02,2.563187613843351187e+02
2.595188172043010582e+02,2.240860215053763227e+02,3.272292870905587279e+02,2.544874759152215518e+02
2.600653061224489875e+02,2.238149659863945544e+02,3.276230158730158450e+02,2.538611111111110858e+02
2.607121820615796537e+02,2.235448460508701487e+02,3.281705426356588760e+02,2.528410852713178087e+02
2.611897018970189492e+02,2.233644986449864405e+02,3.282121212121211897e+02,2.519696969696969688e+02
2.613455284552845796e+02,2.231951219512195053e+02,3.282974051896207470e+02,2.506826347305389220e+02
2.631054131054131062e+02,2.225811965811965933e+02,3.286153846153846416e+02,2.493254437869822482e+02
2.636149425287356394e+02,2.223864942528735469e+02,3.290621118012422244e+02,2.478385093167701996e+02
2.642608089260808697e+02,2.220697350069735023e+02,3.290272904483430807e+02,2.472046783625731052e+02
2.641506666666666092e+02,2.220519999999999925e+02,3.290966469428007599e+02,2.461715976331360878e+02
2.649376693766937478e+02,2.216151761517614887e+02,3.291761363636363740e+02,2.452234848484848158e+02
2.654462365591397202e+02,2.215927419354838719e+02,3.297011494252873831e+02,2.433946360153256592e+02
2.661602564102563520e+02,2.212846153846153925e+02,3.300018416206261236e+02,2.422762430939226590e+02
2.663164721141374685e+02,2.212153047989623644e+02,3.300955284552845228e+02,2.415386178861788267e+02
2.671287262872628503e+02,2.207533875338753262e+02,3.303352165725046916e+02,2.395762711864406640e+02
2.681266666666666083e+02,2.203413333333333242e+02,3.309070707070707158e+02,2.382484848484848499e+02
2.687466124661246454e+02,2.200447154471544593e+02,3.310525252525252426e+02,2.366424242424242550e+02
2.688963254593175520e+02,2.200524934383201980e+02,3.311317365269460993e+02,2.357784431137724539e+02
2.688745098039215691e+02,2.200849673202614269e+02,nan,nan
2.695341365461847545e+02,2.199424364123159137e+02,3.312813102119460495e+02,2.336300578034682189e+02
2.713684210526315610e+02,2.192672064777327989e+02,3.317093495934959151e+02,2.313516260162601554e+02
2.716317204301074639e+02,2.189166666666666572e+02,nan,nan
2.726177248677248031e+02,2.186997354497354422e+02,3.318568627450979989e+02,2.280980392156862706e+02
2.730438596491227941e+02,2.185764411027568599e+02,3.322639691714836090e+02,2.266242774566474054e+02
2.729665427509293636e+02,2.185985130111524199e+02,3.326272189349112409e+02,2.247100591715976350e+02
2.747283464566929183e+02,2.179146981627296498e+02,3.330260707635009112e+02,2.233687150837988895e+02
2.750577427821522178e+02,2.177139107611548354e+02,nan,nan
2.761987179487178992e+02,2.173166666666666345e+02,3.342806026365348089e+02,2.199830508474576334e+02
2.772184343434342964e+02,2.168914141414141170e+02,3.349117647058823763e+02,2.178745098039215407e+02
2.784307116104868669e+02,2.164631710362047272e+02,3.348652094717668319e+02,2.164462659380692173e+02
2.789986876640419382e+02,2.162178477690288503e+02,3.353737373737373559e+02,2.136262626262625872e+02
2.798393574297188593e+02,2.158045515394912854e+02,nan,nan
2.803206590621039140e+02,2.156552598225601969e+02,3.355823754789271902e+02,2.103659003831417351e+02
2.815716096324460977e+02,2.151850443599493019e+02,3.359855072463768124e+02,2.080000000000000000e+02
2.820734908136482773e+02,2.150170603674540359e+02,3.362828282828282909e+02,2.061292929292928875e+02
2.829686274509803638e+02,2.146601307189542354e+02,3.366973415132924288e+02,2.044314928425357607e+02
2.839947089947089580e+02,2.140965608465608341e+02,3.372004089979549804e+02,2.028057259713701228e+02
2.848172043010752077e+02,2.138064516129032313e+02,3.374727272727272975e+02,2.020929292929292558e+02
2.854453333333333376e+02,2.135039999999999907e+02,3.379089147286821344e+02,2.011782945736433987e+02
2.855685534591194710e+02,2.132465408805031188e+02,3.383664717348927979e+02,2.001949317738791194e+02
2.857187112763321011e+02,2.132912019826517849e+02,3.386085271317829211e+02,1.991259689922480618e+02
2.867845373891000804e+02,2.123206590621039140e+02,3.385753968253968083e+02,1.981230158730158450e+02
2.875247148288973449e+02,2.119518377693282503e+02,3.384140786749482004e+02,1.978881987577639734e+02
2.879025641025640425e+02,2.116012820512820269e+02,nan,nan
2.885817490494296749e+02,2.109353612167300298e+02,3.385088757396449637e+02,1.972564102564102200e+02
2.887445721583652585e+02,2.110625798212005009e+02,3.383113772455089929e+02,1.971696606786426855e+02
2.896278195488721963e+02,2.098646616541353467e+02,3.382008032128513833e+02,1.967991967871485883e+02
2.900781440781440779e+02,2.095115995115995133e+02,3.383292181069958815e+02,1.963888888888888857e+02
2.906767676767676676e+02,2.088699494949494806e+02,3.383519668737059760e+02,1.963685300207039290e+02
2.912869674185463396e+02,2.081829573934836901e+02,nan,nan
2.918478835978835377e+02,2.075304232804232640e+02,nan,nan
2.921599462365591080e+02,2.071935483870967687e+02,nan,nan
2.924274809160305608e+02,2.069885496183206044e+02,3.383847736625514244e+02,1.937613168724279831e+02
2.926004993757802595e+02,2.065780274656679012e+02,nan,nan
2.931020408163265074e+02,2.062489795918367292e+02,3.384911242603550363e+02,1.925029585798816640e+02
2.934247104247104403e+02,2.056872586872586908e+02,nan,nan
2.938158602150537604e+02,2.049139784946236489e+02,nan,nan
2.939325551232165594e+02,2.048378728923475762e+02,nan,nan
2.941687074829931703e+02,2.037306122448979693e+02,nan,nan
2.945508905852416888e+02,2.033804071246819376e+02,nan,nan
2.947895424836601137e+02,2.027124183006535816e+02,3.392767676767676903e+02,1.870060606060606005e+02
2.948875968992248318e+02,2.021369509043927337e+02,nan,nan
2.949461538461538339e+02,2.019384615384615245e+02,nan,nan
2.952094861660078777e+02,2.011330698287220002e+02,3.395439672801635993e+02,1.846584867075664533e+02
2.952234993614303562e+02,2.010063856960408657e+02,3.393477366255143579e+02,1.833950617283950635e+02
2.953893333333332976e+02,2.006959999999999980e+02,3.393662551440328912e+02,1.824732510288065725e+02
2.957254150702426614e+02,1.988148148148148096e+02,3.392803921568627175e+02,1.821392156862744969e+02
2.957742363877821958e+02,1.985683930942894904e+02,3.393168724279835260e+02,1.812139917695473059e+02
2.958366800535475249e+02,1.976532797858099002e+02,3.392681992337164729e+02,1.804348659003831301e+02
2.957768707482993022e+02,1.970639455782312837e+02,3.388262626262625758e+02,1.792606060606060510e+02
2.958561827956988850e+02,1.961505376344085789e+02,nan,nan
2.960349462365591080e+02,1.958118279569892195e+02,nan,nan
2.959596354166666288e+02,1.951106770833333144e+02,3.384513457556935805e+02,1.769440993788819867e+02
2.958751660026559875e+02,1.944409030544488530e+02,3.384176470588235475e+02,1.764607843137254690e+02
2.960000000000000000e+02,1.941992337164751063e+02,3.378490196078431040e+02,1.765725490196078340e+02
2.956890645586297524e+02,1.931383399209486242e+02,3.378787878787878753e+02,1.755393939393939320e+02
2.956173333333333062e+02,1.924773333333333198e+02,nan,nan
2.953155893536121539e+02,1.915728770595690662e+02,3.374781746031745797e+02,1.744424603174603021e+02
2.953191214470284081e+02,1.914560723514211702e+02,nan,nan
2.951975308641975175e+02,1.907790123456790070e+02,3.372854511970534190e+02,1.730460405156537718e+02
2.951256218905472224e+02,1.902935323383084381e+02,3.369180035650623495e+02,1.725704099821746809e+02
2.949431216931216682e+02,1.894021164021163770e+02,3.364603174603174125e+02,1.721269841269841265e+02
2.944041184041183783e+02,1.884633204633204571e+02,3.363609467455621029e+02,1.716508875739644964e+02
2.940155642023346445e+02,1.876186770428015507e+02,3.363684210526315610e+02,1.713606237816763951e+02
2.938020050125313105e+02,1.869385964912280542e+02,3.361215686274509835e+02,1.703843137254901876e+02
2.933827629911279473e+02,1.861292775665399120e+02,3.359567901234568126e+02,1.700946502057612975e+02
2.932786666666666520e+02,1.858093333333333135e+02,3.357049808429118798e+02,1.689961685823754749e+02
2.927203065134099802e+02,1.846832694763729137e+02,3.356726190476190368e+02,1.686468253968253919e+02
2.920433705080544655e+02,1.836146220570012133e+02,3.356873822975517783e+02,1.682015065913370790e+02
2.919440389294403531e+02,1.834866180048661590e+02,3.359980506822611801e+02,1.668226120857699755e+02
2.914861111111110858e+02,1.825378787878787818e+02,3.352111801242235742e+02,1.657867494824016319e+02
2.905804816223067064e+02,1.812103929024081026e+02,3.346666666666666288e+02,1.645711610486891345e+02
2.904490566037736130e+02,1.809924528301886824e+02,3.338433734939758892e+02,1.633955823293172500e+02
2.896783398184176122e+02,1.799442282749675712e+02,3.335690607734806576e+02,1.628802946593001764e+02
2.893635220125785850e+02,1.793685534591194823e+02,3.333314606741573130e+02,1.621722846441947468e+02
2.885948905109489147e+02,1.783515815085158067e+02,nan,nan
2.879153439153438967e+02,1.772513227513227321e+02,3.324127906976744384e+02,1.599496124031007582e+02
2.873594771241829449e+02,1.765307189542483570e+02,3.320449438202247165e+02,1.594588014981273147e+02
2.869736842105263008e+02,1.759197994987468689e+02,3.315105973025047774e+02,1.583236994219653297e+02
2.862048346055979096e+02,1.750610687022900720e+02,3.311742424242424363e+02,1.579621212121212182e+02
2.854088050314465477e+02,1.741182389937106620e+02,3.309090909090909349e+02,1.572859848484848442e+02
2.848880597014925229e+02,1.730684079601989822e+02,3.301274509803921546e+02,1.557803921568627175e+02
2.838391699092088061e+02,1.717678339818417328e+02,3.299425287356322087e+02,1.553084291187739439e+02
2.830350877192981898e+02,1.706747638326585559e+02,3.296629422718808087e+02,1.552402234636871583e+02
2.828106060606060623e+02,1.703623737373737299e+02,3.290710382513661330e+02,1.543551912568306079e+02
2.818087855297157489e+02,1.690090439276485483e+02,3.287358834244079731e+02,1.540601092896174862e+02
2.805627530364372433e+02,1.673481781376518143e+02,3.282078651685393424e+02,1.530692883895131047e+02
2.802647849462365457e+02,1.669233870967742064e+02,3.278614457831325240e+02,1.522931726907630434e+02
2.795716198125836627e+02,1.661713520749665349e+02,3.277899807321772414e+02,1.522562620423892099e+02
2.791875792141951820e+02,1.654550063371356146e+02,3.269922928709056009e+02,1.517456647398844041e+02
2.786825396825396410e+02,1.648412698412698205e+02,3.268483146067415532e+02,1.516367041198501795e+02
2.772524005486968122e+02,1.630603566529492241e+02,3.260615079365078941e+02,1.505734126984126817e+02
2.771935081148563995e+02,1.628401997503120811e+02,3.255934065934065984e+02,1.499084249084249052e+02
2.763242542153047907e+02,1.617457846952010243e+02,3.253717948717948616e+02,1.494871794871794748e+02
2.761487383798140627e+02,1.614528552456839350e+02,3.247104761904761858e+02,1.486247619047618969e+02
2.756143790849672541e+02,1.608980392156862820e+02,3.241826741996233068e+02,1.480621468926553632e+02
2.747891963109353810e+02,1.596100131752305344e+02,3.234751381215469337e+02,1.472449355432780749e+02
2.744791666666666288e+02,1.592352941176470722e+02,3.231467391304348098e+02,1.466304347826086882e+02
2.737670384138785380e+02,1.583407682775712431e+02,3.228333333333333144e+02,1.462013888888888857e+02
2.732304687500000000e+02,1.576562500000000000e+02,3.218648148148147925e+02,1.451166666666666742e+02
2.724837872892347264e+02,1.566796368352788420e+02,3.207003546099290929e+02,1.442393617021276668e+02
2.716705426356589328e+02,1.556279069767441854e+02,3.192564102564102200e+02,1.425879120879120876e+02
2.713774319066147882e+02,1.555836575875486290e+02,3.185465116279069662e+02,1.414515503875968818e+02
2.707810945273631660e+02,1.548196517412935123e+02,3.176007532956685395e+02,1.403578154425611899e+02
2.702092457420924347e+02,1.540389294403892961e+02,3.167709497206703873e+02,1.394227188081936504e+02
2.703257575757575637e+02,1.538396464646464494e+02,3.155828677839850798e+02,1.379422718808193622e+02
2.686113306982871904e+02,1.520882740447957531e+02,3.147169459962755695e+02,1.367448789571694476e+02
2.680304232804232356e+02,1.515767195767195687e+02,3.141397849462365457e+02,1.359462365591397770e+02
2.673191214470284081e+02,1.512144702842377058e+02,3.134212454212454304e+02,1.348846153846153868e+02
2.666496732026143377e+02,1.504013071895424787e+02,3.125199275362318758e+02,1.338967391304347814e+02
2.659015748031496287e+02,1.496535433070866077e+02,3.115913978494623393e+02,1.327347670250895817e+02
2.649907407407407050e+02,1.490119047619047592e+02,3.108736263736263936e+02,1.316978021978021900e+02
2.644599483204133890e+02,1.486472868217054213e+02,3.100349907918968597e+02,1.308268876611417966e+02
2.640471014492753739e+02,1.483586956521739069e+02,3.095890652557318958e+02,1.302504409171075679e+02
2.627205128205127949e+02,1.473756410256410163e+02,3.083023679417121912e+02,1.293315118397085541e+02
2.622111111111111086e+02,1.471259259259259125e+02,3.072946593001841507e+02,1.282854511970533906e+02
2.613859649122806559e+02,1.465338345864661562e+02,3.064463276836158343e+02,1.273709981167608163e+02
2.602347600518806416e+02,1.458158236057068677e+02,3.057914338919925399e+02,1.265139664804469248e+02
2.594385964912280542e+02,1.452577597840755743e+02,3.051508379888268223e+02,1.256126629422718679e+02
2.589346666666666579e+02,1.450879999999999939e+02,3.043026819923371704e+02,1.249636015325670400e+02
2.577191601049868837e+02,1.443622047244094517e+02,3.034521072796934504e+02,1.240632183908045931e+02
2.563984063745019739e+02,1.435524568393094285e+02,3.025029585798816356e+02,1.229684418145956499e+02
2.554576502732240328e+02,1.430874316939890605e+02,3.021257142857143094e+02,1.224742857142857133e+02
2.549183673469387656e+02,1.428503401360543990e+02,3.018465909090909349e+02,1.221344696969696884e+02
2.541564102564102257e+02,1.424243589743589666e+02,3.012688766114180225e+02,1.215211786372007339e+02
2.531245136186770424e+02,1.418197146562905289e+02,3.007513812154696211e+02,1.210073664825045938e+02
2.521376518218623346e+02,1.412618083670715237e+02,2.995968992248061795e+02,1.197093023255813904e+02
2.511599999999999966e+02,1.408000000000000114e+02,2.993867403314916942e+02,1.194125230202578081e+02
2.507116402116402014e+02,1.404695767195767075e+02,2.989832402234636675e+02,1.190260707635009112e+02
2.500988142292490011e+02,1.402397891963109373e+02,2.985478927203064927e+02,1.180804597701149419e+02
2.492720306513409980e+02,1.397420178799489179e+02,2.982702702702702595e+02,1.177063063063062884e+02
2.475572916666666572e+02,1.388841145833333144e+02,2.974861111111110858e+02,1.169107142857142918e+02
2.467394636015325773e+02,1.385593869731800680e+02,2.968831417624521123e+02,1.164022988505747094e+02
2.459986449864498468e+02,1.382452574525744922e+02,2.963160621761658149e+02,1.157927461139896366e+02
2.449013888888888744e+02,1.376902777777777658e+02,2.961507537688441971e+02,1.155912897822445444e+02
2.443086419753086318e+02,1.373264746227708883e+02,2.954699453551912711e+02,1.145446265938069104e+02
2.434036458333333144e+02,1.367408854166666572e+02,2.947740112994350170e+02,1.137664783427495223e+02
2.424947089947089864e+02,1.363492063492063551e+02,2.945153256704980436e+02,1.132758620689655231e+02
2.422305764411027269e+02,1.362305764411027269e+02,2.943063583815028892e+02,1.130327552986512387e+02
2.408273092369477979e+02,1.354859437751003952e+02,2.934659090909090651e+02,1.122159090909090935e+02
2.396837944664031568e+02,1.350144927536231876e+02,2.933471400394477087e+02,1.120453648915187301e+02
2.387303523035230342e+02,1.343631436314362873e+02,2.925040160642570299e+02,1.108614457831325240e+02
2.380397805212620028e+02,1.338724279835390973e+02,2.920803921568627288e+02,1.104117647058823479e+02
2.376108949416342284e+02,1.336290531776913042e+02,2.912425925925925867e+02,1.096851851851851762e+02
2.365691699604743121e+02,1.330830039525691575e+02,2.902950819672130933e+02,1.091566484517304048e+02
2.361634241245136252e+02,1.328910505836575737e+02,2.895833333333333144e+02,1.083876811594202820e+02
2.356391076115485248e+02,1.325958005249343614e+02,2.885038759689922472e+02,1.071531007751937921e+02
2.344979757085020253e+02,1.319554655870445288e+02,2.876105072463768124e+02,1.063387681159420168e+02
2.342980392156862877e+02,1.318143790849672996e+02,2.868491228070175225e+02,1.056807017543859644e+02
2.337997416020671722e+02,1.315478036175710486e+02,2.859757914338919704e+02,1.048770949720670416e+02
2.330441919191919169e+02,1.311755050505050235e+02,2.851666666666666288e+02,1.036794871794871682e+02
2.320498687664041881e+02,1.307572178477689988e+02,2.838762475049899763e+02,1.020758483033932009e+02
2.318057742782152104e+02,1.305997375328083763e+02,2.834385964912280542e+02,1.017115009746588612e+02
2.313906250000000000e+02,1.304179687500000000e+02,2.823486590038314148e+02,1.005996168582375390e+02
2.302469135802469111e+02,1.297777777777777715e+02,2.815837837837837583e+02,9.963063063063061975e+01
2.298061088977423481e+02,1.296440903054448768e+02,2.811724806201549995e+02,9.878488372093023884e+01
2.290069444444444287e+02,1.291222222222222058e+02,2.806477272727272521e+02,9.793560606060604812e+01
2.288724279835390973e+02,1.291467764060356558e+02,2.804723707664883818e+02,9.741889483065952504e+01
2.282589641434262830e+02,1.290039840637450084e+02,2.800818713450292421e+02,9.688693957115008004e+01
2.280052083333333144e+02,1.287408854166666572e+02,2.794929824561403393e+02,9.586315789473684390e+01
2.273534136546184641e+02,1.285341365461847261e+02,2.791205273069679720e+02,9.522222222222221433e+01
2.264674634794156418e+02,1.281938911022576235e+02,2.785605214152699887e+02,9.418621973929235480e+01
2.261706989247311697e+02,1.280900537634408636e+02,2.783759689922480334e+02,9.350581395348837077e+01
2.255296442687747174e+02,1.278010540184453134e+02,2.783429118773946129e+02,9.342337164750956902e+01
2.251927083333333144e+02,1.275143229166666572e+02,2.778621973929236333e+02,9.260148975791432235e+01
2.241097724230254187e+02,1.273038821954484519e+02,2.776015325670497873e+02,9.201724137931034875e+01
2.234509803921568505e+02,1.270140056022408857e+02,2.771325757575757507e+02,9.104924242424242209e+01
2.226338797814207453e+02,1.267718579234972651e+02,2.769128787878787534e+02,9.068560606060606233e+01
2.224685408299866083e+02,1.266452476572958403e+02,2.766630434782608745e+02,9.046557971014490818e+01
2.218745098039215691e+02,1.264039215686274531e+02,2.765974499089252845e+02,8.987067395264115532e+01
2.216587615283267496e+02,1.263465085638998602e+02,2.764982078853046232e+02,8.977240143369174064e+01
2.212358757062146708e+02,1.262683615819208995e+02,2.756745562130177518e+02,8.873372781065089043e+01
2.205555555555555429e+02,1.259513888888888857e+02,2.754412878787878753e+02,8.839772727272726627e+01
2.204929971988795216e+02,1.259383753501400491e+02,2.751585585585585250e+02,8.818018018018017301e+01
2.199595141700404781e+02,1.257314439946018751e+02,2.749065934065934016e+02,8.788461538461538680e+01
2.193727034120734913e+02,1.253779527559055111e+02,2.749166666666666856e+02,8.790000000000000568e+01
2.189059139784946240e+02,1.252177419354838719e+02,2.743220973782771352e+02,8.674157303370786565e+01
2.184724517906335848e+02,1.250550964187327736e+02,2.741098901098901024e+02,8.650366300366300720e+01
2.183877266387726479e+02,1.250209205020920535e+02,2.741735700197238543e+02,8.674161735700197084e+01
2.173097222222222058e+02,1.246013888888888772e+02,2.738804347826086882e+02,8.640036231884057827e+01
2.174888888888888800e+02,1.246305555555555458e+02,2.738925318761384347e+02,8.644262295081966840e+01
2.165225988700564699e+02,1.240819209039547957e+02,2.734647619047618718e+02,8.523047619047618184e+01
2.167090163934426243e+02,1.243442622950819612e+02,2.732734082397003590e+02,8.478089887640449263e+01
2.164457831325301242e+02,1.240548862115127093e+02,2.732734082397003590e+02,8.478089887640449263e+01
2.156363636363636260e+02,1.236239669421487548e+02,2.730947176684881583e+02,8.432604735883424496e+01
2.158705234159779422e+02,1.234531680440771311e+02,2.730869565217391255e+02,8.428804347826087451e+01
2.157657295850066816e+02,1.230481927710843308e+02,2.724825046040515417e+02,8.330570902394106270e+01
2.153846153846153868e+02,1.222393162393162385e+02,2.723405797101449366e+02,8.300000000000000000e+01
2.149956709956709915e+02,1.213246753246753258e+02,2.724106813996316419e+02,8.289686924493553022e+01
2.152356321839080238e+02,1.212916666666666572e+02,2.724106813996316419e+02,8.289686924493553022e+01
2.149826086956521749e+02,1.202362318840579718e+02,2.722405303030302548e+02,8.259090909090909349e+01
2.148188105117565385e+02,1.197925311203319438e+02,2.715458089668615571e+02,8.157504873294345771e+01
2.148583333333333201e+02,1.192111111111110944e+02,2.714800000000000182e+02,8.141714285714286348e+01
2.147817460317460245e+02,1.186230158730158735e+02,2.714219653179191027e+02,8.137572254335259458e+01
2.149435483870967687e+02,1.188790322580645125e+02,2.714153005464480657e+02,8.101821493624771620e+01
2.148106666666666626e+02,1.177453333333333347e+02,2.713547237076648457e+02,8.044028520499108481e+01
2.146376210235131339e+02,1.162766251728907179e+02,2.709224806201549995e+02,7.961434108527132025e+01
2.144256198347107443e+02,1.163223140495867796e+02,2.707751479289941017e+02,7.952465483234713872e+01
2.143418803418803407e+02,1.154074074074074048e+02,2.707933723196881033e+02,7.939181286549707295e+01
2.144330601092896131e+02,1.150464480874316848e+02,2.707481060606060623e+02,7.881628787878787534e+01
2.144080221300138192e+02,1.150539419087136963e+02,2.705604395604395336e+02,7.837912087912087600e+01
2.140599415204678166e+02,1.133611111111111001e+02,2.703908730158730123e+02,7.777976190476189799e+01
2.141845493562231866e+02,1.132818311874105746e+02,2.702620423892099666e+02,7.751059730250480584e+01
2.141701828410689075e+02,1.126779184247538552e+02,2.700018018018017756e+02,7.719099099099098282e+01
2.141036414565826362e+02,1.119593837535013989e+02,2.698265895953757081e+02,7.663776493256261801e+01
2.140486111111111143e+02,1.110847222222222115e+02,2.698265895953757081e+02,7.663776493256261801e+01
2.137909356725145926e+02,1.094049707602339083e+02,2.691877394636015310e+02,7.547701149425287781e+01
2.137438016528925573e+02,1.092162534435261705e+02,2.692298850574712787e+02,7.551532567049808620e+01
2.137638326585694983e+02,1.088623481781376512e+02,2.687947269303201097e+02,7.511299435028249150e+01
2.135584415584415581e+02,1.077142857142857082e+02,2.687603603603603233e+02,7.496936936936936036e+01
2.135754985754985569e+02,1.071980056980056872e+02,2.684831460674157029e+02,7.458239700374531367e+01
2.133138138138137947e+02,1.063303303303303267e+02,2.682643678160919762e+02,7.367241379310344485e+01
2.133927536231883835e+02,1.062173913043478279e+02,2.682851637764932207e+02,7.375915221579960246e+01
2.131811594202898448e+02,1.052521739130434781e+02,2.678526703499078963e+02,7.348802946593001195e+01
2.131863173216884775e+02,1.049199417758369606e+02,2.669706959706959424e+02,7.304945054945055460e+01
2.130992907801418141e+02,1.046340425531914917e+02,2.661035781544255769e+02,7.233145009416195137e+01
2.130482269503545751e+02,1.033432624113475100e+02,2.655375722543352595e+02,7.170134874759150989e+01
2.128761061946902657e+02,1.027758112094395244e+02,2.650949720670391230e+02,7.098137802607075741e+01
2.127456140350877263e+02,1.022017543859649180e+02,2.650036231884058111e+02,7.077898550724637516e+01
2.125991735537189982e+02,1.014545454545454533e+02,2.644731800766283527e+02,7.004597701149425859e+01
2.126209677419354875e+02,1.008387096774193594e+02,2.644655172413793025e+02,7.008812260536397787e+01
2.122845849802371561e+02,9.952832674571804716e+01,2.639939393939393995e+02,6.919595959595959300e+01
2.120282485875706016e+02,9.845480225988700340e+01,2.637624309392265332e+02,6.874401473296499887e+01
2.121137884872824486e+02,9.901472556894242416e+01,2.637734806629834452e+02,6.872007366482503699e+01
2.118843537414965965e+02,9.803129251700678992e+01,2.631841620626150871e+02,6.767219152854511321e+01
2.117603305785123950e+02,9.680716253443524977e+01,2.629585585585585363e+02,6.741801801801801730e+01
2.113419913419913314e+02,9.537806637806637866e+01,2.622172284644194633e+02,6.638764044943820863e+01
2.112825788751714526e+02,9.525377229080932295e+01,2.621340782122904898e+02,6.600931098696462129e+01
2.110546448087431486e+02,9.440710382513660193e+01,2.621340782122904898e+02,6.600931098696462129e+01
2.110328083989501238e+02,9.403412073490812872e+01,2.620693641618497054e+02,6.519267822736030382e+01
2.108794037940379269e+02,9.360298102981029444e+01,2.620462962962962479e+02,6.501111111111110574e+01
2.104466936572199529e+02,9.239271255060728549e+01,2.616763005780346703e+02,6.420616570327553063e+01
2.101924686192468528e+02,9.167085076708507074e+01,2.614327485380117082e+02,6.408576998050682505e+01
2.095203938115330402e+02,9.064135021097045808e+01,2.612068273092369282e+02,6.342971887550199739e+01
2.092226666666666688e+02,9.023466666666665503e+01,2.610279329608938497e+02,6.289013035381749717e+01
2.088183006535947754e+02,8.976993464052287663e+01,2.609336917562723670e+02,6.261290322580644840e+01
2.079442282749675712e+02,8.855901426718546077e+01,2.605054945054944824e+02,6.184432234432234310e+01
2.076368352788586265e+02,8.816342412451362520e+01,2.604238921001926315e+02,6.132947976878612906e+01
2.069849108367626798e+02,8.745816186556926652e+01,2.597733333333333121e+02,6.053904761904761500e+01
2.068706467661691306e+02,8.719402985074627566e+01,2.597311827956989418e+02,6.051971326164873943e+01
2.064615384615384528e+02,8.692692307692307452e+01,2.595819521178636933e+02,6.031675874769796764e+01
2.058569500674763617e+02,8.600269905533062342e+01,2.592768031189083331e+02,5.920077972709550806e+01
2.047418032786885362e+02,8.527322404371584241e+01,2.589318600368324041e+02,5.887476979742172745e+01
2.047939142461963797e+02,8.519363762102349824e+01,2.589042357274401525e+02,5.875874769797420782e+01
2.041106612685559867e+02,8.462618083670714952e+01,2.587169459962755695e+02,5.845437616387336277e+01
2.038480204342273225e+02,8.437037037037036669e+01,2.586503623188405641e+02,5.840760869565217206e+01
2.031203703703703525e+02,8.361375661375660684e+01,2.579888268156424829e+02,5.724767225325884112e+01
2.026770428015564107e+02,8.324513618677042359e+01,2.576778398510242027e+02,5.670763500931098378e+01
2.023005050505050235e+02,8.296085858585857409e+01,2.576494252873563369e+02,5.663026819923371136e+01
2.020978835978835946e+02,8.282275132275131568e+01,2.574651600753295497e+02,5.644256120527306564e+01
2.012727272727272805e+02,8.223715415019762531e+01,2.573187613843351187e+02,5.628597449908924943e+01
2.009508196721311606e+02,8.189890710382513817e+01,2.567821969696969404e+02,5.546022727272727337e+01
2.006929133858267846e+02,8.173490813648292885e+01,2.568870056497175369e+02,5.562523540489641505e+01
2.004436090225563873e+02,8.137218045112781795e+01,2.569232209737827475e+02,5.567415730337078372e+01
1.995907335907335778e+02,8.099613899613899548e+01,2.569232209737827475e+02,5.567415730337078372e+01
1.989744623655913927e+02,8.066263440860214473e+01,2.569232209737827475e+02,5.567415730337078372e+01
1.985786666666666633e+02,8.052533333333332166e+01,2.559229390681003338e+02,5.514516129032258362e+01
1.976854838709677438e+02,8.025537634408601662e+01,2.561099290780141473e+02,5.543085106382978466e+01
1.972766798418972201e+02,8.001054018445321958e+01,2.562192513368984237e+02,5.554367201426024536e+01
1.965207496653279691e+02,7.985408299866129767e+01,2.561621621621621898e+02,5.550630630630629980e+01
1.963919413919414012e+02,7.994383394383393693e+01,2.559337016574585562e+02,5.528545119705340483e+01
1.941562500000000000e+02,7.969791666666665719e+01,2.553752380952380747e+02,5.477523809523809462e+01
1.941157601115760087e+02,7.950906555090654138e+01,2.552179487179487012e+02,5.467582417582417520e+01
1.932537722908093087e+02,7.947325102880658676e+01,2.552179487179487012e+02,5.467582417582417520e+01
1.925739972337482584e+02,7.947856154910095938e+01,2.550476190476190368e+02,5.460141093474426555e+01
1.922280000000000086e+02,7.933866666666665424e+01,2.550519713261648747e+02,5.467204301075268802e+01
1.913248945147679194e+02,7.942616033755274429e+01,2.547765363128491742e+02,5.423836126629422694e+01
1.917257217847768800e+02,7.925328083989501238e+01,2.548192090395480136e+02,5.423540489642184070e+01
1.913633986928104491e+02,7.921045751633985788e+01,2.547371428571428567e+02,5.412952380952380338e+01
1.901093333333333248e+02,7.927200000000000557e+01,2.546421845574387817e+02,5.405461393596986142e+01
1.896888888888888687e+02,7.933725490196079022e+01,2.546421845574387817e+02,5.405461393596986142e+01
1.892842377260981834e+02,7.929069767441860961e+01,2.544267399267399128e+02,5.390659340659340870e+01
1.889848484848484702e+02,7.922727272727273373e+01,2.544486486486486569e+02,5.386306306306305913e+01
1.885677083333333144e+02,7.936458333333332860e+01,2.544486486486486569e+02,5.386306306306305913e+01
1.876418732782368863e+02,7.939531680440769890e+01,2.542627450980392041e+02,5.350000000000000000e+01
1.869430555555555316e+02,7.946527777777777146e+01,2.542627450980392041e+02,5.350000000000000000e+01
1.867365591397849300e+02,7.943548387096774377e+01,2.543726591760299414e+02,5.358052434456928381e+01
1.860906555090655274e+02,7.953138075313808031e+01,2.542914285714285825e+02,5.353523809523809263e+01
1.860576652601968988e+02,7.948945147679324918e+01,2.542881355932203462e+02,5.358003766478342556e+01
1.852203856749311228e+02,7.976859504132231393e+01,2.542881355932203462e+02,5.358003766478342556e+01
1.852745098039215463e+02,7.970588235294117396e+01,2.539764492753623131e+02,5.327173913043478137e+01
1.842471751412429057e+02,7.983898305084746028e+01,2.534723809523809450e+02,5.331428571428571672e+01
1.838185654008438803e+02,8.014627285513360277e+01,2.533608058608058400e+02,5.317765567765567170e+01
1.838118948824343022e+02,8.009958506224066355e+01,2.533608058608058400e+02,5.317765567765567170e+01
1.832644628099173474e+02,8.063774104683194821e+01,2.535847299813780182e+02,5.329608938547485764e+01
1.826772908366533841e+02,8.110358565737051606e+01,2.531556776556776356e+02,5.319413919413918990e+01
1.820645586297760019e+02,8.184321475625823439e+01,2.526888888888888687e+02,5.288282828282827808e+01
1.818863920099875031e+02,8.180274656679151235e+01,2.527421731123388327e+02,5.315285451197053135e+01
1.814346153846153982e+02,8.233846153846154436e+01,2.527592592592592382e+02,5.302407407407406481e+01
1.810202788339670406e+02,8.313434727503168631e+01,2.525833333333333144e+02,5.285416666666665719e+01
1.808255813953488484e+02,8.291472868217054781e+01,2.519466666666666583e+02,5.286285714285714477e+01
1.803959131545338153e+02,8.349680715197955294e+01,2.513643410852712918e+02,5.290697674418604635e+01
1.795013440860214757e+02,8.498655913978493004e+01,2.511053639846743124e+02,5.364942528735632266e+01
1.792071713147410321e+02,8.517529880478087989e+01,2.511229050279329726e+02,5.422160148975790861e+01
1.791718346253229868e+02,8.520413436692506082e+01,2.503801801801801616e+02,5.455855855855855197e+01
1.789477124183006538e+02,8.557908496732025583e+01,2.494519774011299376e+02,5.491525423728813848e+01
1.786749654218533863e+02,8.569986168741354504e+01,2.491860465116278931e+02,5.553488372093023173e+01
1.782076719576719483e+02,8.647883597883597417e+01,2.482403100775193536e+02,5.591085271317829353e+01
1.778622047244094517e+02,8.724934383202099752e+01,2.482558139534883708e+02,5.644379844961239456e+01
1.777295081967212980e+02,8.739071038251366019e+01,2.474674329501915508e+02,5.656704980842911823e+01
1.770270655270655027e+02,8.883048433048432457e+01,2.466647940074905989e+02,5.711048689138576151e+01
1.768529014844804124e+02,8.885425101214575250e+01,2.457189922480619941e+02,5.744379844961239456e+01
1.766251728907330403e+02,8.926417704011063847e+01,2.452689393939393767e+02,5.758901515151514872e+01
1.763292682926829400e+02,8.958672086720866901e+01,2.446440677966101589e+02,5.778154425612051881e+01
1.761415343915343783e+02,9.010846560846560749e+01,2.445645472061656847e+02,5.820809248554913040e+01
1.760679738562091359e+02,9.033202614379084139e+01,2.435257142857142867e+02,5.831619047619047080e+01
1.753627450980391984e+02,9.158263305322127223e+01,2.428373015873015675e+02,5.846626984126983473e+01
1.750854341736694550e+02,9.201960784313725128e+01,2.425629629629629278e+02,5.859814814814814810e+01
1.748617886178861909e+02,9.245257452574524848e+01,2.419372759856630637e+02,5.879749103942651800e+01
1.746544715447154488e+02,9.319241192411924146e+01,2.416939890710382599e+02,5.907103825136611874e+01
1.745753968253968367e+02,9.333730158730158166e+01,2.409385474860335137e+02,5.922346368715083997e+01
1.738138528138528045e+02,9.477200577200576959e+01,2.403672316384180760e+02,5.926741996233521093e+01
1.734002732240437012e+02,9.550273224043715459e+01,2.400571428571428498e+02,5.942857142857143060e+01
1.732796143250688488e+02,9.588292011019282768e+01,2.398512544802867126e+02,5.953046594982078688e+01
1.731533333333333076e+02,9.599733333333333007e+01,2.385254237288135641e+02,5.977589453860639424e+01
1.725232067510548575e+02,9.745710267229253532e+01,2.381257142857142810e+02,5.980190476190475835e+01
1.724081364829396250e+02,9.758136482939632117e+01,2.371337099811675841e+02,5.986629001883238743e+01
1.721260504201680703e+02,9.795938375350139893e+01,2.371174242424242209e+02,6.000568181818182012e+01
1.719173333333333176e+02,9.839066666666666094e+01,2.364307992202728883e+02,6.032163742690058683e+01
1.716626984126984041e+02,9.916005291005291156e+01,2.362394636015325489e+02,6.033716475095785370e+01
1.713253968253968367e+02,9.959391534391532730e+01,2.348732943469785255e+02,6.050487329434697159e+01
1.708796680497925422e+02,1.006307053941908691e+02,2.343728813559322077e+02,6.052542372881355703e+01
1.707235772357723533e+02,1.008956639566395665e+02,2.339181286549707579e+02,6.051656920077972046e+01
1.701587982832618025e+02,1.019484978540772602e+02,2.334674329501915508e+02,6.053256704980842784e+01
1.701325136612021538e+02,1.018797814207650134e+02,2.324335260115607014e+02,6.056262042389209199e+01
1.700174731182795540e+02,1.023373655913978411e+02,2.322061657032755022e+02,6.058574181117533186e+01
1.697101449275362199e+02,1.028458498023715464e+02,2.312792792792792795e+02,6.069729729729729684e+01
1.694947089947089864e+02,1.033121693121693028e+02,2.310313725490195793e+02,6.070000000000000284e+01
1.691338797814207453e+02,1.038756830601092815e+02,2.303137254901960489e+02,6.082745098039215037e+01
1.688782849239280779e+02,1.047676348547717851e+02,2.303412228796844090e+02,6.077712031558184691e+01
1.688428184281842732e+02,1.045542005420054181e+02,2.297121212121211897e+02,6.096590909090909349e+01
1.680722222222221944e+02,1.058222222222222229e+02,2.289423868312757122e+02,6.108436213991769392e+01
1.678955823293172784e+02,1.062677376171351966e+02,2.286647398843930716e+02,6.111560693641618514e+01
1.678379084967320125e+02,1.064771241830065236e+02,2.286168582375478593e+02,6.115325670498084065e+01
1.677472677595628170e+02,1.066120218579234944e+02,2.281830443159922766e+02,6.128901734104046284e+01
1.673056708160442554e+02,1.077510373443983411e+02,2.282121212121211897e+02,6.136174242424242209e+01
1.669508632138114024e+02,1.081381142098273500e+02,2.274303030303030368e+02,6.147070707070706419e+01
1.668023715415019694e+02,1.084150197628458443e+02,2.275606936416184851e+02,6.152601156069363952e+01
1.663772290809327785e+02,1.095596707818930042e+02,2.275606936416184851e+02,6.152601156069363952e+01
1.664702842377260765e+02,1.096459948320413389e+02,2.276491228070175339e+02,6.149122807017543835e+01
1.668002594033722232e+02,1.095771725032425365e+02,2.276184971098265919e+02,6.152601156069363952e+01
1.673413978494623677e+02,1.102432795698924650e+02,2.275449101796407092e+02,6.147105788423153427e+01
1.679169960474308425e+02,1.102582345191040787e+02,2.274692737430167710e+02,6.167411545623836133e+01
1.683083003952569072e+02,1.102832674571804858e+02,2.274748062015503649e+02,6.162403100775193110e+01
1.687408906882590998e+02,1.105398110661268447e+02,2.274242424242424079e+02,6.164962121212120394e+01
1.694965706447187870e+02,1.109753086419753032e+02,2.275153256704980720e+02,6.164559386973179045e+01
1.701169354838709751e+02,1.111948924731182728e+02,2.276140350877192873e+02,6.182066276803118399e+01
1.710893333333333146e+02,1.116906666666666581e+02,2.279035087719298076e+02,6.206491228070174770e+01
1.715215053763440665e+02,1.116438172043010724e+02,2.278324324324324266e+02,6.200000000000000000e+01
1.726055776892430345e+02,1.119349269588313263e+02,2.278324324324324266e+02,6.200000000000000000e+01
1.731727891156462249e+02,1.119673469387755063e+02,2.278156028368794068e+02,6.202836879432623363e+01
1.735657370517928371e+02,1.120690571049136679e+02,2.272490196078431097e+02,6.239803921568626777e+01
1.743411764705882376e+02,1.121960784313725554e+02,2.274742857142857133e+02,6.250666666666666060e+01
1.753603238866396623e+02,1.123292847503373793e+02,2.274742857142857133e+02,6.250666666666666060e+01
1.764069444444444343e+02,1.126319444444444287e+02,2.272982456140350962e+02,6.255360623781675855e+01
1.770979591836734812e+02,1.125578231292516875e+02,2.276085271317829211e+02,6.245930232558139750e+01
1.782222222222222001e+02,1.126991869918699223e+02,2.272280701754386030e+02,6.263352826510720206e+01
1.796167400881057290e+02,1.128325991189427242e+02,2.276114285714285757e+02,6.265142857142857480e+01
1.802564102564102484e+02,1.128731443994601733e+02,2.274674556213017809e+02,6.275147928994082491e+01
1.810000000000000000e+02,1.129000000000000057e+02,2.274027777777777715e+02,6.275992063492063266e+01
1.814669365721996996e+02,1.128893387314439849e+02,2.274027777777777715e+02,6.275992063492063266e+01
1.826399999999999864e+02,1.127826666666666569e+02,2.272455089820359149e+02,6.290818363273452718e+01
1.834581618655692523e+02,1.127887517146776304e+02,2.272539682539682531e+02,6.295436507936507553e+01
1.842755905511810965e+02,1.127598425196850371e+02,2.273253968253968083e+02,6.294246031746030923e+01
1.856398929049531148e+02,1.125314591700133775e+02,2.271734104046242635e+02,6.304624277456647263e+01
1.870919067215363327e+02,1.122496570644718759e+02,2.272397660818713518e+02,6.304678362573099548e+01
1.879867724867724803e+02,1.121957671957671892e+02,2.273078431372548778e+02,6.308039215686274304e+01
1.891040843214755967e+02,1.121146245059288589e+02,2.272215568862275461e+02,6.322155688622754610e+01
1.900802213001383052e+02,1.118409405255878255e+02,2.273136094674556205e+02,6.322485207100591964e+01
1.911606905710491162e+02,1.118286852589641427e+02,2.273136094674556205e+02,6.322485207100591964e+01
1.920262467191600990e+02,1.114829396325459214e+02,2.269715447154471235e+02,6.332723577235771728e+01
1.940909090909090935e+02,1.110895915678524233e+02,2.267914110429447874e+02,6.334969325153374342e+01
1.953128415300546123e+02,1.108920765027322375e+02,2.270778443113772482e+02,6.337524950099800236e+01
1.959550264550264558e+02,1.107116402116402014e+02,2.270532544378698105e+02,6.341222879684417535e+01
1.973019125683059940e+02,1.103360655737704974e+02,2.270532544378698105e+02,6.341222879684417535e+01
1.982128851540616097e+02,1.101442577030812231e+02,2.270532544378698105e+02,6.341222879684417535e+01
1.994622770919067136e+02,1.098916323731138505e+02,2.265300207039337295e+02,6.341614906832298004e+01
2.010143061516452008e+02,1.095922746781115933e+02,2.266625766871165695e+02,6.339877300613496658e+01
2.017146892655367196e+02,1.095522598870056470e+02,2.264549019607842979e+02,6.339019607843136583e+01
2.033966244725738477e+02,1.091378340365682078e+02,2.264549019607842979e+02,6.339019607843136583e+01
2.043360433604335924e+02,1.088875338753387467e+02,2.263253968253968083e+02,6.340674603174602453e+01
2.052970711297071205e+02,1.087419804741980442e+02,2.258251028806584202e+02,6.336008230452674184e+01
2.064663978494623677e+02,1.085080645161290391e+02,2.260000000000000000e+02,6.333333333333332860e+01
2.076403872752420341e+02,1.082019363762102273e+02,2.260000000000000000e+02,6.333333333333332860e+01
2.082118758434547772e+02,1.080890688259109282e+02,2.260000000000000000e+02,6.333333333333332860e+01
2.094350736278447016e+02,1.078580990629183276e+02,2.255697674418604777e+02,6.294767441860464885e+01
2.107750000000000057e+02,1.075972222222222143e+02,2.253394308943089186e+02,6.291463414634146289e+01
2.115435073627844531e+02,1.073788487282463109e+02,2.255051759834368283e+02,6.289855072463767982e+01
2.126814516129032313e+02,1.071008064516128968e+02,nan,nan
2.135924369747899050e+02,1.068081232492997117e+02,2.251003787878787818e+02,6.272159090909090651e+01
2.151075268817204176e+02,1.064879032258064484e+02,2.249364161849711081e+02,6.271868978805394335e+01
2.162168674698795314e+02,1.063293172690762987e+02,2.244385964912280826e+02,6.254385964912280826e+01
2.179931412894375740e+02,1.059094650205761354e+02,2.243185185185184878e+02,6.263148148148147953e+01
2.185465587044534459e+02,1.057354925775978245e+02,2.243185185185184878e+02,6.263148148148147953e+01
2.191851851851851904e+02,1.057352537722908039e+02,2.238869731800766090e+02,6.260536398467431951e+01
2.203347338935573987e+02,1.054495798319327662e+02,2.234972067039106207e+02,6.254748603351955438e+01
2.210918079096045119e+02,1.052542372881355988e+02,2.233559670781892805e+02,6.237448559670781378e+01
2.224637681159420026e+02,1.049486166007905155e+02,2.230179640718562837e+02,6.240718562874251774e+01
2.232378976486860154e+02,1.046929460580912803e+02,2.225515151515151615e+02,6.236363636363636687e+01
2.240329380764163147e+02,1.044624505928853750e+02,2.226196319018404779e+02,6.232719836400817570e+01
2.251692506459948220e+02,1.044108527131783006e+02,2.218968253968253919e+02,6.237103174603173983e+01
2.266944444444444287e+02,1.040402777777777743e+02,nan,nan
2.273252688172042895e+02,1.039489247311827853e+02,2.210173410404624406e+02,6.213487475915221125e+01
2.282095238095238017e+02,1.036884353741496483e+02,2.212298136645962643e+02,6.219668737060040797e+01
2.292703412073490767e+02,1.034448818897637778e+02,2.206764132553606146e+02,6.215009746588693673e+01
2.305905947441216881e+02,1.031341632088520015e+02,2.198922155688622695e+02,6.173852295409180613e+01
2.312773224043715743e+02,1.030737704918032733e+02,2.200670611439842048e+02,6.155226824457592727e+01
2.320196078431372371e+02,1.028711484593837469e+02,2.190946745562130218e+02,6.164102564102563520e+01
2.331542483660130642e+02,1.026235294117647072e+02,2.192011834319526713e+02,6.162919132149900747e+01
2.336409214092140871e+02,1.025243902439024453e+02,2.191176470588235361e+02,6.160980392156862706e+01
2.349130434782608745e+02,1.020434782608695627e+02,2.188315018315018108e+02,6.158608058608058400e+01
2.353152454780361609e+02,1.019147286821705478e+02,2.182796934865900198e+02,6.152681992337164729e+01
2.370533854166666572e+02,1.012057291666666572e+02,2.178592592592592325e+02,6.148518518518518050e+01
2.377490196078431381e+02,1.008980392156862678e+02,2.177877094972066914e+02,6.148603351955307517e+01
2.382735368956742832e+02,1.006526717557251942e+02,2.178832391713747256e+02,6.148022598870056754e+01
2.392278645833333144e+02,1.001822916666666572e+02,2.175643939393939092e+02,6.149810606060605522e+01
2.403109354413702192e+02,9.952042160737812537e+01,2.169166666666666572e+02,6.146317829457363757e+01
2.406462324393358756e+02,9.966538952745848690e+01,2.170060606060606005e+02,6.144242424242424505e+01
2.415720164609053597e+02,9.903703703703703809e+01,2.168426966292134921e+02,6.146254681647939577e+01
2.421957868649318470e+02,9.886864931846344007e+01,2.169827586206896513e+02,6.143295019157087467e+01
2.427239999999999895e+02,9.862000000000000455e+01,2.168426966292134921e+02,6.146254681647939577e+01
2.438565573770491710e+02,9.769262295081966840e+01,2.160231213872832257e+02,6.153757225433525946e+01
2.443877551020408134e+02,9.738775510204081343e+01,2.160467836257309955e+02,6.150292397660818722e+01
2.443746770025839794e+02,9.770025839793281364e+01,2.160924855491329595e+02,6.152601156069363952e+01
2.452390180878552997e+02,9.705813953488372192e+01,2.160924855491329595e+02,6.152601156069363952e+01
2.456459143968871501e+02,9.686121919584954298e+01,2.159707602339181278e+02,6.153801169590643383e+01
2.465240000000000009e+02,9.596399999999999864e+01,2.153942857142857008e+02,6.198285714285714221e+01
2.467133333333333098e+02,9.586799999999999500e+01,2.151805555555555145e+02,6.208730158730158166e+01
2.475300546448087289e+02,9.529098360655737565e+01,2.151805555555555145e+02,6.208730158730158166e+01
2.477808041504539460e+02,9.515434500648507310e+01,2.149774011299435017e+02,6.197740112994350170e+01
2.483891001267427043e+02,9.468948035487959203e+01,2.146571969696969688e+02,6.210984848484847731e+01
2.489316596931659546e+02,9.385355648535565365e+01,nan,nan
2.493346994535519059e+02,9.350273224043715459e+01,2.139176706827308863e+02,6.247991967871485741e+01
2.494000000000000057e+02,9.372133333333333383e+01,2.138434959349593214e+02,6.246747967479674202e+01
2.497441860465116292e+02,9.224160206718346444e+01,2.133313492063491879e+02,6.256150793650792963e+01
2.500120481927710898e+02,9.166265060240964146e+01,nan,nan
2.502144927536231762e+02,9.077391304347825951e+01,2.130862745098038999e+02,6.283137254901959778e+01
2.503278463648833849e+02,8.998353909465021161e+01,2.124682539682539471e+02,6.307142857142856940e+01
2.503623188405796895e+02,8.997364953886692263e+01,2.124224806201550280e+02,6.315116279069767558e+01
2.505454545454545325e+02,8.942555994729906388e+01,2.124862745098039056e+02,6.310000000000000142e+01
2.506115591397849300e+02,8.923387096774193594e+01,2.114377510040160359e+02,6.339959839357428706e+01
2.506149870801033614e+02,8.835658914728682589e+01,2.113431372549019329e+02,6.365490196078430785e+01
2.505486381322957072e+02,8.751232166018156988e+01,2.107456647398844041e+02,6.430443159922928942e+01
2.505537848605577551e+02,8.703452855245683395e+01,2.104806201550387357e+02,6.458720930232557578e+01
2.504899598393574252e+02,8.668273092369477695e+01,2.100814814814814611e+02,6.479444444444445139e+01
2.504315352697095420e+02,8.584094052558782550e+01,2.093841807909604427e+02,6.534086629001882329e+01
2.503746666666666556e+02,8.502133333333333098e+01,2.085828343313372955e+02,6.590618762475048698e+01
2.503501945525291887e+02,8.492866407263294093e+01,2.086177024482109061e+02,6.619962335216571603e+01
2.502408854166666572e+02,8.401302083333332860e+01,2.084705882352941160e+02,6.637058823529412166e+01
2.501348897535667959e+02,8.365758754863813351e+01,2.076947368421052715e+02,6.705263157894736992e+01
2.501234096692111848e+02,8.331806615776081060e+01,2.077336860670193914e+02,6.704056437389770906e+01
2.499173333333333176e+02,8.184933333333333394e+01,2.069454545454545382e+02,6.752323232323232105e+01
2.499259259259258954e+02,8.152116402116401161e+01,2.063761638733705581e+02,6.790689013035381549e+01
2.498708827404479393e+02,8.126482213438735869e+01,2.064545454545454675e+02,6.817803030303029743e+01
2.497644628099173474e+02,8.102617079889806462e+01,2.065848303393213428e+02,6.813373253493013237e+01
2.497090163934426243e+02,8.079918032786885362e+01,2.059276190476190322e+02,6.862095238095237448e+01
2.494201787994891220e+02,7.985696040868454304e+01,2.051761658031088018e+02,6.941450777202072686e+01
2.494828897338402953e+02,7.956147021546260589e+01,2.050891265597147708e+02,6.937254901960784537e+01
2.495059288537549378e+02,7.959156785243740728e+01,2.045614973262032095e+02,6.973796791443849941e+01
2.489795081967212980e+02,7.827595628415299700e+01,2.043149171270718227e+02,6.996685082872927808e+01
2.489303882195448239e+02,7.857161981258366268e+01,2.042615384615384642e+02,7.023589743589744216e+01
2.487956104252400280e+02,7.832373113854593782e+01,2.035191256830601105e+02,7.078324225865209485e+01
2.485920000000000130e+02,7.772266666666665458e+01,2.036723484848484702e+02,7.073674242424242209e+01
2.484108241082410586e+02,7.760024600246001114e+01,2.036723484848484702e+02,7.073674242424242209e+01
2.478544776119402968e+02,7.698880597014925797e+01,2.030037664783427260e+02,7.132580037664783390e+01
2.472120098039215463e+02,7.619607843137254122e+01,2.029119850187265683e+02,7.145131086142320953e+01
2.467095046854082909e+02,7.569076305220883683e+01,2.026686390532544237e+02,7.175147928994083202e+01
2.468017348203221388e+02,7.571995043370506551e+01,2.024959839357429416e+02,7.194979919678713998e+01
2.463566176470588118e+02,7.525735294117646390e+01,2.022613168724279831e+02,7.207201646090534553e+01
2.461115241635687596e+02,7.496034696406442777e+01,2.022740286298568435e+02,7.207975460122699474e+01
2.453916990920881744e+02,7.437743190661478820e+01,nan,nan
2.443565573770491710e+02,7.358879781420763777e+01,2.016351851851851507e+02,7.249814814814814667e+01
2.441023622047244146e+02,7.332283464566928899e+01,2.014232209737827475e+02,7.274531835205992536e+01
2.435275590551181040e+02,7.276771653543306684e+01,2.010677966101694949e+02,7.294538606403013148e+01
2.427808041504539460e+02,7.228534370946822207e+01,2.010677966101694949e+02,7.294538606403013148e+01
2.421413748378728599e+02,7.176005188067443896e+01,2.004166666666666572e+02,7.340116279069766847e+01
2.414210526315789593e+02,7.112406015037593932e+01,2.001973929236498861e+02,7.348789571694598521e+01
2.407598425196850371e+02,7.074803149606299257e+01,1.996187739463601361e+02,7.408045977011494188e+01
2.407900763358778704e+02,7.075954198473282020e+01,1.996271186440677923e+02,7.404708097928435961e+01
2.399731182795698601e+02,7.021236559139784106e+01,1.987182320441988850e+02,7.458011049723756969e+01
2.394217948717948730e+02,6.977820512820512988e+01,1.980526315789473699e+02,7.492592592592592382e+01
2.383968871595330654e+02,6.924513618677042359e+01,1.978007889546350668e+02,7.501577909270216082e+01
2.379179894179893893e+02,6.891137566137565784e+01,1.974753787878787818e+02,7.528977272727273373e+01
2.377496757457846854e+02,6.878210116731517587e+01,1.972173913043478137e+02,7.552717391304348382e+01
2.376192411924118915e+02,6.858130081300812719e+01,1.960446927374301538e+02,7.639292364990687645e+01
2.368201257861635156e+02,6.818742138364778782e+01,1.952886178861788551e+02,7.675406504065040281e+01
2.363083003952569072e+02,6.778524374176546985e+01,1.948223443223443212e+02,7.708791208791208760e+01
2.356996197718631265e+02,6.761596958174905581e+01,1.942537878787878753e+02,7.756818181818181301e+01
2.354169934640522683e+02,6.753464052287581865e+01,1.934171539961013480e+02,7.828849902534112459e+01
2.348205128205127892e+02,6.741794871794870403e+01,1.923977900552486062e+02,7.854327808471454375e+01
2.342874015748031411e+02,6.727296587926508664e+01,1.915348399246704219e+02,7.921092278719396518e+01
2.337818428184281743e+02,6.702168021680216725e+01,1.904728682170542697e+02,8.025000000000000000e+01
2.329893333333333203e+02,6.694266666666665344e+01,1.895984848484848158e+02,8.059469696969696884e+01
2.326291834002677206e+02,6.701204819277108982e+01,1.886685185185184821e+02,8.115370370370369812e+01
2.314968314321926357e+02,6.693155893536120971e+01,1.873224043715846960e+02,8.195810564663023001e+01
2.312815405046480635e+02,6.685657370517928655e+01,1.861137724550898156e+02,8.319361277445109693e+01
2.294844632768361237e+02,6.657344632768361237e+01,1.850581395348837077e+02,8.384302325581394655e+01
2.292824858757062145e+02,6.653672316384179908e+01,1.842349726775956356e+02,8.451001821493623822e+01
2.288627450980391984e+02,6.654061624649860107e+01,1.831523809523809518e+02,8.491428571428571104e+01
2.286013888888888630e+02,6.660416666666667140e+01,1.821359404096834282e+02,8.570018621973927964e+01
2.285973333333333244e+02,6.654666666666665265e+01,1.814716312056737593e+02,8.634929078014184256e+01
2.275546448087431486e+02,6.647814207650273488e+01,1.805340699815837695e+02,8.670349907918968313e+01
2.271599462365591364e+02,6.661827956989246502e+01,1.796524064171123030e+02,8.748306595365417593e+01
2.269277108433734895e+02,6.660107095046852521e+01,1.788121546961326089e+02,8.792449355432779612e+01
2.255583333333333371e+02,6.673333333333333428e+01,1.779428007889546279e+02,8.843984220907297811e+01
2.253346203346203254e+02,6.650064350064349128e+01,1.775574712643678197e+02,8.866858237547891974e+01
2.241827956989247070e+02,6.656451612903225623e+01,1.765144508670520338e+02,8.953949903660885923e+01
2.237638326585694983e+02,6.671390013495276605e+01,1.756986817325800132e+02,9.001129943502824915e+01
2.229316596931659546e+02,6.674755927475592898e+01,1.750492424242424079e+02,8.994318181818181301e+01
2.226044260027662460e+02,6.674135546334716196e+01,1.740589318600368074e+02,9.057458563535911367e+01
2.215856950067476419e+02,6.693927125506073139e+01,1.735027027027026918e+02,9.061081081081080413e+01
2.205180722891566347e+02,6.712717536813921981e+01,1.731347905282331396e+02,9.087613843351547871e+01
2.204308943089430954e+02,6.711924119241191988e+01,1.721788194444444287e+02,9.135763888888887152e+01
2.194715447154471519e+02,6.731300813008130035e+01,1.717309027777777430e+02,9.137326388888887152e+01
2.191012145748987905e+02,6.718083670715247990e+01,1.707165668662674420e+02,9.205988023952096455e+01
2.181723270440251383e+02,6.730817610062892697e+01,1.703915343915343783e+02,9.180070546737212567e+01
2.175992063492063551e+02,6.746825396825396126e+01,1.695524344569288360e+02,9.199812734082397014e+01
2.166088709677419217e+02,6.763306451612903913e+01,1.691080586080585988e+02,9.225091575091573759e+01
2.161733870967742064e+02,6.777688172043009729e+01,1.684597701149425291e+02,9.218007662835248084e+01
2.149551820728291034e+02,6.789775910364144806e+01,1.674515503875968818e+02,9.198062015503874989e+01
2.144065359477123991e+02,6.797385620915032689e+01,1.663425414364640744e+02,9.165377532228360735e+01
2.126934404283801712e+02,6.827309236947790794e+01,1.646503623188405641e+02,9.146920289855071928e+01
2.128339622641509550e+02,6.828176100628930101e+01,1.636523297491039273e+02,9.161469534050178254e+01
2.121906565656565533e+02,6.829797979797979224e+01,1.625600000000000023e+02,9.162095238095237448e+01
2.102990777338603436e+02,6.875098814229248489e+01,1.615142857142857054e+02,9.163238095238095582e+01
2.103584656084655933e+02,6.878306878306878502e+01,1.606819923371647292e+02,9.146743295019156506e+01
2.086666666666666572e+02,6.898425196850394059e+01,1.601589147286821628e+02,9.123449612403099707e+01
2.077820512820512704e+02,6.932179487179486443e+01,1.596022099447513938e+02,9.106445672191527763e+01
2.072197253433208459e+02,6.939825218476903501e+01,1.589945355191256908e+02,9.093989071038251382e+01
2.061235059760956290e+02,6.960690571049136111e+01,1.575359116022099499e+02,9.101104972375691204e+01
2.051393229166666572e+02,6.996484375000000000e+01,1.572768361581920828e+02,9.094350282485875425e+01
2.038858267716535408e+02,7.056430446194225681e+01,1.561746031746031633e+02,9.072222222222221433e+01
2.028306451612903345e+02,7.096774193548387188e+01,1.552854406130267932e+02,9.063793103448276156e+01
2.019118773946360079e+02,7.154150702426564123e+01,1.553523809523809405e+02,9.061714285714285211e+01
2.013271375464684070e+02,7.177323420074348803e+01,1.544843137254901819e+02,9.068823529411764639e+01
2.005969581749049553e+02,7.242839036755385962e+01,1.534277456647398878e+02,9.083044315992292184e+01
1.994193121693121498e+02,7.313756613756612524e+01,1.530461847389558159e+02,9.073493975903613773e+01
1.993454106280192946e+02,7.306642512077294782e+01,1.522397660818713518e+02,9.069590643274854358e+01
1.985202020202019924e+02,7.375883838383838054e+01,1.515491329479768865e+02,9.077649325626202881e+01
1.980223048327137576e+02,7.405080545229243683e+01,1.513161904761904566e+02,9.087238095238095070e+01
1.970747782002534620e+02,7.472877059569073310e+01,1.508100558659217825e+02,9.098696461824953019e+01
1.959120000000000061e+02,7.556399999999999295e+01,1.495842911877394386e+02,9.118007662835248084e+01
1.955353925353925320e+02,7.607078507078506391e+01,1.494007490636704176e+02,9.113483146067416385e+01
1.950589743589743534e+02,7.630128205128204399e+01,1.494569288389513133e+02,9.117977528089888040e+01
1.943188405797101268e+02,7.696310935441368883e+01,1.481955307262569761e+02,9.122718808193668849e+01
1.939047619047618980e+02,7.739510939510938670e+01,1.480572390572390589e+02,9.129124579124578531e+01
1.933394383394383169e+02,7.776068376068374732e+01,1.470514184397162865e+02,9.142198581560282378e+01
1.927384615384615358e+02,7.843717948717947763e+01,1.465677655677655480e+02,9.145238095238094900e+01
1.925439276485788014e+02,7.853617571059430702e+01,1.460518518518518363e+02,9.142962962962961626e+01
1.916920152091254863e+02,7.921799746514574281e+01,1.455228070175438404e+02,9.167192982456138850e+01
1.907979407979407824e+02,8.004504504504502904e+01,1.451219047619047444e+02,9.179999999999999716e+01
1.903445273631840564e+02,8.050497512437810599e+01,1.442662942271880695e+02,9.211918063314710992e+01
1.896294871794871710e+02,8.127307692307692832e+01,1.439003831417624326e+02,9.226053639846742271e+01
1.887427122940430877e+02,8.223700887198985754e+01,1.431226053639846612e+02,9.245977011494252906e+01
1.877617237008871882e+02,8.331305449936628804e+01,1.425507246376811565e+02,9.259239130434782794e+01
1.872942612942612755e+02,8.381440781440781507e+01,1.421790476190476227e+02,9.267809523809523853e+01
1.859386973180076552e+02,8.506385696040867117e+01,1.414742857142857133e+02,9.271428571428570820e+01
1.853057742782152104e+02,8.587007874015748143e+01,1.405418994413407745e+02,9.319925512104281040e+01
1.846024096385542066e+02,8.666800535475233858e+01,1.403127340823969860e+02,9.322471910112359694e+01
1.840000000000000000e+02,8.725968992248061795e+01,1.393204419889502788e+02,9.325782688766112472e+01
1.833471177944861950e+02,8.808020050125313105e+01,1.385648148148148096e+02,9.355740740740739625e+01
1.822081736909322842e+02,8.907024265644955108e+01,1.369649122807017534e+02,9.424366471734892059e+01
1.814448767833981719e+02,9.026588845654993065e+01,1.360019960079840189e+02,9.452095808383234044e+01
1.808939974457215669e+02,9.080587484035758905e+01,1.342734082397003590e+02,9.495131086142320953e+01
1.801553030303030312e+02,9.164267676767676107e+01,1.327591623036649082e+02,9.579232111692843432e+01
1.790492866407263080e+02,9.289623865110246470e+01,1.306574074074073906e+02,9.703518518518518476e+01
1.781246719160104988e+02,9.395800524934382736e+01,1.287880539499036558e+02,9.797495183044314615e+01
1.777738095238095184e+02,9.440476190476189799e+01,1.275177664974619347e+02,9.877834179357022037e+01
1.773769230769230774e+02,9.474102564102562951e+01,1.259531531531531527e+02,9.940360360360358527e+01
1.762750316856780444e+02,9.598479087452471958e+01,1.246684782608695627e+02,1.002192028985507193e+02
1.757200520833333144e+02,9.652604166666665719e+01,1.235200698080279125e+02,1.007556719022687588e+02
1.752276729559748105e+02,9.698616352201257484e+01,1.219376114081996434e+02,1.012852049910873404e+02
1.745350877192982182e+02,9.776942355889723046e+01,1.208568840579710013e+02,1.016793478260869534e+02
1.731942257217847612e+02,9.914435695538057303e+01,1.195846994535519059e+02,1.020127504553733928e+02
1.723000000000000114e+02,9.995897435897435912e+01,1.182430939226519371e+02,1.027421731123388469e+02
1.717025641025640823e+02,1.005448717948717814e+02,1.174397163120567313e+02,1.031329787234042499e+02
1.708268229166666572e+02,1.013268229166666572e+02,1.158831417624520981e+02,1.037298850574712645e+02
1.699063670411985072e+02,1.021086142322097317e+02,1.151048689138576577e+02,1.038932584269662982e+02
1.691979949874686611e+02,1.026804511278195520e+02,1.143648148148148067e+02,1.041777777777777771e+02
1.683997445721583404e+02,1.034086845466155751e+02,1.132644320297951452e+02,1.046741154562383542e+02
1.670930232558139608e+02,1.044276485788113717e+02,1.122163120567375785e+02,1.050851063829787222e+02
1.663346104725414989e+02,1.049297573435504347e+02,1.110564971751412457e+02,1.055913370998116676e+02
1.644321475625823155e+02,1.063451910408432042e+02,1.105776515151515014e+02,1.057007575757575637e+02
1.633494623655913927e+02,1.067620967741935516e+02,1.098648148148148067e+02,1.058296296296296219e+02
1.624343832020997240e+02,1.074133858267716590e+02,1.091085714285714232e+02,1.060971428571428561e+02
1.612625482625482505e+02,1.077992277992277934e+02,1.086647619047619031e+02,1.062095238095238017e+02
1.601061173533083490e+02,1.083907615480649156e+02,1.073942857142857150e+02,1.066114285714285757e+02
1.590153256704980720e+02,1.088978288633461062e+02,1.070828729281767977e+02,1.069152854511970361e+02
1.579581646423751522e+02,1.094143049932523581e+02,1.066737967914438485e+02,1.070606060606060481e+02
1.570583657587548601e+02,1.098132295719844365e+02,1.058280141843971478e+02,1.072872340425531945e+02
1.562648578811369191e+02,1.102428940568475326e+02,1.049851851851851734e+02,1.077166666666666686e+02
1.551608751608751504e+02,1.107155727155727050e+02,1.042260536398467394e+02,1.079444444444444429e+02
1.538642473118279383e+02,1.113508064516128968e+02,1.036329588014981198e+02,1.083089887640449405e+02
1.531584022038567241e+02,1.117314049586776861e+02,1.036329588014981198e+02,1.083089887640449405e+02
1.527361111111110858e+02,1.119494949494949338e+02,1.030226876090750352e+02,1.085427574171029477e+02
1.516338582677165334e+02,1.124160104986876547e+02,1.025370370370370239e+02,1.087129629629629619e+02
1.498550135501354816e+02,1.129417344173441649e+02,1.015790476190476141e+02,1.091009523809523643e+02
1.494065040650406502e+02,1.133590785907858987e+02,1.011013645224171427e+02,1.093196881091617740e+02
1.483617886178861909e+02,1.136991869918699223e+02,1.007416173570019708e+02,1.094536489151873582e+02
1.477688378033205652e+02,1.140166028097062565e+02,1.001575091575091392e+02,1.096336996336996208e+02
1.470456790123456585e+02,1.143098765432098674e+02,9.984865900383140058e+01,1.098754789272030621e+02
1.454176548089591563e+02,1.149749670619235786e+02,9.896531791907514730e+01,1.100192678227360261e+02
1.444534883720930338e+02,1.154276485788113717e+02,9.842337164750956902e+01,1.102375478927203005e+02
1.436745406824146869e+02,1.156811023622047259e+02,9.832745098039214326e+01,1.103235294117647101e+02
1.428459595959595845e+02,1.160492424242424221e+02,9.751971326164873233e+01,1.106290322580645125e+02
1.413839169909208806e+02,1.167535667963683466e+02,9.703296703296703640e+01,1.109029304029303944e+02
1.405782051282050986e+02,1.171666666666666572e+02,9.637621832358674112e+01,1.111286549707602376e+02
1.393651399491094196e+02,1.175750636132315492e+02,9.618794326241133774e+01,1.113687943262411295e+02
1.384692810457516146e+02,1.181019607843137322e+02,9.546441947565541852e+01,1.115449438202247165e+02
1.375928753180661488e+02,1.183256997455470696e+02,9.526992753623187582e+01,1.116974637681159379e+02
1.373869731800766374e+02,1.185440613026819960e+02,9.499019607843136725e+01,1.117235294117647015e+02
1.352213438735177817e+02,1.194677206851119848e+02,9.365755919854279909e+01,1.123533697632058193e+02
1.350555555555555429e+02,1.196174242424242493e+02,9.354327808471454375e+01,1.126169429097605814e+02
1.340000000000000000e+02,1.201597484276729517e+02,9.308052434456928381e+01,1.126685393258427013e+02
1.330347490347490407e+02,1.205868725868725875e+02,9.244927536231882925e+01,1.129728260869565162e+02
1.323068783068782750e+02,1.210595238095238102e+02,9.153333333333333144e+01,1.134780952380952215e+02
1.309879518072289102e+02,1.216787148594377470e+02,9.126862745098038943e+01,1.135411764705882405e+02
1.296201859229747697e+02,1.225551128818061102e+02,9.097985347985347460e+01,1.137948717948717814e+02
1.285060728744939240e+02,1.230742240215924426e+02,9.039377289377287639e+01,1.139835164835164818e+02
1.280529715762273781e+02,1.233320413436692462e+02,9.018148148148148380e+01,1.143388888888888886e+02
1.270129198966408097e+02,1.238888888888888857e+02,8.931992337164750495e+01,1.146551724137931103e+02
1.262470588235294144e+02,1.242823529411764696e+02,8.866472868217053360e+01,1.146976744186046488e+02
1.250899470899470742e+02,1.250224867724867579e+02,8.828516377649324909e+01,1.150809248554913324e+02
1.243508771929824519e+02,1.254345479082321191e+02,8.815428571428572013e+01,1.151295238095237892e+02
1.242051282051282044e+02,1.255531135531135476e+02,8.815428571428572013e+01,1.151295238095237892e+02
1.230583657587548601e+02,1.261673151750972721e+02,8.733333333333332860e+01,1.154215167548500744e+02
1.218861788617886219e+02,1.267696476964769658e+02,8.630980392156862990e+01,1.157960784313725355e+02
1.208834688346883439e+02,1.278794037940379411e+02,8.606557377049180957e+01,1.158834244080145623e+02
1.203030303030302974e+02,1.285810276679841877e+02,8.620540540540540064e+01,1.158036036036035910e+02
1.194754521963824203e+02,1.293527131782945787e+02,8.620471014492753170e+01,1.158333333333333286e+02
1.189863692688971497e+02,1.298302354399008607e+02,8.510270270270270032e+01,1.165153153153153056e+02
1.183823529411764639e+02,1.304264705882353041e+02,8.415201465201464259e+01,1.166758241758241752e+02
1.175642946317103537e+02,1.314481897627964884e+02,8.409057971014492239e+01,1.168623188405797038e+02
1.166640625000000000e+02,1.324921875000000000e+02,8.411877394636015026e+01,1.167356321839080522e+02
1.161024590163934391e+02,1.331311475409836191e+02,8.353183520599250755e+01,1.172022471910112387e+02
1.155019920318725042e+02,1.338791500664010528e+02,8.331702898550723546e+01,1.173913043478260931e+02
1.150395256916996090e+02,1.344268774703557199e+02,8.280070546737212567e+01,1.174426807760141003e+02
1.143966408268733801e+02,1.352945736434108426e+02,8.268627450980390847e+01,1.174688057040998075e+02
1.142589641434262973e+02,1.356241699867197781e+02,8.261683848797250107e+01,1.175567010309278402e+02
1.136101928374655614e+02,1.365867768595041412e+02,8.242176870748299677e+01,1.177653061224489761e+02
1.130336021505376323e+02,1.375295698924730914e+02,8.247841105354058300e+01,1.176873920552676935e+02
1.127300380228136873e+02,1.377262357414448672e+02,8.159964726631392296e+01,1.182733686067019221e+02
1.124371794871794776e+02,1.379487179487179276e+02,8.146167557932263037e+01,1.183725490196078312e+02
1.119509043927648548e+02,1.386912144702842227e+02,8.122836095764272102e+01,1.184346224677716322e+02
1.118584656084656075e+02,1.389947089947089864e+02,8.103014184397163433e+01,1.183989361702127638e+02
1.110697350069734881e+02,1.405941422594142125e+02,8.097477477477477237e+01,1.184576576576576485e+02
1.106571038251366019e+02,1.410806010928961598e+02,8.010153256704980151e+01,1.191149425287356252e+02
1.105327978580990589e+02,1.411646586345381422e+02,8.003623188405796895e+01,1.191956521739130466e+02
1.102454068241469827e+02,1.416312335958004951e+02,8.014874551971325900e+01,1.191397849462365599e+02
1.097617079889807172e+02,1.428209366391184574e+02,8.014874551971325900e+01,1.191397849462365599e+02
1.095982905982906033e+02,1.434373219373219115e+02,7.935115864527628560e+01,1.193368983957219314e+02
1.091535269709543599e+02,1.446307053941908691e+02,7.923033707865168651e+01,1.195205992509363142e+02
1.089141193595341974e+02,1.459344978165938755e+02,7.916572504708096858e+01,1.196911487758945327e+02
1.087953216374268948e+02,1.466140350877192873e+02,7.912190476190475863e+01,1.196819047619047609e+02
1.086828908554572166e+02,1.475486725663716925e+02,7.911302681992336261e+01,1.196168582375478877e+02
1.085321637426900594e+02,1.482660818713450226e+02,7.905555555555555713e+01,1.196494252873563227e+02
1.083629283489096480e+02,1.491028037383177605e+02,7.807142857142856940e+01,1.200293040293040292e+02
1.083008849557522097e+02,1.498672566371681398e+02,7.839215686274509665e+01,1.199286987522281578e+02
1.082535612535612444e+02,1.502905982905982967e+02,7.847069597069597080e+01,1.199194139194139126e+02
1.081943262411347462e+02,1.504283687943262180e+02,7.808662900188323874e+01,1.201224105461393492e+02
1.081707988980716237e+02,1.511818181818181870e+02,7.812234042553191671e+01,1.200656028368794210e+02
1.081524216524216371e+02,1.517849002849002886e+02,7.826126126126125371e+01,1.201693693693693632e+02
1.082026431718061730e+02,1.529001468428780868e+02,7.860038986354776114e+01,1.208011695906432692e+02
1.081873156342182796e+02,1.531932153392330349e+02,7.919629629629629619e+01,1.210351851851851848e+02
1.079548022598870034e+02,1.529646892655367196e+02,7.926365348399247068e+01,1.213785310734463252e+02
1.079561042524005501e+02,1.533799725651577432e+02,7.959999999999999432e+01,1.215961904761904719e+02
1.079721059972105905e+02,1.542733612273360961e+02,8.079190751445086960e+01,1.210250481695568396e+02
1.079756795422031388e+02,1.550057224606580633e+02,8.171212121212120394e+01,1.213579545454545467e+02
1.080351617440225027e+02,1.553938115330520304e+02,8.283514492753623415e+01,1.210778985507246261e+02
1.079758865248226840e+02,1.558822695035460697e+02,8.324208566108006835e+01,1.219664804469273776e+02
1.081546099290780063e+02,1.562652482269503480e+02,8.391666666666665719e+01,1.219922480620154914e+02
1.080468085106383000e+02,1.567319148936170166e+02,8.452432432432432563e+01,1.220216216216216196e+02
1.080911680911680861e+02,1.575356125356125290e+02,8.495414462081127738e+01,1.223386243386243422e+02
1.082231759656652343e+02,1.584563662374820865e+02,8.506331471135939637e+01,1.229217877094972096e+02
1.083497267759562845e+02,1.587814207650273204e+02,8.554143646408839174e+01,1.225138121546961258e+02
1.084269972451790522e+02,1.590730027548209193e+02,8.564814814814813815e+01,1.230407407407407305e+02
1.084792560801144390e+02,1.602432045779685268e+02,8.607509157509157660e+01,1.230787545787545696e+02
1.086712121212121076e+02,1.609166666666666572e+02,8.617829457364341295e+01,1.229922480620154914e+02
1.087662141779788811e+02,1.617662141779788669e+02,8.617624521072796995e+01,1.230881226053639779e+02
1.089608695652173935e+02,1.624072463768115711e+02,8.670712909441232341e+01,1.229653179190751473e+02
1.089209770114942444e+02,1.621925287356321803e+02,8.674719101123595522e+01,1.229962546816479403e+02
1.090683760683760681e+02,1.633618233618233546e+02,8.698458574181117342e+01,1.230019267822735998e+02
1.092092352092352030e+02,1.637936507936507837e+02,8.711046511627907307e+01,1.230736434108526964e+02
1.093347889374090158e+02,1.644294032023289560e+02,8.711046511627907307e+01,1.230736434108526964e+02
1.094702627939142445e+02,1.647150760719225389e+02,8.712952380952380338e+01,1.232114285714285700e+02
1.102236842105263150e+02,1.663830409356724829e+02,8.772370766488413096e+01,1.229786096256684544e+02
1.103518518518518476e+02,1.664615384615384528e+02,8.795628415300546976e+01,1.233825136612021822e+02
1.110727023319615796e+02,1.673676268861453877e+02,8.802014652014651119e+01,1.235531135531135334e+02
1.115922865013774015e+02,1.680647382920110147e+02,8.802014652014651119e+01,1.235531135531135334e+02
1.123663911845729899e+02,1.688360881542699587e+02,8.801841620626150586e+01,1.236187845303867334e+02
1.128163265306122440e+02,1.693346938775510182e+02,8.847058823529411598e+01,1.234491978609625704e+02
1.133374827109266931e+02,1.697925311203319438e+02,8.828491620111731208e+01,1.234245810055865888e+02
1.138798920377867745e+02,1.704723346828609749e+02,8.821787709497206720e+01,1.237262569832402193e+02
1.140685871056241325e+02,1.706186556927297602e+02,8.825865209471766093e+01,1.236448087431693921e+02
1.147994350282485811e+02,1.713347457627118615e+02,8.842644320297951310e+01,1.231843575418994448e+02
1.150582241630276457e+02,1.714687045123726250e+02,8.834038800705467054e+01,1.236208112874779488e+02
1.157689075630252091e+02,1.719705882352941160e+02,8.860893854748603360e+01,1.238007448789571612e+02
1.161430499325236099e+02,1.724183535762483075e+02,8.858608058608058400e+01,1.244468864468864382e+02
1.163566529492455288e+02,1.725336076817558251e+02,8.863257575757575069e+01,1.244848484848484844e+02
1.170972818311874022e+02,1.730443490701001110e+02,8.879190751445086960e+01,1.252543352601156101e+02
1.174322033898305051e+02,1.733432203389830590e+02,8.927715355805243291e+01,1.258014981273408068e+02
1.177933042212518160e+02,1.736040756914119072e+02,8.949031007751936784e+01,1.263682170542635532e+02
1.187229437229437252e+02,1.743131313131312936e+02,8.974031007751936784e+01,1.267596899224806037e+02
1.191230329041487721e+02,1.743533619456366068e+02,9.008670520231213175e+01,1.268208092485549088e+02
1.194309623430962404e+02,1.746694560669455996e+02,9.095857988165680297e+01,1.279112426035502921e+02
1.194560669456066933e+02,1.747364016736401595e+02,9.196551724137931672e+01,1.282413793103448256e+02
1.205177304964538934e+02,1.753120567375886196e+02,9.266853932584270126e+01,1.287584269662921486e+02
1.211501501501501394e+02,1.756336336336336217e+02,9.332954545454545325e+01,1.290075757575757507e+02
1.214077380952380878e+02,1.758199404761904532e+02,9.386219739292364750e+01,1.296983240223463554e+02
1.214657534246575352e+02,1.759041095890410986e+02,9.409473684210526301e+01,1.299684210526315837e+02
1.215029761904761756e+02,1.758943452380952124e+02,9.519230769230769340e+01,1.306611721611721464e+02
1.225725308641975175e+02,1.764521604938271366e+02,9.586512524084777453e+01,1.314431599229286860e+02
1.230977011494252764e+02,1.765977011494252906e+02,9.626666666666665151e+01,1.317523809523809462e+02
1.236402349486049843e+02,1.770851688693098254e+02,9.643533697632057056e+01,1.319016393442622928e+02
1.236402349486049843e+02,1.770851688693098254e+02,9.694032921810698156e+01,1.324197530864197461e+02
1.244434389140271549e+02,1.774313725490195850e+02,9.767437379576107048e+01,1.332716763005780365e+02
1.247828746177369936e+02,1.775672782874617610e+02,9.805325443786982476e+01,1.334497041420118251e+02
1.254309309309309270e+02,1.777867867867867631e+02,9.847188755020079043e+01,1.337730923694778937e+02
1.256533923303834683e+02,1.779926253687315523e+02,9.863969171483620357e+01,1.341445086705202243e+02
1.261867219917012477e+02,1.782655601659751028e+02,9.939376218323586443e+01,1.350818713450292421e+02
1.268412017167381975e+02,1.786738197424892576e+02,9.957142857142856940e+01,1.353650793650793673e+02
1.270272988505747094e+02,1.786752873563218316e+02,1.000304761904761790e+02,1.360171428571428578e+02
1.273410493827160366e+02,1.788333333333333428e+02,1.003594040968342540e+02,1.360167597765363041e+02
1.281286549707602376e+02,1.792894736842105203e+02,1.004143126177024357e+02,1.360960451977401249e+02
1.287872023809523796e+02,1.796800595238094900e+02,1.008841354723707582e+02,1.369768270944741460e+02
1.291763888888888800e+02,1.798611111111111143e+02,1.010531135531135334e+02,1.370238095238095184e+02
1.297240896358543409e+02,1.802044817927170755e+02,1.015500910746812195e+02,1.379180327868852487e+02
1.304879432624113349e+02,1.805702127659574501e+02,1.017927927927927811e+02,1.382684684684684555e+02
1.308577405857740530e+02,1.808786610878661065e+02,1.021444444444444457e+02,1.384574074074074019e+02
1.319800569800569860e+02,1.814458689458689378e+02,1.022725598526703408e+02,1.387403314917127091e+02
1.316051502145922711e+02,1.812274678111587889e+02,1.023955094991364376e+02,1.389222797927461102e+02
1.321914062500000000e+02,1.814270833333333144e+02,1.026777163904235550e+02,1.398766114180478723e+02
1.329920948616600924e+02,1.819525691699604693e+02,1.029496124031007724e+02,1.403662790697674438e+02
1.333230373230373118e+02,1.821570141570141459e+02,1.032136279926335050e+02,1.407624309392265332e+02
1.343071625344352640e+02,1.826859504132231393e+02,1.034382022471910147e+02,1.411591760299625378e+02
1.352273361227336181e+02,1.834030683403068167e+02,1.034382022471910147e+02,1.411591760299625378e+02
1.352784471218205908e+02,1.833400267737617071e+02,1.038704761904761824e+02,1.420628571428571547e+02
1.356215139442230964e+02,1.834023904382470107e+02,1.041292134831460743e+02,1.423108614232209561e+02
1.360213333333333026e+02,1.836119999999999948e+02,1.041333333333333400e+02,1.424518518518518420e+02
1.369357923497267677e+02,1.841939890710382315e+02,1.046803118908381975e+02,1.430409356725146210e+02
1.375427350427350461e+02,1.846538461538461604e+02,1.050000000000000000e+02,1.433927203065134108e+02
1.375168690958164461e+02,1.845519568151146927e+02,1.051417165668662506e+02,1.437285429141716406e+02
1.387520325203252014e+02,1.852560975609756042e+02,1.053531746031745939e+02,1.440277777777777715e+02
1.386106442577030577e+02,1.849607843137254690e+02,1.053531746031745939e+02,1.440277777777777715e+02
1.393930555555555486e+02,1.857624999999999886e+02,1.058555555555555543e+02,1.447537037037036782e+02
1.395761316872427926e+02,1.863305898491083497e+02,1.060113636363636402e+02,1.450321969696969688e+02
1.393529411764705799e+02,1.864509803921568505e+02,1.065246913580246968e+02,1.462695473251028773e+02
1.395375939849623990e+02,1.873208020050125242e+02,1.065828460038986236e+02,1.467076023391812782e+02
1.394651741293532154e+02,1.882325870646766077e+02,1.066062378167641214e+02,1.467894736842105203e+02
1.396934404283801712e+02,1.891539491298527196e+02,1.065714285714285694e+02,1.467828571428571536e+02
1.395269230769230830e+02,1.897384615384615358e+02,1.066647173489278657e+02,1.472319688109161575e+02
1.393514211886304679e+02,1.906188630490956086e+02,1.067972709551656862e+02,1.474502923976608315e+02
1.393384223918575060e+02,1.911094147582697076e+02,1.068373983739837314e+02,1.477479674796747702e+02
1.392500000000000000e+02,1.912373737373737299e+02,1.068373983739837314e+02,1.477479674796747702e+02
1.389521912350597574e+02,1.926215139442230964e+02,1.069780219780219710e+02,1.479487179487179276e+02
1.386997354497354422e+02,1.928875661375661252e+02,1.075158286778398491e+02,1.485027932960893793e+02
1.384106666666666570e+02,1.940413333333333128e+02,1.080240740740740648e+02,1.481518518518518590e+02
1.383233082706767050e+02,1.935626566416040077e+02,1.093806818181818130e+02,1.486439393939393767e+02
1.382794117647058840e+02,1.938174019607843093e+02,1.100580524344569255e+02,1.485430711610486867e+02
1.379714656290531707e+02,1.946653696498054558e+02,1.104314814814814696e+02,1.484166666666666572e+02
1.379960474308300320e+02,1.946772068511198768e+02,1.112851405622489835e+02,1.487871485943774985e+02
1.375046480743691859e+02,1.960000000000000000e+02,1.119901380670611388e+02,1.489250493096647006e+02
1.372549800796812747e+02,1.959774236387781912e+02,1.124832347140039275e+02,1.491893491124260436e+02
1.371243169398906900e+02,1.965464480874316848e+02,1.129454191033138244e+02,1.493040935672514706e+02
1.368313878080414838e+02,1.970518806744487392e+02,1.131408730158729981e+02,1.494027777777777715e+02
1.367648578811369191e+02,1.978514211886304679e+02,1.142235528942115650e+02,1.500299401197604823e+02
1.360938375350139893e+02,1.990714285714285836e+02,nan,nan
1.358622047244094517e+02,1.994081364829396250e+02,nan,nan
1.355564304461942129e+02,1.999580052493438131e+02,1.154808429118773745e+02,1.509789272030651262e+02
1.352397435897435685e+02,2.004628205128204854e+02,1.161487758945386020e+02,1.513088512241054389e+02
1.349469696969696884e+02,2.010227272727272805e+02,1.165050505050504910e+02,1.517010101010100982e+02
1.342480916030534388e+02,2.018015267175572660e+02,1.171991869918699081e+02,1.522235772357723533e+02
1.340279898218829260e+02,2.023015267175572660e+02,1.175314285714285774e+02,1.526133333333333155e+02
1.339298245614034784e+02,2.024699248120300865e+02,1.174392156862744940e+02,1.526980392156862649e+02
1.327683397683397573e+02,2.039909909909909800e+02,1.185776515151515014e+02,1.532878787878787818e+02
1.325626566416040077e+02,2.043220551378446146e+02,1.189786096256684544e+02,1.534795008912655874e+02
1.317604166666666572e+02,2.054440104166666572e+02,1.193825136612021822e+02,1.539107468123861509e+02
1.314193121693121498e+02,2.058597883597883538e+02,1.202300724637681100e+02,1.546304347826086882e+02
1.313027989821882784e+02,2.060127226463104080e+02,1.203567251461988263e+02,1.548615984405458050e+02
1.303746770025839794e+02,2.069857881136950652e+02,1.208285714285714221e+02,1.552533333333333303e+02
1.305674931129476590e+02,2.068154269972451686e+02,1.214457142857142884e+02,1.557504761904761779e+02
1.293852978453738842e+02,2.082344740177439633e+02,1.219246031746031633e+02,1.563908730158730123e+02
1.287595628415300553e+02,2.090150273224043644e+02,1.224214559386973065e+02,1.567816091954022966e+02
1.285598455598455701e+02,2.091428571428571388e+02,1.225019379844961236e+02,1.568604651162790731e+02
1.278734693877551081e+02,2.101551020408163311e+02,1.227605363984674227e+02,1.575747126436781684e+02
1.273592736705577124e+02,2.106835278858625031e+02,1.230685714285714312e+02,1.579276190476190322e+02
1.265493333333333226e+02,2.115053333333333114e+02,1.235028901734104068e+02,1.583969171483622347e+02
1.260040322580645125e+02,2.121196236559139550e+02,1.238659003831417493e+02,1.586954022988505812e+02
1.255153949129852720e+02,2.127764390896920759e+02,1.240109289617486326e+02,1.590510018214936281e+02
1.250731707317073216e+02,2.132154471544715477e+02,1.240037664783427402e+02,1.591638418079095914e+02
1.243123249299719788e+02,2.139383753501400349e+02,1.247191919191918998e+02,1.602141414141414089e+02
1.237636612021857871e+02,2.143497267759562703e+02,1.251022727272727337e+02,1.607784090909090935e+02
1.235239948119325391e+02,2.147691309987029626e+02,1.253313840155945229e+02,1.608752436647173454e+02
1.231267973856209039e+02,2.150496732026143718e+02,1.253313840155945229e+02,1.608752436647173454e+02
1.221026722925457051e+02,2.156694796061884460e+02,1.258411867364746826e+02,1.615375218150087164e+02
1.218016194331983826e+02,2.158636977058029629e+02,1.261016949152542423e+02,1.620696798493408721e+02
1.198033033033032950e+02,2.167642642642642556e+02,1.263045267489711847e+02,1.624629629629629619e+02
1.194398907103825138e+02,2.169822404371584526e+02,1.265622710622710514e+02,1.626153846153846132e+02
1.189356725146198812e+02,2.171783625730994061e+02,1.265303030303030170e+02,1.626477272727272805e+02
1.182882096069868965e+02,2.172576419213973793e+02,1.269749518304431462e+02,1.633622350674373536e+02
1.180592286501377401e+02,2.174614325068870357e+02,1.269749518304431462e+02,1.633622350674373536e+02
1.170735930735930737e+02,2.177012987012986969e+02,1.277196078431372541e+02,1.646117647058823650e+02
1.168304093567251414e+02,2.179254385964912331e+02,1.278539325842696570e+02,1.648838951310861489e+02
1.161666666666666714e+02,2.181228070175438631e+02,1.278539325842696570e+02,1.648838951310861489e+02
1.155006973500697285e+02,2.182775453277545239e+02,1.278483146067415674e+02,1.649569288389513133e+02
1.150425844346549127e+02,2.184361233480176168e+02,nan,nan
1.146262626262626156e+02,2.184704184704184513e+02,1.283434343434343248e+02,1.661313131313131066e+02
1.139632892804698798e+02,2.186446402349485822e+02,1.283370998116760688e+02,1.664783427495291903e+02
1.136751773049645351e+02,2.187446808510638334e+02,1.286489361702127781e+02,1.668528368794326298e+02
1.128268955650929826e+02,2.189628040057224325e+02,1.288068181818181870e+02,1.669564393939393767e+02
1.129665327978580933e+02,2.189959839357429701e+02,1.291545623836126424e+02,1.677411545623835991e+02
1.116232492997198875e+02,2.190098039215686185e+02,1.292067039106145216e+02,1.681210428305400342e+02
1.114929971988795501e+02,2.190546218487394867e+02,1.293962962962962990e+02,1.686129629629629676e+02
1.113196721311475414e+02,2.191598360655737565e+02,1.296223506743737914e+02,1.689190751445086676e+02
1.105943262411347376e+02,2.192553191489361666e+02,1.298047882136279725e+02,1.695064456721915178e+02
1.106230661040787453e+02,2.192320675105485179e+02,1.300611439842209052e+02,1.700118343195266277e+02
1.095655270655270641e+02,2.193461538461538396e+02,1.305568181818181870e+02,1.707689393939393767e+02
1.087092198581560183e+02,2.193078014184397091e+02,1.309333333333333371e+02,1.715180952380952135e+02
1.086200564971751419e+02,2.193629943502824631e+02,1.310329670329670364e+02,1.718040293040292852e+02
1.080090090090090058e+02,2.194444444444444287e+02,1.314726930320150586e+02,1.729303201506591279e+02
1.070669456066945600e+02,2.193640167364016804e+02,1.316055846422338504e+02,1.731657940663176021e+02
1.066696165191740420e+02,2.190929203539822936e+02,1.319797979797979792e+02,1.741757575757575864e+02
1.059712643678160902e+02,2.188333333333333144e+02,1.320340909090909065e+02,1.746231060606060339e+02
1.050717299578059141e+02,2.183347398030942088e+02,1.321176470588235361e+02,1.754254901960784139e+02
1.045150214592274693e+02,2.182303290414878347e+02,1.322528735632184009e+02,1.760268199233716473e+02
1.042061579651941088e+02,2.179451137884872765e+02,1.328431372549019613e+02,1.769625668449197917e+02
1.034717514124293700e+02,2.178079096045197502e+02,1.332269938650306642e+02,1.781226993865030579e+02
1.030737704918032733e+02,2.174631147540983704e+02,1.333898305084745743e+02,1.786384180790960556e+02
1.026246719160104846e+02,2.171706036745406720e+02,1.337626811594202820e+02,1.794528985507245977e+02
1.020789825970548748e+02,2.169504685408299736e+02,1.339670329670329636e+02,1.799047619047618980e+02
1.015623306233062237e+02,2.167181571815717973e+02,1.342714025500910680e+02,1.806448087431693921e+02
1.013852140077820962e+02,2.167431906614785930e+02,1.346570327552986441e+02,1.810520231213872933e+02
1.013567708333333286e+02,2.167526041666666572e+02,1.348445692883894935e+02,1.815692883895131047e+02
1.006922094508301342e+02,2.164559386973180040e+02,1.348445692883894935e+02,1.815692883895131047e+02
1.001526104417670666e+02,2.159504685408299736e+02,1.353904235727439982e+02,1.825119705340699738e+02
1.000792452830188637e+02,2.160075471698113176e+02,1.353722222222222342e+02,1.823907407407407106e+02
9.883261802575107424e+01,2.149227467811158760e+02,1.361277777777777658e+02,1.831907407407407220e+02
9.870432357043235072e+01,2.150041841004183993e+02,1.364775280898876417e+02,1.833445692883894935e+02
9.830068027210883486e+01,2.146707482993197118e+02,1.367228682170542697e+02,1.831511627906976685e+02
9.786880856760375025e+01,2.141954484605086861e+02,1.374568627450980216e+02,1.827803921568627175e+02
9.715491009681880996e+01,2.135504840940525355e+02,1.380057471264367734e+02,1.821340996168582365e+02
9.635146443514643977e+01,2.126875871687587107e+02,1.385574712643678197e+02,1.820823754789271902e+02
9.611336032388663853e+01,2.124466936572199529e+02,1.390819366852886390e+02,1.820148975791433656e+02
9.531039136302293002e+01,2.118475033738191371e+02,1.397403100775193820e+02,1.821976744186046631e+02
9.443145161290323131e+01,2.107553763440859882e+02,1.402280701754386030e+02,1.823606237816763951e+02
9.392088197146561868e+01,2.101776913099870114e+02,1.404778420038535387e+02,1.824894026974951657e+02
9.294062078272604310e+01,2.091282051282051100e+02,1.415191570881225971e+02,1.831436781609195350e+02
9.217622950819672667e+01,2.083169398907103584e+02,1.413964497041420145e+02,1.831992110453648763e+02
9.142875816993463900e+01,2.074313725490196134e+02,1.413650793650793673e+02,1.834880952380952408e+02
9.069169960474307857e+01,2.066943346508563764e+02,1.414860335195530752e+02,1.836499068901303247e+02
9.025225225225224790e+01,2.061145431145430962e+02,1.418863636363636260e+02,1.839734848484848442e+02
8.931620553359684322e+01,2.051001317523056571e+02,1.420214424951266778e+02,1.840331384015594267e+02
8.886328125000000000e+01,2.043984375000000000e+02,1.424836223506743522e+02,1.844200385356454603e+02
8.810109289617484762e+01,2.034385245901639223e+02,1.424836223506743522e+02,1.844200385356454603e+02
8.706989247311827285e+01,2.021841397849462396e+02,1.424836223506743522e+02,1.844200385356454603e+02
8.645963541666665719e+01,2.014440104166666572e+02,1.425992292870905374e+02,1.844990366088631788e+02
8.579435483870967971e+01,2.005846774193548470e+02,1.426448412698412653e+02,1.845535714285714164e+02
8.494672131147541450e+01,1.995655737704917954e+02,1.427607843137254804e+02,1.846176470588235361e+02
8.481524547803617509e+01,1.991498708010335861e+02,1.427607843137254804e+02,1.846176470588235361e+02
8.411375661375660684e+01,1.983994708994708844e+02,1.425394265232974931e+02,1.848172043010752645e+02
8.349034749034748870e+01,1.975521235521235610e+02,1.425065913370997919e+02,1.849811676082862277e+02
8.304973118279569633e+01,1.968991935483871032e+02,1.423093812375249456e+02,1.850758483033932009e+02
8.259333333333333371e+01,1.964186666666666667e+02,1.415359848484848442e+02,1.846761363636363740e+02
8.227343750000000000e+01,1.958203125000000000e+02,1.415359848484848442e+02,1.846761363636363740e+02
8.183670715249661498e+01,1.953657219973009376e+02,1.418620689655172384e+02,1.848754789272030621e+02
8.115803452855244871e+01,1.942948207171314721e+02,1.417602996254681500e+02,1.849794007490636432e+02
8.061067708333332860e+01,1.933684895833333144e+02,1.416078431372548891e+02,1.850607843137254918e+02
8.002766251728905900e+01,1.922904564315352616e+02,1.414274952919020620e+02,1.852467043314500756e+02
7.991384180790959135e+01,1.918587570621468785e+02,1.412868217054263482e+02,1.850658914728682021e+02
7.978005464480874309e+01,1.912459016393442539e+02,1.415432780847145295e+02,1.854622467771638981e+02
7.943145743145741733e+01,1.904473304473304154e+02,1.415530303030302832e+02,1.856780303030302832e+02
7.905979073243646837e+01,1.886038863976083633e+02,1.414700374531834939e+02,1.861910112359550453e+02
7.899281609195401188e+01,1.880660919540229656e+02,1.411746987951807171e+02,1.861646586345381422e+02
7.882753623188405356e+01,1.876318840579710070e+02,1.411352941176470495e+02,1.862078431372548835e+02
7.876532137518682930e+01,1.875321375186846069e+02,1.416213017751479413e+02,1.870177514792899274e+02
7.870354609929077583e+01,1.869347517730496406e+02,1.412123015873015675e+02,1.875813492063491879e+02
7.840643274853799483e+01,1.869210526315789593e+02,1.399981060606060339e+02,1.879848484848484702e+02
7.831547619047617559e+01,1.857604166666666572e+02,1.391173184357541857e+02,1.893743016759776481e+02
7.829694323144104828e+01,1.855196506550218203e+02,1.384069767441860392e+02,1.907131782945736234e+02
7.815138282387189861e+01,1.847234352256186298e+02,1.378173258003766364e+02,1.917966101694915153e+02
7.805483405483404624e+01,1.835743145743145703e+02,1.369888268156424544e+02,1.931042830540037016e+02
7.783989501312335335e+01,1.839291338582677042e+02,1.360800000000000125e+02,1.941752380952380861e+02
7.777385620915032405e+01,1.835594771241829903e+02,1.352604735883424212e+02,1.949234972677595579e+02
7.777553763440859314e+01,1.829193548387096655e+02,1.347919075144508554e+02,1.964682080924855541e+02
7.800442477876106295e+01,1.813112094395279996e+02,1.340555555555555429e+02,1.975766283524903884e+02
7.783263009845288138e+01,1.814880450070323263e+02,1.332254335260115568e+02,1.984219653179190743e+02
7.790170940170939673e+01,1.805484330484330258e+02,1.323885480572596975e+02,1.991002044989774902e+02
7.786099290780141757e+01,1.801531914893616886e+02,1.318373015873015675e+02,1.999563492063491879e+02
7.789420289855071644e+01,1.794927536231883778e+02,1.312427745664739973e+02,2.010963391136801306e+02
7.792759562841528975e+01,1.790751366120218506e+02,1.307500000000000000e+02,2.017796296296295964e+02
7.802439024390244526e+01,1.780298102981029729e+02,1.300244821092278755e+02,2.025141242937853008e+02
7.837365591397848164e+01,1.766908602150537320e+02,1.292351738241308681e+02,2.038773006134969421e+02
7.834259259259258101e+01,1.763941798941798709e+02,1.287050505050505080e+02,2.048202020202020037e+02
7.843629343629343964e+01,1.756203346203346030e+02,1.284475655430711356e+02,2.051479400749063302e+02
7.855597484276728437e+01,1.750415094339622613e+02,1.275925925925925810e+02,2.067816764132553544e+02
7.906485084306095246e+01,1.740856031128404595e+02,1.275813953488372050e+02,2.067519379844960952e+02
7.923664122137404320e+01,1.735063613231552040e+02,1.267650602409638623e+02,2.078755020080321003e+02
7.998118279569891342e+01,1.722137096774193594e+02,1.261317365269461135e+02,2.089101796407185532e+02
8.004798962386510652e+01,1.720791180285343387e+02,nan,nan
8.070750988142292215e+01,1.710303030303030312e+02,1.257567049808428976e+02,2.103984674329501559e+02
8.094033722438391010e+01,1.707561608300907778e+02,1.251472868217054213e+02,2.113158914728682021e+02
8.153925353925353647e+01,1.694851994851994732e+02,1.248488372093023315e+02,2.120368217054263198e+02
8.189895013123359035e+01,1.689461942257217686e+02,nan,nan
8.215810276679842161e+01,1.684901185770750942e+02,1.242241715399610058e+02,2.137953216374268948e+02
8.281437908496731382e+01,1.675960784313725469e+02,1.241156862745097840e+02,2.149333333333333087e+02
8.293589743589743080e+01,1.674166666666666572e+02,1.238946360153256592e+02,2.152796934865900198e+02
8.369160104986875126e+01,1.662913385826771560e+02,1.233515151515151445e+02,2.163494949494949253e+02
8.378968253968254487e+01,1.660714285714285836e+02,nan,nan
8.483736559139784106e+01,1.650282258064516157e+02,1.230792682926829258e+02,2.183739837398373709e+02
8.505913978494622540e+01,1.645551075268816987e+02,1.229904761904761870e+02,2.189828571428571422e+02
8.579234972677595294e+01,1.639275956284152755e+02,1.228507751937984409e+02,2.195620155038759549e+02
8.631267217630852429e+01,1.630785123966942081e+02,nan,nan
8.659319727891156049e+01,1.628707482993197004e+02,nan,nan
8.729150326797385162e+01,1.621150326797385333e+02,1.222572016460905218e+02,2.221872427983538785e+02
8.833203125000000000e+01,1.610000000000000000e+02,1.221163708086784823e+02,2.229644970414201168e+02
8.868045112781955197e+01,1.606278195488721678e+02,1.221183431952662772e+02,2.239408284023668614e+02
8.994723294723294771e+01,1.594337194337194035e+02,1.219016064257027949e+02,2.242449799196787126e+02
9.046113306982871904e+01,1.588313570487483446e+02,1.218710317460317327e+02,2.252420634920634654e+02
9.139208173690931858e+01,1.580280970625798034e+02,1.219019607843137152e+02,2.256039215686274417e+02
9.206117353308364670e+01,1.572883895131086263e+02,1.218626262626262502e+02,2.255999999999999943e+02
9.313359273670556604e+01,1.562230869001296867e+02,1.216605316973414972e+02,2.272208588957055326e+02
9.350067476383264875e+01,1.557246963562753024e+02,1.217757936507936449e+02,2.275039682539682531e+02
9.490553306342779649e+01,1.547327935222672011e+02,1.217420634920634797e+02,2.281349206349206327e+02
9.546825396825396126e+01,1.541243386243386055e+02,1.217420634920634797e+02,2.281349206349206327e+02
9.663458856345884840e+01,1.532384937238493592e+02,1.217687861271676297e+02,2.289768786127167743e+02
9.717328042328041704e+01,1.527248677248677211e+02,1.218057142857142878e+02,2.293009523809523671e+02
9.797131147540983420e+01,1.519617486338797789e+02,1.218439306358381486e+02,2.297398843930635906e+02
9.896957123098201237e+01,1.512185338865836570e+02,1.218128654970760181e+02,2.302962962962962763e+02
9.905986394557821484e+01,1.510258503401360315e+02,1.218603351955307232e+02,2.304357541899441344e+02
9.982258064516129537e+01,1.504193548387096655e+02,1.218603351955307232e+02,2.304357541899441344e+02
1.008231292517006636e+02,1.495986394557822905e+02,1.219016064257027949e+02,2.313052208835341332e+02
1.015903614457831310e+02,1.488594377510040090e+02,1.218694779116465838e+02,2.315180722891566347e+02
1.024472222222222229e+02,1.484861111111111143e+02,1.219689440993788878e+02,2.319254658385093251e+02
1.025714285714285694e+02,1.480761904761904759e+02,1.220833333333333144e+02,2.322052845528455123e+02
1.035815602836879350e+02,1.476156028368794182e+02,nan,nan
1.042890733056708115e+02,1.469031811894882367e+02,nan,nan
1.050497925311203318e+02,1.463443983402489721e+02,nan,nan
1.057369901547116626e+02,1.458931082981715690e+02,1.222505175983436772e+02,2.331801242236024905e+02
1.059363762102351245e+02,1.457247579529737038e+02,nan,nan
1.062150072150072049e+02,1.454574314574314542e+02,nan,nan
1.068326848249027279e+02,1.448469520103761283e+02,nan,nan
1.077533875338753404e+02,1.443306233062330364e+02,1.226398467432950099e+02,2.339463601532566770e+02
1.084730290456431590e+02,1.437786998616874143e+02,1.227030303030303031e+02,2.343979797979797866e+02
1.090096818810511650e+02,1.435975103734439813e+02,1.228461538461538396e+02,2.343530571992110367e+02
1.096146666666666505e+02,1.431906666666666581e+02,1.228461538461538396e+02,2.343530571992110367e+02
1.103540802213001371e+02,1.426390041493775982e+02,1.228313725490196049e+02,2.350274509803921319e+02
1.113619456366237443e+02,1.420386266094420478e+02,1.230061349693251600e+02,2.350306748466257716e+02
1.116855072463768010e+02,1.419782608695652186e+02,1.229938650306748400e+02,2.354580777096114446e+02
1.128967551622418739e+02,1.417330383480825731e+02,nan,nan
1.137395833333333286e+02,1.416175595238095184e+02,nan,nan
1.140564971751412315e+02,1.414957627118644155e+02,1.220647058823529392e+02,2.367725490196078226e+02
1.156020114942528636e+02,1.415301724137931103e+02,1.208841463414634205e+02,2.376605691056910246e+02
1.159067215363511565e+02,1.415582990397805077e+02,1.201104417670682665e+02,2.380983935742971482e+02
1.163145917001338603e+02,1.414310575635876717e+02,1.193057199211045258e+02,2.390256410256409936e+02
1.170043290043290085e+02,1.413102453102453069e+02,1.188400000000000034e+02,2.399161904761904509e+02
1.178544217687074820e+02,1.414680272108843440e+02,1.183386809269162114e+02,2.403226381461675203e+02
1.190242656449552925e+02,1.415759897828863245e+02,1.174525139664804527e+02,2.410651769087523064e+02
1.194508196721311464e+02,1.417267759562841434e+02,1.167153558052434335e+02,2.419157303370786565e+02
1.193178294573643399e+02,1.417532299741601776e+02,1.163222222222222229e+02,2.423611111111111143e+02
1.199204545454545467e+02,1.419747474747474598e+02,1.159890710382513674e+02,2.427668488160291247e+02
1.201917293233082660e+02,1.421466165413533815e+02,1.150511363636363598e+02,2.437500000000000000e+02
1.207201017811704702e+02,1.426272264631043072e+02,1.148113553113552996e+02,2.439945054945054892e+02
1.212187088274044697e+02,1.432015810276679701e+02,1.142950819672131217e+02,2.447340619307832128e+02
1.217124681933842112e+02,1.435814249363867532e+02,1.141061452513966543e+02,2.448435754189944191e+02
1.217569721115537789e+02,1.435232403718459295e+02,1.134341085271317695e+02,2.451259689922480618e+02
1.223956743002544414e+02,1.441348600508905804e+02,1.129306358381502946e+02,2.458497109826589622e+02
1.229016602809706171e+02,1.448773946360153388e+02,nan,nan
1.228880105401844389e+02,1.448168642951251570e+02,1.116804733727810657e+02,2.470236686390532554e+02
1.231145038167938992e+02,1.450928753180661488e+02,1.116804733727810657e+02,2.470236686390532554e+02
1.238783068783068728e+02,1.458095238095237960e+02,1.109246704331449962e+02,2.478135593220339103e+02
1.241788617886178798e+02,1.462195121951219505e+02,1.108483033932135555e+02,2.480978043912175224e+02
1.243902439024390247e+02,1.464403794037940258e+02,1.101406551059730248e+02,2.486955684007706964e+02
1.248035230352303415e+02,1.470501355013549869e+02,1.099132947976878683e+02,2.490423892100192518e+02
1.248267716535433038e+02,1.470013123359579765e+02,1.094547206165703130e+02,2.493448940269749414e+02
1.254285714285714306e+02,1.477116402116402014e+02,1.088232044198895068e+02,2.500257826887660997e+02
1.254925170068027143e+02,1.477374149659863747e+02,1.083832335329341277e+02,2.504091816367265153e+02
1.260601307189542410e+02,1.482379084967320182e+02,1.079399224806201403e+02,2.509457364341085110e+02
1.261859229747675926e+02,1.483652058432934950e+02,1.077569060773480629e+02,2.512338858195211628e+02
1.263024193548387046e+02,1.485497311827956821e+02,1.073485714285714323e+02,2.516761904761904418e+02
1.270646551724137936e+02,1.496436781609195066e+02,1.069162011173184368e+02,2.519180633147113326e+02
1.272786666666666520e+02,1.499626666666666495e+02,1.066003898635477469e+02,2.522163742690058541e+02
1.274973958333333286e+02,1.501549479166666572e+02,1.062983425414364689e+02,2.524530386740331380e+02
1.279156626506024139e+02,1.508915662650602485e+02,1.057638095238095133e+02,2.531828571428571308e+02
1.281824712643678197e+02,1.518548850574712503e+02,1.056379310344827616e+02,2.533122605363984405e+02
1.283015873015872899e+02,1.522328042328042272e+02,1.053636363636363598e+02,2.534383838383837997e+02
1.285349143610013130e+02,1.531791831357048466e+02,1.048901734104046284e+02,2.537591522157995882e+02
1.284144927536231933e+02,1.541115942028985444e+02,1.040823754789271902e+02,2.541647509578543804e+02
1.285809523809523682e+02,1.551020408163265358e+02,1.039214559386973065e+02,2.543026819923371420e+02
1.286010709504685394e+02,1.553346720214189816e+02,1.039214559386973065e+02,2.543026819923371420e+02
1.286958831341301277e+02,1.557941567065072945e+02,1.035340501792114623e+02,2.546523297491039273e+02
1.284952766531713735e+02,1.570985155195681386e+02,1.035340501792114623e+02,2.546523297491039273e+02
1.284486638537271403e+02,1.580295358649788966e+02,1.026395348837209269e+02,2.554263565891472467e+02
1.284058577405857875e+02,1.588675034867503371e+02,1.023057199211045258e+02,2.559467455621301895e+02
1.284173333333333176e+02,1.591146666666666647e+02,1.023057199211045258e+02,2.559467455621301895e+02
1.283963254593175805e+02,1.597388451443569579e+02,1.021563088512240967e+02,2.560414312617702421e+02
1.282624671916010470e+02,1.606916010498687513e+02,1.021179775280898809e+02,2.560674157303370748e+02
1.280227920227920038e+02,1.619316239316239319e+02,1.013204419889502788e+02,2.568011049723756969e+02
1.279717741935483843e+02,1.625336021505376038e+02,1.011752380952380861e+02,2.569371428571428737e+02
1.278695652173912976e+02,1.632924901185770636e+02,1.010296296296296248e+02,2.571277777777777942e+02
1.277297979797979650e+02,1.643497474747474598e+02,1.009271402550090926e+02,2.571548269581056161e+02
1.275559947299077663e+02,1.649011857707509989e+02,1.004713261648745402e+02,2.577831541218637881e+02
1.272013333333333236e+02,1.660106666666666513e+02,1.002958579881656789e+02,2.583786982248520872e+02
1.270810457516339795e+02,1.667464052287581637e+02,1.003505747126436773e+02,2.585900383141762404e+02
1.269736842105263150e+02,1.677192982456140271e+02,1.003505747126436773e+02,2.585900383141762404e+02
1.264742547425474157e+02,1.695596205962059457e+02,1.000538922155688653e+02,2.589461077844311490e+02
1.260606060606060623e+02,1.709657444005270008e+02,1.000538922155688653e+02,2.589461077844311490e+02
1.258770595690747740e+02,1.718871989860582801e+02,9.962546816479400036e+01,2.597397003745318216e+02
1.253689986282578843e+02,1.732990397805212410e+02,9.948927875243663266e+01,2.601169590643274887e+02
1.250950520833333286e+02,1.745533854166666572e+02,9.938235294117646390e+01,2.601862745098039227e+02
1.245922865013774015e+02,1.760606060606060623e+02,9.938235294117646390e+01,2.601862745098039227e+02
1.243072916666666572e+02,1.778606770833333144e+02,9.884393063583814865e+01,2.606763005780346703e+02
1.238694029850746290e+02,1.789390547263681412e+02,9.861657032755297791e+01,2.609190751445086676e+02
1.236036036036036023e+02,1.801171171171170897e+02,9.881564245810055525e+01,2.612141527001862187e+02
1.232297476759628125e+02,1.813997343957503006e+02,9.878770949720670558e+01,2.612476722532588269e+02
1.228441890166028116e+02,1.831277139208173423e+02,9.862943262411346268e+01,2.616578014184397034e+02
1.225229007633587770e+02,1.845496183206106764e+02,9.851704545454545325e+01,2.619412878787878753e+02
1.222212885154061581e+02,1.859271708683473321e+02,9.851059730250480584e+01,2.619171483622350252e+02
1.221349527665317112e+02,1.868839406207827096e+02,9.835067437379574073e+01,2.628843930635838433e+02
1.218627450980392126e+02,1.881856209150326720e+02,nan,nan
1.216586666666666616e+02,1.896080000000000041e+02,9.818849206349204906e+01,2.640456349206348818e+02
1.212916666666666572e+02,1.905885416666666572e+02,9.830492424242423510e+01,2.640965909090909349e+02
1.210830090791180282e+02,1.923009079118028239e+02,9.812452107279692370e+01,2.644961685823754465e+02
1.209387755102040813e+02,1.936258503401360258e+02,9.818416206261510126e+01,2.648710865561694163e+02
1.207826666666666569e+02,1.947786666666666520e+02,9.806060606060604812e+01,2.652954545454545610e+02
1.205820312500000000e+02,1.959596354166666572e+02,9.802549019607842240e+01,2.654803921568627061e+02
1.202697095435684673e+02,1.969128630705394301e+02,9.812429378531074065e+01,2.657495291902071699e+02
1.201072796934865892e+02,1.974597701149425291e+02,9.774712643678161328e+01,2.665402298850574994e+02
1.200598639455782148e+02,1.990870748299319644e+02,9.750595238095237960e+01,2.670793650793650613e+02
1.198969210174029456e+02,1.999491298527442780e+02,9.751738241308792965e+01,2.671145194274028540e+02
1.197729083665338692e+02,2.010770252324037131e+02,9.738372093023255616e+01,2.672112403100774713e+02
1.198306010928961598e+02,2.022978142076502763e+02,nan,nan
1.197416331994645162e+02,2.027884872824631657e+02,9.693921568627449403e+01,2.676921568627450938e+02
1.199931129476584033e+02,2.048305785123966984e+02,9.689743589743589780e+01,2.676831501831501328e+02
1.196718547341115340e+02,2.047120622568093324e+02,9.689743589743589780e+01,2.676831501831501328e+02
1.198430555555555515e+02,2.060333333333333314e+02,9.664891518737671561e+01,2.680177514792899274e+02
1.197680555555555486e+02,2.066583333333333314e+02,9.613872832369942500e+01,2.681541425818882090e+02
1.198967551622418739e+02,2.082123893805309649e+02,nan,nan
1.198623481781376512e+02,2.090053981106612468e+02,9.459607843137254690e+01,2.671764705882353041e+02
1.200958333333333314e+02,2.099861111111111143e+02,9.408187134502924209e+01,2.663118908382065797e+02
1.197817938420348014e+02,2.095381526104417560e+02,9.354527938342965854e+01,2.657803468208092568e+02
1.199579831932773146e+02,2.109873949579831844e+02,9.277972709551656294e+01,2.653762183235867269e+02
1.200056258790435919e+02,2.116624472573839739e+02,9.208914728682169937e+01,2.648217054263565728e+02
1.201369294605809159e+02,2.122987551867219906e+02,9.140636704119849298e+01,2.641273408239700302e+02
1.201927710843373518e+02,2.128755020080321287e+02,9.117514124293785471e+01,2.639661016949152668e+02
1.205191040843214694e+02,2.137140974967061879e+02,9.035018726591759730e+01,2.633183520599250755e+02
1.213161375661375558e+02,2.148664021164020994e+02,9.029044834307991607e+01,2.629200779727095210e+02
1.216626666666666523e+02,2.154159999999999968e+02,8.894779116465862501e+01,2.622510040160642575e+02
1.223666666666666600e+02,2.163413333333333242e+02,8.883815028901733513e+01,2.622138728323699297e+02
1.234123159303882034e+02,2.173681392235608882e+02,8.860299625468164209e+01,2.621310861423220899e+02
1.231633728590250314e+02,2.172608695652174049e+02,8.771851851851850768e+01,2.614925925925925867e+02
1.240347222222222143e+02,2.182722222222222115e+02,8.763984674329500990e+01,2.614559386973180040e+02
1.242344173441734370e+02,2.185243902439024453e+02,8.586078431372548891e+01,2.610352941176470836e+02
1.249200542005419976e+02,2.192601626016260070e+02,8.562573099415205036e+01,2.609493177387914216e+02
1.256626506024096415e+02,2.198915662650602485e+02,8.586857142857142833e+01,2.609714285714285893e+02
1.263784153005464361e+02,2.203674863387978178e+02,nan,nan
1.266401062416998542e+02,2.208339973439574919e+02,nan,nan
1.270497311827956963e+02,2.212002688172042895e+02,8.336213991769547249e+01,2.605288065843621439e+02
1.273851261620185795e+02,2.214953519256307857e+02,8.275203252032520140e+01,2.604796747967479291e+02
1.278505747126436773e+02,2.218365261813537472e+02,8.277366255144032436e+01,2.605164609053497884e+02
1.289862258953168066e+02,2.225440771349862246e+02,8.176954732510287727e+01,2.601893004115225949e+02
1.294008097165991842e+02,2.228987854251012095e+02,8.203468208092485270e+01,2.601926782273602612e+02
1.295145502645502518e+02,2.232103174603174693e+02,8.119607843137254122e+01,2.600941176470588516e+02
1.300993710691823821e+02,2.234679245283018929e+02,8.099816849816849640e+01,2.600989010989010808e+02
1.311341145833333144e+02,2.239986979166666572e+02,8.055214723926380316e+01,2.601002044989774618e+02
1.322245179063360752e+02,2.245661157024793511e+02,8.010784313725488914e+01,2.599392156862745082e+02
1.331195219123505922e+02,2.250956175298804851e+02,7.998412698412697353e+01,2.599146825396825307e+02
1.333305439330544004e+02,2.253807531380753062e+02,7.914509803921568221e+01,2.597294117647059011e+02
1.340301837270341139e+02,2.257782152230971064e+02,7.920980392156862138e+01,2.598156862745098010e+02
1.352134387351778742e+02,2.265046113306982818e+02,7.920980392156862138e+01,2.598156862745098010e+02
1.365634920634920775e+02,2.271653439153438967e+02,7.802107279693485964e+01,2.595229885057471506e+02
1.369077733860342505e+02,2.274953886693016898e+02,7.777450980392156055e+01,2.594509803921568505e+02
1.379935897435897232e+02,2.279974358974358779e+02,7.657171717171716807e+01,2.589353535353534994e+02
1.390813333333333048e+02,2.286826666666666483e+02,7.616872427983538785e+01,2.589156378600822563e+02
1.400941176470588232e+02,2.291999999999999886e+02,7.602994011976048228e+01,2.589181636726546571e+02
1.403424124513618665e+02,2.294448767833981719e+02,7.606285714285714050e+01,2.589390476190475852e+02
1.417250324254215172e+02,2.301271076523994736e+02,7.486060606060605949e+01,2.592383838383838111e+02
1.426706827309236871e+02,2.307389558232931677e+02,7.387698412698412653e+01,2.590277777777777715e+02
1.437751633986927970e+02,2.313320261437908414e+02,7.354016064257027097e+01,2.590341365461846976e+02
1.446958333333333258e+02,2.318138888888888687e+02,7.335528942115767848e+01,2.590838323353293617e+02
1.449453333333333092e+02,2.321080000000000041e+02,7.263137254901960205e+01,2.590686274509803866e+02
1.458470588235294088e+02,2.326470588235294201e+02,7.263137254901960205e+01,2.590686274509803866e+02
1.463243933588761081e+02,2.328786717752234949e+02,nan,nan
1.473869731800766374e+02,2.334227330779054626e+02,7.104930966469427744e+01,2.589289940828402337e+02
1.479645120405576506e+02,2.339556400506970704e+02,7.127167630057803649e+01,2.589595375722543622e+02
1.490141025641025578e+02,2.345294871794871767e+02,7.082424242424242777e+01,2.588626262626262360e+02
1.495214646464646364e+02,2.349835858585858546e+02,7.066272189349112409e+01,2.588658777120315335e+02
1.504435797665369705e+02,2.353346303501945442e+02,6.976356589147286513e+01,2.588236434108526964e+02
1.512206060606060589e+02,2.359612121212120996e+02,6.938461538461538680e+01,2.589704142011834165e+02
1.519987228607918155e+02,2.362630906768837633e+02,6.899074074074073337e+01,2.589648148148148152e+02
1.526946564885496116e+02,2.368078880407124700e+02,6.889743589743589780e+01,2.589542124542124384e+02
1.532335958005249097e+02,2.370892388451443367e+02,6.727567567567567153e+01,2.590954954954954701e+02
1.537112860892388255e+02,2.374081364829396250e+02,6.711382113821137807e+01,2.596524390243902189e+02
1.545485564304461832e+02,2.378805774278215210e+02,6.589959839357429416e+01,2.602228915662650479e+02
1.551954022988505812e+02,2.383218390804597675e+02,6.516167664670658155e+01,2.607185628742515178e+02
1.556227390180878558e+02,2.386020671834625091e+02,6.431526104417669387e+01,2.609116465863453413e+02
1.562243346007604430e+02,2.388783269961977282e+02,6.356906077348066475e+01,2.614014732965009102e+02
1.572596899224806180e+02,2.396731266149870692e+02,6.217635658914728225e+01,2.618062015503875841e+02
1.573953771289537542e+02,2.396824817518248096e+02,6.182958801498126888e+01,2.622528089887640590e+02
1.578068880688806814e+02,2.399827798277982538e+02,6.139884393063584156e+01,2.627687861271676297e+02
1.583124231242312305e+02,2.401820418204181919e+02,6.060773480662983559e+01,2.632209944751381272e+02
1.589962686567164099e+02,2.407226368159203957e+02,5.957560137457044647e+01,2.635154639175257785e+02
1.595970695970696056e+02,2.412026862026861806e+02,5.814450867052023142e+01,2.643487475915221125e+02
1.601971465629053171e+02,2.415032425421530320e+02,5.747592592592592098e+01,2.646962962962962820e+02
1.604929757343550421e+02,2.417828863346104526e+02,5.624260355029586123e+01,2.649881656804734007e+02
1.609748427672955700e+02,2.420276729559748219e+02,5.566862745098038801e+01,2.654411764705882320e+02
1.617713920817368773e+02,2.426756066411238635e+02,5.422489959839356999e+01,2.659397590361445509e+02
1.625594771241829903e+02,2.431450980392156964e+02,5.300803212851404567e+01,2.661465863453814791e+02
1.631647509578544089e+02,2.437854406130268217e+02,5.298378378378378528e+01,2.661837837837837810e+02
1.632164179104477739e+02,2.440335820895522261e+02,5.268656716417910246e+01,2.662338308457711378e+02
1.636557575757575478e+02,2.447672727272727400e+02,5.076571428571428868e+01,2.667714285714285438e+02
1.640307503075030695e+02,2.455387453874538721e+02,4.980423280423280374e+01,2.669417989417989361e+02
1.643257287705956742e+02,2.465272496831431965e+02,4.848128342245989586e+01,2.671764705882353041e+02
1.645754257907542524e+02,2.474318734793187105e+02,4.797142857142856798e+01,2.673847619047618878e+02
1.648138364779874223e+02,2.478905660377358515e+02,4.761581920903955023e+01,2.676101694915254257e+02
1.650443548387096655e+02,2.488723118279569633e+02,4.570736434108526680e+01,2.681841085271317411e+02
1.650553410553410458e+02,2.491312741312741252e+02,4.525423728813559165e+01,2.682259887005649830e+02
1.655696040868454588e+02,2.499233716475095832e+02,4.362139917695473201e+01,2.686604938271605079e+02
1.657018229166666572e+02,2.508281250000000000e+02,nan,nan
1.655637254901960489e+02,2.515539215686274019e+02,4.252929292929292870e+01,2.686747474747474485e+02
1.656069057104913611e+02,2.521752988047808799e+02,4.240562248995983907e+01,2.686546184738955958e+02
1.655370370370370381e+02,2.522864197530863919e+02,nan,nan
1.654919454770755749e+02,2.531561338289962748e+02,4.136645962732919202e+01,2.686770186335403992e+02
1.653772241992882641e+02,2.535243179122182369e+02,nan,nan
1.650295202952029570e+02,2.545904059040590539e+02,nan,nan
1.650874704491725709e+02,2.545614657210401788e+02,nan,nan
1.648937198067632721e+02,2.551062801932366995e+02,nan,nan
1.641259842519685037e+02,2.566771653543307252e+02,nan,nan
1.638244274809160288e+02,2.569961832061068776e+02,nan,nan
1.637364620938628264e+02,2.571961492178098752e+02,nan,nan
1.637098765432098730e+02,2.576728395061728065e+02,nan,nan
1.624756554307116119e+02,2.590299625468164777e+02,3.930196078431372086e+01,2.701960784313725412e+02
1.615868187579214066e+02,2.596666666666666288e+02,nan,nan
1.610185922974767436e+02,2.603625498007967849e+02,nan,nan
1.605384615384615472e+02,2.606961538461538339e+02,nan,nan
1.594993849938499295e+02,2.613862238622385803e+02,3.880239520958083688e+01,2.716926147704590448e+02
1.583617283950617320e+02,2.618506172839505552e+02,3.893725490196078454e+01,2.716764705882353041e+02
1.578764940239043710e+02,2.619694555112881744e+02,nan,nan
1.568212927756653983e+02,2.625906210392902267e+02,nan,nan
1.559525691699604693e+02,2.628418972332015642e+02,nan,nan
1.556386768447837028e+02,2.629605597964376216e+02,nan,nan
1.543435504469987052e+02,2.634355044699871655e+02,nan,nan
1.531062992125984294e+02,2.637257217847769084e+02,nan,nan
1.515385674931129358e+02,2.642851239669421375e+02,nan,nan
1.513333333333333144e+02,2.642114137483787317e+02,nan,nan
1.505741444866920062e+02,2.645348542458808083e+02,nan,nan
1.494588086185044347e+02,2.647870722433460173e+02,3.977983539094650212e+01,2.715164609053497884e+02
1.474229691876750508e+02,2.651918767507002599e+02,nan,nan
1.470909090909090935e+02,2.652252964426877497e+02,nan,nan
1.459741602067183237e+02,2.654883720930232585e+02,3.937267080745341730e+01,2.712049689440993916e+02
1.453103448275862206e+02,2.656385696040867970e+02,3.937267080745341730e+01,2.712049689440993916e+02
1.441067708333333144e+02,2.659895833333333144e+02,nan,nan
1.430874316939890605e+02,2.663142076502732039e+02,3.968282828282828234e+01,2.707090909090908895e+02
1.423765432098765302e+02,2.664111111111110972e+02,nan,nan
1.409678714859437889e+02,2.667884872824631657e+02,nan,nan
1.399857881136950652e+02,2.671589147286821913e+02,nan,nan
1.395974358974358722e+02,2.673333333333333144e+02,3.998159509202454132e+01,2.699304703476482246e+02
1.383524173027989548e+02,2.675216284987276936e+02,4.013496932515337079e+01,2.695971370143149102e+02
1.377613488975356688e+02,2.676757457846951525e+02,nan,nan
1.369489144316730460e+02,2.678710089399744447e+02,4.037654320987654444e+01,2.695123456790123555e+02
1.362067183462532114e+02,2.680710594315245316e+02,4.037654320987654444e+01,2.695123456790123555e+02
1.358880308880308974e+02,2.682393822393822234e+02,4.037654320987654444e+01,2.695123456790123555e+02
1.335603448275862206e+02,2.686221264367815706e+02,3.981714285714285495e+01,2.688533333333332962e+02
1.333784153005464361e+02,2.685614754098360777e+02,4.028484848484848158e+01,2.688424242424242152e+02
1.323793584379358208e+02,2.681645746164574575e+02,4.034911242603550363e+01,2.687988165680473571e+02
1.315555555555555429e+02,2.679027777777777715e+02,4.032515337423313184e+01,2.688711656441717537e+02
1.306384408602150415e+02,2.677110215053763227e+02,4.022155688622754610e+01,2.688143712574850497e+02
1.291046831955922869e+02,2.672727272727272521e+02,4.021357285429141371e+01,2.684710578842315272e+02
1.289562841530054698e+02,2.672117486338797789e+02,nan,nan
1.285873655913978268e+02,2.671438172043010582e+02,nan,nan
1.278666666666666600e+02,2.667280000000000086e+02,4.098136645962733127e+01,2.676770186335403992e+02
1.272506459948320270e+02,2.666136950904392506e+02,4.142476190476190112e+01,2.666114285714285757e+02
1.259066666666666521e+02,2.660053333333333399e+02,4.178142076502732039e+01,2.648943533697631665e+02
1.249502688172042895e+02,2.655766129032257936e+02,4.221899224806201545e+01,2.635872093023255616e+02
1.246946564885496116e+02,2.653702290076336112e+02,4.258476190476190482e+01,2.625523809523809291e+02
1.240115830115830136e+02,2.649292149292148792e+02,4.292658730158729696e+01,2.614107142857142776e+02
1.232048346055979522e+02,2.645890585241730264e+02,4.326887661141804386e+01,2.603646408839779269e+02
1.219014844804318329e+02,2.637503373819163244e+02,4.353578732106339544e+01,2.597423312883435642e+02
1.216349206349206327e+02,2.635753968253968083e+02,4.385071574642126535e+01,2.590122699386503200e+02
1.215598958333333286e+02,2.635846354166666288e+02,nan,nan
1.206935897435897402e+02,2.628141025641025408e+02,nan,nan
1.200625000000000000e+02,2.623750000000000000e+02,4.458845437616387386e+01,2.580353817504655467e+02
1.193384223918574918e+02,2.618715012722645952e+02,4.479457364341084968e+01,2.569515503875969102e+02
1.186143039591315471e+02,2.612975734355044324e+02,4.527969348659003401e+01,2.566934865900382761e+02
1.179410256410256324e+02,2.603871794871794236e+02,4.523888888888888715e+01,2.562962962962962479e+02
1.178364779874213752e+02,2.604880503144653972e+02,4.544128787878787534e+01,2.561060606060605664e+02
1.173083645443196019e+02,2.596279650436953261e+02,4.590285714285714391e+01,2.556399999999999864e+02
1.163333333333333286e+02,2.585706447187928347e+02,4.593177387914229826e+01,2.549239766081871323e+02
1.161002604166666572e+02,2.582070312500000000e+02,4.627306967984934261e+01,2.549209039548022702e+02
1.155972738537794271e+02,2.574027261462205729e+02,4.659706959706959140e+01,2.545860805860805840e+02
1.152864197530864203e+02,2.572024691358024597e+02,4.708851224105460886e+01,2.535593220338982974e+02
1.145429292929292870e+02,2.561527777777777715e+02,nan,nan
1.140229885057471222e+02,2.551532567049808335e+02,4.760515873015872756e+01,2.518650793650793389e+02
1.137265917602996268e+02,2.544843945068664084e+02,4.815734989648032638e+01,2.518840579710144709e+02
1.131872659176029998e+02,2.537153558052434335e+02,4.927809523809523284e+01,2.521542857142857201e+02
1.128178438661710032e+02,2.531524163568773247e+02,5.117598343685299511e+01,2.514534161490683175e+02
1.124355231143552203e+02,2.528017031630170095e+02,5.243055555555555003e+01,2.512638888888888573e+02
1.117832080200501252e+02,2.512343358395989696e+02,5.347701149425287070e+01,2.510977011494252906e+02
1.113156565656565675e+02,2.505353535353535221e+02,5.438919925512104214e+01,2.511769087523277335e+02
1.109824561403508767e+02,2.498433583959899522e+02,5.542714570858282741e+01,2.511097804391217210e+02
1.106778190830235360e+02,2.492750929368029631e+02,5.572639691714835664e+01,2.516030828516377369e+02
1.103778580024067253e+02,2.486678700361010783e+02,5.594779116465862501e+01,2.518493975903614341e+02
1.092653594771241785e+02,2.464392156862745082e+02,5.690963855421686901e+01,2.517329317269076228e+02
1.090268199233716473e+02,2.462247765006385691e+02,5.691321499013805862e+01,2.522899408284023650e+02
1.089530864197530775e+02,2.458567901234567614e+02,5.735365853658536395e+01,2.522967479674796607e+02
1.082858974358974251e+02,2.446243589743589553e+02,5.745325203252031798e+01,2.526951219512195053e+02
1.080361757105943070e+02,2.442493540051679304e+02,5.796932515337423553e+01,2.527566462167688996e+02
1.073471698113207538e+02,2.427459119496855351e+02,5.747368421052631504e+01,2.535653021442495003e+02
1.072974358974358893e+02,2.426282051282051100e+02,5.801405622489959057e+01,2.538192771084337380e+02
1.069595959595959584e+02,2.420277777777777715e+02,5.780701754385965074e+01,2.539337231968810897e+02
1.065705128205128176e+02,2.410602564102564145e+02,nan,nan
1.066352941176470637e+02,2.411202614379084821e+02,5.777514792899408036e+01,2.545483234714003800e+02
1.056575163398692752e+02,2.387202614379084764e+02,nan,nan
1.055528781793841944e+02,2.383239625167335873e+02,5.722350674373795698e+01,2.554701348747591112e+02
1.055956072351421113e+02,2.379121447028423688e+02,5.730938123752494562e+01,2.558403193612774089e+02
1.054157160963244593e+02,2.375323193916349851e+02,5.684337349397590344e+01,2.564216867469879730e+02
1.049846743295019138e+02,2.359067688378032983e+02,5.683436853002069711e+01,2.570745341614907034e+02
1.047283950617283921e+02,2.342908093278463468e+02,nan,nan
1.044663923182441607e+02,2.334650205761316784e+02,5.662162162162162105e+01,2.598468468468468586e+02
1.043306666666666587e+02,2.327173333333333005e+02,5.686050724637680531e+01,2.614221014492753739e+02
1.042653333333333308e+02,2.324706666666666592e+02,5.721505376344086358e+01,2.625519713261648462e+02
1.040880758807587938e+02,2.314105691056910530e+02,5.762388591800355897e+01,2.635187165775400899e+02
1.039505208333333286e+02,2.304453125000000000e+02,5.831073446327683740e+01,2.646346516007532728e+02
1.038185483870967687e+02,2.299610215053763227e+02,5.867407407407407050e+01,2.657777777777777715e+02
1.037729083665338692e+02,2.287237715803452716e+02,5.880360360360359806e+01,2.663441441441441384e+02
1.037171314741035815e+02,2.280743691899070313e+02,5.925581395348837077e+01,2.670213178294573595e+02
1.034159999999999968e+02,2.263120000000000118e+02,5.961702127659574302e+01,2.677570921985815176e+02
1.033534482758620641e+02,2.251135057471264247e+02,6.006921675774134428e+01,2.684899817850637191e+02
1.031399176954732440e+02,2.244924554183813257e+02,6.042271880819366459e+01,2.690093109869645787e+02
1.031502732240437012e+02,2.236693989071038118e+02,6.007843137254901933e+01,2.691532976827094217e+02
1.030398406374501974e+02,2.229389110225763488e+02,6.092054263565890437e+01,2.700658914728682021e+02
1.029730769230769170e+02,2.226628205128205025e+02,6.100716845878135786e+01,2.705161290322580498e+02
1.029426229508196684e+02,2.212595628415300268e+02,6.132974910394264612e+01,2.708978494623655706e+02
1.029973009446693624e+02,2.203225371120107923e+02,6.176756756756756772e+01,2.716306306306306055e+02
1.028777348777348664e+02,2.199407979407979212e+02,6.176756756756756772e+01,2.716306306306306055e+02
1.027820025348542430e+02,2.190367553865652610e+02,6.242271880819366459e+01,2.723873370577280753e+02
1.027777777777777715e+02,2.185660130718954122e+02,6.243478260869564878e+01,2.726050724637680673e+02
1.027034013605442198e+02,2.179809523809523739e+02,6.285740740740740051e+01,2.731740740740740421e+02
1.024960937500000000e+02,2.168281250000000000e+02,6.295878136200715858e+01,2.735340501792114196e+02
1.025564304461942271e+02,2.162598425196850371e+02,6.302185792349726512e+01,2.736047358834243823e+02
1.025074224021592357e+02,2.151160593792172619e+02,6.423180076628351287e+01,2.745229885057471506e+02
1.024709851551956774e+02,2.142820512820512704e+02,6.433512544802866273e+01,2.747275985663082452e+02
1.022993197278911452e+02,2.131142857142857281e+02,6.433333333333332860e+01,2.751304347826086882e+02
1.021906721536351057e+02,2.123813443072702114e+02,6.503977272727273373e+01,2.756325757575757507e+02
1.021727395411605812e+02,2.118083670715249696e+02,6.515555555555555145e+01,2.757462962962962933e+02
1.021509186351705978e+02,2.111548556430446126e+02,6.534963768115940752e+01,2.760923913043478137e+02
1.020968992248062079e+02,2.105206718346253183e+02,6.525985663082437327e+01,2.760537634408602230e+02
1.018798283261802595e+02,2.089814020028612163e+02,6.648484848484848442e+01,2.768522727272727479e+02
1.016639344262295026e+02,2.087090163934426243e+02,6.697085610200363703e+01,2.772422586520946766e+02
1.015771725032425365e+02,2.079597924773021873e+02,6.697085610200363703e+01,2.772422586520946766e+02
1.015826446280991746e+02,2.076611570247933969e+02,6.714954954954954758e+01,2.774396396396396085e+02
1.014343434343434325e+02,2.065353535353535221e+02,6.714954954954954758e+01,2.774396396396396085e+02
1.013645390070921906e+02,2.056326241134751740e+02,6.844688644688643819e+01,2.782380952380951840e+02
1.013165969316596886e+02,2.054797768479776607e+02,6.880874316939890889e+01,2.783132969034608095e+02
1.009765840220385655e+02,2.047685950413223281e+02,6.896174863387977894e+01,2.786193078324225780e+02
1.008758434547908251e+02,2.044763832658569527e+02,6.899641577060931752e+01,2.787258064516129252e+02
1.009327846364883357e+02,2.037860082304526657e+02,6.976616915422886223e+01,2.792703150912105912e+02
1.008273092369477979e+02,2.029143239625167325e+02,7.025044091710758210e+01,2.795114638447971629e+02
1.009423868312757264e+02,2.020781893004115091e+02,7.067379679144384852e+01,2.795525846702316812e+02
1.010601092896174720e+02,2.011092896174863256e+02,7.115750915750915340e+01,2.798992673992673872e+02
1.009853333333333296e+02,2.011493333333333169e+02,7.143575418994413440e+01,2.801545623836126424e+02
1.012231520223151904e+02,1.995815899581589861e+02,7.156369982547992947e+01,2.803438045375218053e+02
1.015526315789473699e+02,1.983055555555555429e+02,7.167845117845116931e+01,2.804915824915824487e+02
1.017249999999999943e+02,1.981444444444444457e+02,7.203079710144926651e+01,2.806630434782608745e+02
1.016030428769017959e+02,1.981742738589211683e+02,7.239086294416243561e+01,2.807952622673434462e+02
1.018728246318607660e+02,1.970522088353413608e+02,7.266987179487179560e+01,2.807403846153846416e+02
1.021463414634146289e+02,1.964905149051490412e+02,7.302321724709784689e+01,2.808888888888888573e+02
1.028174962292609251e+02,1.946968325791855250e+02,7.375138121546960690e+01,2.814567219152854136e+02
1.025774853801169542e+02,1.948611111111110858e+02,7.408938547486033599e+01,2.814618249534450456e+02
1.026783625730994061e+02,1.946637426900584558e+02,7.398895027624308796e+01,2.813959484346224826e+02
1.026503703703703678e+02,1.944133333333333269e+02,7.451123595505617914e+01,2.817134831460674036e+02
1.028340136054421663e+02,1.942176870748299109e+02,7.459238095238094957e+01,2.816171428571428805e+02
1.032909356725146210e+02,1.929269005847953053e+02,7.516760828625234581e+01,2.818568738229755013e+02
1.033246753246753258e+02,1.926291486291486024e+02,7.552355072463767272e+01,2.819728260869565020e+02
1.033229629629629471e+02,1.924622222222222092e+02,7.538615664845173114e+01,2.818724954462659298e+02
1.037525473071324598e+02,1.917569141193595215e+02,7.551749539594842986e+01,2.819484346224677438e+02
1.038375706214689131e+02,1.916101694915254257e+02,7.561824953445065489e+01,2.819143389199255125e+02
1.040389610389610340e+02,1.910331890331890179e+02,7.569557823129251517e+01,2.816785714285714448e+02
1.042207602339181278e+02,1.906900584795321549e+02,7.578298611111110006e+01,2.817552083333333144e+02
1.042559774964838084e+02,1.904528832630098236e+02,7.569557823129251517e+01,2.816785714285714448e+02
1.044014184397163092e+02,1.901801418439715974e+02,7.578298611111110006e+01,2.817552083333333144e+02
1.042736111111110944e+02,1.903638888888888800e+02,7.637843137254901649e+01,2.817254901960783968e+02
1.043588709677419359e+02,1.904677419354838719e+02,7.639194139194138700e+01,2.815879120879121160e+02
1.042074966532797760e+02,1.907496653279785619e+02,7.665953654188948008e+01,2.816613190730837459e+02
1.043333333333333286e+02,1.906547144754315752e+02,7.642076502732240328e+01,2.814626593806921733e+02
1.052967479674796749e+02,1.901246612466124475e+02,7.642076502732240328e+01,2.814626593806921733e+02
1.052855245683930860e+02,1.902204515272244123e+02,7.642076502732240328e+01,2.814626593806921733e+02
1.058735632183907995e+02,1.899109195402298553e+02,7.739484126984126533e+01,2.816527777777777715e+02
1.062428160919540119e+02,1.898520114942528494e+02,7.728994082840236501e+01,2.816213017751479128e+02
1.065829787234042527e+02,1.900113475177304849e+02,7.728994082840236501e+01,2.816213017751479128e+02
1.061652661064425729e+02,1.900126050420168156e+02,7.728994082840236501e+01,2.816213017751479128e+02
1.068713692946058131e+02,1.900304287690179592e+02,7.728994082840236501e+01,2.816213017751479128e+02
1.075481171548117203e+02,1.901687587168758569e+02,7.748674242424242209e+01,2.814450757575757507e+02
1.074810126582278542e+02,1.904275668073136103e+02,7.793518518518517624e+01,2.815629629629629562e+02
1.071660231660231659e+02,1.907734877734877443e+02,7.793518518518517624e+01,2.815629629629629562e+02
1.072872628726287161e+02,1.908943089430894418e+02,7.798050682261208522e+01,2.815750487329434577e+02
1.068973384030418288e+02,1.910101394169835203e+02,7.804380952380951442e+01,2.816133333333332871e+02
1.079396433470507475e+02,1.916598079561042312e+02,7.815226337448559946e+01,2.813600823045267134e+02
1.079839357429718945e+02,1.919330655957161866e+02,7.852549019607842240e+01,2.813254901960784196e+02
1.081921568627450938e+02,1.922758169934640193e+02,7.852095808383234044e+01,2.812375249500997825e+02
1.078955026455026314e+02,1.921693121693121498e+02,7.823353293413173049e+01,2.808502994011976170e+02
1.081888466413181220e+02,1.926185044359949075e+02,7.842828282828281772e+01,2.802202020202020094e+02
1.085912208504800986e+02,1.929849108367626798e+02,7.920359281437126242e+01,2.789121756487025436e+02
1.086240601503759393e+02,1.932318295739348173e+02,7.923076923076922640e+01,2.778244575936883507e+02
1.087415730337078656e+02,1.935355805243445673e+02,7.974950690335305126e+01,2.769684418145956215e+02
1.090780423280423150e+02,1.940251322751322505e+02,8.003518518518518476e+01,2.766499999999999773e+02
1.092746666666666613e+02,1.941666666666666572e+02,8.076908752327746299e+01,2.754897579143388953e+02
1.099700520833333286e+02,1.948268229166666572e+02,8.146124031007751398e+01,2.745872093023255616e+02
1.102154626108998627e+02,1.952598225602027640e+02,8.166108007448788442e+01,2.739441340782123007e+02
1.103218829516539330e+02,1.954720101781170456e+02,8.216292134831461169e+01,2.733988764044943878e+02
1.102617283950617235e+02,1.956604938271604794e+02,8.232738095238094900e+01,2.727361111111110858e+02
1.107534591194968527e+02,1.961786163522012316e+02,8.238264299802760604e+01,2.725404339250492853e+02
1.111392235609102954e+02,1.964551539491298229e+02,8.272447013487474976e+01,2.712485549132948108e+02
1.114483204134366900e+02,1.970581395348837077e+02,8.198611111111111427e+01,2.708432539682539755e+02
1.117341115434500551e+02,1.974837872892347548e+02,8.154191033138401679e+01,2.696140350877192873e+02
1.116485084306095814e+02,1.976705577172503183e+02,8.124297188755019761e+01,2.680883534136546018e+02
1.119560723514211844e+02,1.980206718346253183e+02,8.100000000000000000e+01,2.675555555555555429e+02
1.117669172932330781e+02,1.979761904761904532e+02,8.099431818181818699e+01,2.661742424242424363e+02
1.124960629921259851e+02,1.985958005249343614e+02,8.090729783037474476e+01,2.648579881656804673e+02
1.132467700258397798e+02,1.994392764857880991e+02,8.066872427983538785e+01,2.641975308641975175e+02
1.135263835263835261e+02,1.997631917631917418e+02,8.055421686746987575e+01,2.632088353413654431e+02
1.140542635658914747e+02,2.004457364341085395e+02,8.028682170542634822e+01,2.628410852713178087e+02
1.145012722646310408e+02,2.008587786259541872e+02,7.992870905587668062e+01,2.620809248554913324e+02
1.154395161290322562e+02,2.013924731182795540e+02,8.004056437389770906e+01,2.612451499118165543e+02
1.160549019607843206e+02,2.018562091503267766e+02,7.998696461824953019e+01,2.609497206703910592e+02
1.172018970189701861e+02,2.024661246612465959e+02,7.978303747534515367e+01,2.605266272189348911e+02
1.182045152722443504e+02,2.030810092961487214e+02,7.981349206349206327e+01,2.595198412698412653e+02
1.190446194225721683e+02,2.034763779527559109e+02,7.969886363636364024e+01,2.590606060606060623e+02
1.199386973180076694e+02,2.040893997445721482e+02,7.979487179487178139e+01,2.585463510848126134e+02
1.209362549800796813e+02,2.046215139442230964e+02,7.977058823529411313e+01,2.586156862745098124e+02
1.219661458333333286e+02,2.050807291666666572e+02,7.969898989898989328e+01,2.583535353535353352e+02
1.223497942386831312e+02,2.054554183813442876e+02,7.978977272727273373e+01,2.575776515151515014e+02
1.230690104166666572e+02,2.057630208333333144e+02,7.981523809523808666e+01,2.567619047619047592e+02
1.237854406130268217e+02,2.060881226053639921e+02,7.976041666666667140e+01,2.563888888888888573e+02
1.244780876494023971e+02,2.065922974767596259e+02,7.970967741935483275e+01,2.561917562724014488e+02
1.260704607046070436e+02,2.072222222222222001e+02,7.984302325581394655e+01,2.555813953488372192e+02
1.266626666666666523e+02,2.075773333333333142e+02,7.984302325581394655e+01,2.555813953488372192e+02
1.272880658436213963e+02,2.078861454046638926e+02,7.992073170731707421e+01,2.545325203252032225e+02
1.282408163265306200e+02,2.083034013605441999e+02,7.991619047619046512e+01,2.540514285714285734e+02
1.295147849462365457e+02,2.088252688172042895e+02,7.983619047619046682e+01,2.540742857142857076e+02
1.305646258503401214e+02,2.093523809523809405e+02,7.984220907297829228e+01,2.537810650887574013e+02
1.317831325301204686e+02,2.097710843373494072e+02,7.986263736263735780e+01,2.532509157509157376e+02
1.323226666666666631e+02,2.101586666666666474e+02,7.985819521178636649e+01,2.523149171270718227e+02
1.330102564102564031e+02,2.103756410256410163e+02,7.977212806026365399e+01,2.519661016949152668e+02
1.339346666666666579e+02,2.108826666666666654e+02,7.959744990892531291e+01,2.513825136612021822e+02
1.357034013605442055e+02,2.114897959183673493e+02,7.962900188323916950e+01,2.508926553672316402e+02
1.360474254742547373e+02,2.116693766937669352e+02,7.968468468468468302e+01,2.505513513513513431e+02
1.368943758573387868e+02,2.121152263374485472e+02,nan,nan
1.374417989417989361e+02,2.122645502645502518e+02,8.004646464646464210e+01,2.487939393939393824e+02
1.387666666666666515e+02,2.127253333333333103e+02,7.988560157790927008e+01,2.489112426035503063e+02
1.395185185185185048e+02,2.130052910052909851e+02,7.998964803312628646e+01,2.483374741200827884e+02
1.405066666666666606e+02,2.133760000000000048e+02,8.030799220272903938e+01,2.478304093567251414e+02
1.416002710027100306e+02,2.138319783197831896e+02,8.050499001996007564e+01,2.473772455089820426e+02
1.423010335917312545e+02,2.140064599483204120e+02,8.073333333333333428e+01,2.473963963963963693e+02
1.428880208333333144e+02,2.143164062500000000e+02,8.082136279926335476e+01,2.472449355432780465e+02
1.431568627450980387e+02,2.144196078431372428e+02,8.136142322097377644e+01,2.461741573033707766e+02
1.442293333333333010e+02,2.148346666666666636e+02,8.152621722846441799e+01,2.459550561797752835e+02
1.454617486338797789e+02,2.153224043715846960e+02,8.158479532163742931e+01,2.455750487329434293e+02
1.465409604519773836e+02,2.158206214689265323e+02,8.190173410404624121e+01,2.452678227360308085e+02
1.468428961748633697e+02,2.158183060109289499e+02,8.196380952380951612e+01,2.452076190476190334e+02
1.473783783783783861e+02,2.159459459459459367e+02,8.217028985507245409e+01,2.448894927536231876e+02
1.474146981627296498e+02,2.161167979002624691e+02,8.267432950191570740e+01,2.443429118773946129e+02
1.484581618655692523e+02,2.164855967078189281e+02,8.316374269005848419e+01,2.438167641325536010e+02
1.493444444444444343e+02,2.168527777777777601e+02,8.341960784313724275e+01,2.434294117647058897e+02
1.500117647058823422e+02,2.171490196078431438e+02,8.384302325581394655e+01,2.430697674418604777e+02
1.500956072351420971e+02,2.170878552971576028e+02,8.410861423220973165e+01,2.428089887640449547e+02
1.506514575411913768e+02,2.173244613434727341e+02,8.413523809523809405e+01,2.427047619047618809e+02
1.520308880308880362e+02,2.179086229086229025e+02,8.469696969696968836e+01,2.421212121212120962e+02
1.532195767195767075e+02,2.186507936507936449e+02,nan,nan
1.536281094527363109e+02,2.190907960199004663e+02,8.695593869731800396e+01,2.427126436781609300e+02
1.543667953667953725e+02,2.196409266409266365e+02,8.792899408284023366e+01,2.428599605522682054e+02
1.549739776951672923e+02,2.202255266418835049e+02,8.991865079365078373e+01,2.425932539682539471e+02
1.557126436781609300e+02,2.209936143039591059e+02,9.068737060041407005e+01,2.429089026915113436e+02
1.564298941798941485e+02,2.216177248677248599e+02,9.118039215686273735e+01,2.433254901960783911e+02
1.570025157232704203e+02,2.220981132075471578e+02,9.137962962962961910e+01,2.435222222222222115e+02
1.577359999999999900e+02,2.228400000000000034e+02,nan,nan
1.581299871299871143e+02,2.231248391248390988e+02,9.323163841807910046e+01,2.437777777777777715e+02
1.588484848484848442e+02,2.238914141414141170e+02,9.385207100591715346e+01,2.439428007889545995e+02
1.591361323155216212e+02,2.243600508905852280e+02,9.439447731755423376e+01,2.439704142011834449e+02
1.591863517060367315e+02,2.243110236220472302e+02,9.484280303030301695e+01,2.439545454545454675e+02
1.598722002635045953e+02,2.252516469038208129e+02,9.516666666666665719e+01,2.444108527131782864e+02
1.603346354166666572e+02,2.257864583333333144e+02,9.563949275362317337e+01,2.443786231884057827e+02
1.609505703422053102e+02,2.265551330798479057e+02,9.610357815442560536e+01,2.446139359698681517e+02
1.612352201257861566e+02,2.270113207547169907e+02,9.656069364161849933e+01,2.447379576107899766e+02
1.613776932826362440e+02,2.272395437262357518e+02,9.706187624750498344e+01,2.447045908183632719e+02
1.620401002506265513e+02,2.280576441102756746e+02,9.706187624750498344e+01,2.447045908183632719e+02
1.624085603112840488e+02,2.285382619974059537e+02,9.785767790262170251e+01,2.450337078651685374e+02
1.627368421052631504e+02,2.289527665317138769e+02,9.821001926782273017e+01,2.452023121387283311e+02
1.632425421530479639e+02,2.298249027237354198e+02,9.851851851851850483e+01,2.452203703703703468e+02
1.634163372859024719e+02,2.298339920948616566e+02,9.860589318600366937e+01,2.451602209944751394e+02
1.636186868686868365e+02,2.300290404040403871e+02,9.879166666666665719e+01,2.451702898550724399e+02
1.637239185750636068e+02,2.305890585241729980e+02,9.940828402366864225e+01,2.451538461538461604e+02
1.645457102672292251e+02,2.317637130801687704e+02,1.001666666666666572e+02,2.452131782945736234e+02
1.647228915662650479e+02,2.318005354752342555e+02,1.002984496124030898e+02,2.453934108527131741e+02
1.647228915662650479e+02,2.318005354752342555e+02,1.002984496124030898e+02,2.453934108527131741e+02
1.651725955204215950e+02,2.323754940711462496e+02,1.010486891385767620e+02,2.453127340823969860e+02
1.655564005069708173e+02,2.330304182509505608e+02,1.013796296296296191e+02,2.453925925925925924e+02
1.663727891156462420e+02,2.343632653061224573e+02,1.025187376725838106e+02,2.452248520710059267e+02
1.665744400527009077e+02,2.344426877470355635e+02,1.028579881656804673e+02,2.452919132149901031e+02
1.668358974358974081e+02,2.348064102564102598e+02,1.031532567049808335e+02,2.454003831417624326e+02
1.670839793281653556e+02,2.352454780361756832e+02,1.034237288135593218e+02,2.454030131826741581e+02
1.674123847167325323e+02,2.359090909090909065e+02,1.033768939393939377e+02,2.454128787878787818e+02
1.676907630522088368e+02,2.364390896921017315e+02,1.041704980842911681e+02,2.455268199233716473e+02
1.680283400809716738e+02,2.367692307692307736e+02,1.048237547892720301e+02,2.453601532567049617e+02
1.679986449864498468e+02,2.367506775067750482e+02,1.051129943502824915e+02,2.452711864406779796e+02
1.686474622770918756e+02,2.376748971193415514e+02,1.047537037037036924e+02,2.453629629629629392e+02
1.688439153439153415e+02,2.375939153439153415e+02,1.053407821229050256e+02,2.453538175046554670e+02
1.693120849933598606e+02,2.387370517928286802e+02,1.057318840579710013e+02,2.452898550724637516e+02
1.699634146341463463e+02,2.398821138211382049e+02,1.060289855072463752e+02,2.453532608695652186e+02
1.698577075098814362e+02,2.397154150197628439e+02,1.062154696132596712e+02,2.453001841620625783e+02
1.701788617886178940e+02,2.401626016260162544e+02,1.065508021390374296e+02,2.452549019607843093e+02
1.707637795275590520e+02,2.409383202099737389e+02,1.072956685499058267e+02,2.451544256120527052e+02
1.707970430107526738e+02,2.411115591397849300e+02,1.073442622950819612e+02,2.452586520947176325e+02
1.712700922266139401e+02,2.418260869565217490e+02,1.081893939393939377e+02,2.452045454545454675e+02
1.716614173228346374e+02,2.423635170603674283e+02,1.081893939393939377e+02,2.452045454545454675e+02
1.719025641025640994e+02,2.425910256410256238e+02,1.080396825396825307e+02,2.453134920634920491e+02
1.724149933065595519e+02,2.435006693440428194e+02,1.087481481481481325e+02,2.452685185185185048e+02
1.729309895833333144e+02,2.442356770833333144e+02,1.092172284644194633e+02,2.451685393258426870e+02
1.734862745098039341e+02,2.450078431372548948e+02,1.098914285714285768e+02,2.450476190476190084e+02
1.736522309711286027e+02,2.453123359580052352e+02,1.098914285714285768e+02,2.450476190476190084e+02
1.738919270833333144e+02,2.456575520833333144e+02,1.105249042145593847e+02,2.448927203065133824e+02
1.750094086021505291e+02,2.472459677419354875e+02,1.105254901960784224e+02,2.450313725490195793e+02
1.753648834019204230e+02,2.473319615912208462e+02,1.113654618473895397e+02,2.449417670682730659e+02
1.754589743589743307e+02,2.473243589743589439e+02,nan,nan
1.764209150326797158e+02,2.478366013071895111e+02,nan,nan
1.773490196078431325e+02,2.482287581699346219e+02,1.118960784313725441e+02,2.449392156862745082e+02
1.786155913978494425e+02,2.488293010752688019e+02,1.119904761904761870e+02,2.448895238095238085e+02
1.792739541160593717e+02,2.489311740890688327e+02,1.131706827309236871e+02,2.446807228915662620e+02
1.799535519125682868e+02,2.492117486338797789e+02,1.136327345309381087e+02,2.446127744510977777e+02
1.806625683060109111e+02,2.493510928961748618e+02,1.137843137254901933e+02,2.446411764705882490e+02
1.817671033478893605e+02,2.495691411935953283e+02,1.139221556886227518e+02,2.446327345309381087e+02
1.826521739130434696e+02,2.497072463768115824e+02,1.139221556886227518e+02,2.446327345309381087e+02
1.831748633879781210e+02,2.497459016393442539e+02,1.151349206349206185e+02,2.442678571428571388e+02
1.840300429184549387e+02,2.497110157367667966e+02,1.152633744855966995e+02,2.443456790123456699e+02
1.846366120218578999e+02,2.496024590163934533e+02,1.152633744855966995e+02,2.443456790123456699e+02
1.852797101449275203e+02,2.492304347826086826e+02,1.163497942386831170e+02,2.442201646090534837e+02
1.860568783068782750e+02,2.489801587301587347e+02,1.167604790419161702e+02,2.441736526946107801e+02
1.868382559774964875e+02,2.485471167369901480e+02,1.171288343558282179e+02,2.439897750511247239e+02
1.876522988505746810e+02,2.481091954022988375e+02,1.175071574642126677e+02,2.440511247443762386e+02
1.877253218884120258e+02,2.481630901287553570e+02,1.175616161616161435e+02,2.440686868686868252e+02
1.878669410150891395e+02,2.480548696844992946e+02,1.182088353413654431e+02,2.440000000000000000e+02
1.883989703989703912e+02,2.476164736164735984e+02,1.185078431372548948e+02,2.439509803921568505e+02
1.898514056224899491e+02,2.465702811244979955e+02,1.188895027624309364e+02,2.436887661141804529e+02
1.902380952380952124e+02,2.464204081632653072e+02,1.192032520325203109e+02,2.438028455284552649e+02
1.903210884353741505e+02,2.462312925170068070e+02,1.195266272189349053e+02,2.437692307692307736e+02
1.908053333333333228e+02,2.461093333333333248e+02,1.202702169625246427e+02,2.437100591715976350e+02
1.911358974358974194e+02,2.455743589743589439e+02,1.207456647398843899e+02,2.436088631984585504e+02
1.926844262295082046e+02,2.441584699453551934e+02,1.209384920634920491e+02,2.436805555555555145e+02
1.929957805907172883e+02,2.440028129395217888e+02,1.216298449612403090e+02,2.436472868217053929e+02
1.928139223560910125e+02,2.440214190093707884e+02,1.217109826589595372e+02,2.436165703275529779e+02
1.934583333333333428e+02,2.430902777777777715e+02,1.223352601156069426e+02,2.436339113680153901e+02
1.938115330520393513e+02,2.421729957805907247e+02,1.227966101694915295e+02,2.436271186440677923e+02
1.941497797356828130e+02,2.414317180616740188e+02,1.231738241308793391e+02,2.436053169734151140e+02
1.945952380952380736e+02,2.408389355742296800e+02,nan,nan
1.945833333333333144e+02,2.407349726775956071e+02,1.253062015503875841e+02,2.455193798449612075e+02
1.949053672316383938e+02,2.396200564971751135e+02,1.259138576779026124e+02,2.461816479400748676e+02
1.950846994535519059e+02,2.396693989071038118e+02,1.272928176795580129e+02,2.469539594843461998e+02
1.954458333333333258e+02,2.383347222222222115e+02,1.282340425531915002e+02,2.474645390070921849e+02
1.956326241134751740e+02,2.381319148936170222e+02,1.286666666666666572e+02,2.479065934065934016e+02
1.957405857740585873e+02,2.381129707112970664e+02,1.296296296296296191e+02,2.487611111111111200e+02
1.958128415300546123e+02,2.368852459016393368e+02,1.302198581560283515e+02,2.493404255319148888e+02
1.957521008403361407e+02,2.369901960784313530e+02,1.308296296296296362e+02,2.498129629629629278e+02
1.955207439198855184e+02,2.368097281831187217e+02,1.319384057971014386e+02,2.504637681159420026e+02
1.953440428380187370e+02,2.363775100401606437e+02,1.323750000000000000e+02,2.509583333333333144e+02
1.951949934123846901e+02,2.362252964426877497e+02,1.332985347985348028e+02,2.516904761904761756e+02
1.954832663989290324e+02,2.364631860776438828e+02,1.339257246376811565e+02,2.521358695652174049e+02
1.950466926070039051e+02,2.359299610894941566e+02,1.349378531073446368e+02,2.528041431261769958e+02
1.946421768707482727e+02,2.352707482993197061e+02,1.349874551971325900e+02,2.529193548387096655e+02
1.945230352303522920e+02,2.350162601626016396e+02,1.360131086142322090e+02,2.538089887640449547e+02
1.944572158365261600e+02,2.348454661558109819e+02,1.364372759856630637e+02,2.540000000000000000e+02
1.944800514800514577e+02,2.348867438867438864e+02,1.372602495543671921e+02,2.547664884135472221e+02
1.936653439153438967e+02,2.340634920634920775e+02,1.376443298969072089e+02,2.550171821305841604e+02
1.929919354838709751e+02,2.333024193548387188e+02,1.392203065134099518e+02,2.559655172413793025e+02
1.935278858625162002e+02,2.338443579766536971e+02,1.397438794726930098e+02,2.563088512241054673e+02
1.926031746031746081e+02,2.331468253968253919e+02,1.404609523809523637e+02,2.569638095238095161e+02
1.924086845466155751e+02,2.330395913154533787e+02,1.406684491978609515e+02,2.572388591800356608e+02
1.916513409961685852e+02,2.324546615581098195e+02,1.413280701754385973e+02,2.576947368421052715e+02
1.914236387782204361e+02,2.323227091633466159e+02,1.428314393939393767e+02,2.585549242424242493e+02
1.909635220125786077e+02,2.321584905660377274e+02,1.432405303030302832e+02,2.590852272727272521e+02
1.904722222222222001e+02,2.318750000000000000e+02,1.444856630824372701e+02,2.599802867383512535e+02
1.894872824631860624e+02,2.314712182061579426e+02,1.450699815837937194e+02,2.604364640883977700e+02
1.889130998702983106e+02,2.311634241245136252e+02,1.459257246376811565e+02,2.607934782608695627e+02
1.883187250996016076e+02,2.309840637450199097e+02,1.466797020484171128e+02,2.614562383612662870e+02
1.877135207496653209e+02,2.307710843373494072e+02,1.476757246376811565e+02,2.622554347826086882e+02
1.871777777777777487e+02,2.306065359477124161e+02,1.481382978723404165e+02,2.628085106382978893e+02
1.866192358366271264e+02,2.303610013175230335e+02,1.487850637522768409e+02,2.631457194899817864e+02
1.860603674540682277e+02,2.301181102362204740e+02,1.492901554404145088e+02,2.634887737478410941e+02
1.843952180028129249e+02,2.296230661040787595e+02,1.510132575757575637e+02,2.647272727272727479e+02
1.845956072351420971e+02,2.297454780361756832e+02,1.514046345811051424e+02,2.651693404634580702e+02
1.839673469387755063e+02,2.295088435374149469e+02,1.522715355805243291e+02,2.658033707865168367e+02
1.826941015089163045e+02,2.291165980795610153e+02,1.530478927203064927e+02,2.663524904214559115e+02
1.814608233731739517e+02,2.286547144754315752e+02,1.537103825136612159e+02,2.666193078324225780e+02
1.804723404255319110e+02,2.283092198581560126e+02,1.547163904235727330e+02,2.671694290976058710e+02
1.801391184573002704e+02,2.282988980716253309e+02,1.556886446886446720e+02,2.678406593406593288e+02
1.799049429657794690e+02,2.282002534854245823e+02,1.563070175438596436e+02,2.683263157894737105e+02
1.788919270833333144e+02,2.277929687500000000e+02,1.566868131868131968e+02,2.685457875457875048e+02
1.777233201581027799e+02,2.274453227931488755e+02,1.583931159420289703e+02,2.692554347826086882e+02
1.770734693877550967e+02,2.272095238095238017e+02,1.589372759856630637e+02,2.695913978494623393e+02
1.760788113695090260e+02,2.268578811369508799e+02,1.603789682539682531e+02,2.704523809523809632e+02
1.753399470899470884e+02,2.266402116402116178e+02,1.608113553113552996e+02,2.705109890109890216e+02
1.746164021164020994e+02,2.264298941798941485e+02,1.620075757575757507e+02,2.712613636363636260e+02
1.741858974358974308e+02,2.262166666666666401e+02,1.630374531835205971e+02,2.715393258426966554e+02
1.730893333333333146e+02,2.260933333333333053e+02,1.642718808193668281e+02,2.720595903165735194e+02
1.722278645833333144e+02,2.258841145833333144e+02,1.653475935828876970e+02,2.725311942959001499e+02
1.715406824146981535e+02,2.258280839895012946e+02,1.663675675675675620e+02,2.731153153153152857e+02
1.712676399026763931e+02,2.257457420924573910e+02,1.674929078014184256e+02,2.734734042553191671e+02
1.692734693877551138e+02,2.250027210884353508e+02,1.689314285714285688e+02,2.740590476190475897e+02
1.689405684754521815e+02,2.249198966408268632e+02,1.698728323699421878e+02,2.742581888246627955e+02
1.678233731739707650e+02,2.245976095617529893e+02,1.712546816479400604e+02,2.750617977528090137e+02
1.674571805006587510e+02,2.247154150197628439e+02,1.722170542635658705e+02,2.753934108527131457e+02
1.667918263090676874e+02,2.246283524904214630e+02,1.735151515151515014e+02,2.754147727272727479e+02
1.656819923371647576e+02,2.241749680715197997e+02,1.752662721893491096e+02,2.757514792899408462e+02
1.651322957198443646e+02,2.239870298313877868e+02,1.767697974217311128e+02,2.762228360957642508e+02
1.638435374149659651e+02,2.236421768707482727e+02,1.775179487179487126e+02,2.764239316239315940e+02
1.632549800796812747e+02,2.236826029216467191e+02,1.793900343642611688e+02,2.769982817869415612e+02
1.625833333333333144e+02,2.234856770833333144e+02,1.811012891344382751e+02,2.772467771639041985e+02
1.613904761904761926e+02,2.233809523809523512e+02,1.825310077519379774e+02,2.773624031007751682e+02
1.603903133903133664e+02,2.233005698005697752e+02,1.836568047337278244e+02,2.777692307692307736e+02
1.597534435261707699e+02,2.233402203856749111e+02,1.845325670498084207e+02,2.779463601532567054e+02
1.587885862516212683e+02,2.233164721141374685e+02,1.855136612021858014e+02,2.781530054644808843e+02
1.582610899873257324e+02,2.233041825095056936e+02,1.861871657754010698e+02,2.781746880570410099e+02
1.570127226463104080e+02,2.233575063613231464e+02,1.871606217616580352e+02,2.784386873920552716e+02
1.557379134860050840e+02,2.235190839694656404e+02,1.886497175141242906e+02,2.788964218455743662e+02
1.553409378960709546e+02,2.235310519645120451e+02,1.892087912087912116e+02,2.790384615384615472e+02
1.534804687500000000e+02,2.238476562500000000e+02,1.899732620320855574e+02,2.791853832442067755e+02
1.529198966408268632e+02,2.237997416020671722e+02,1.906502732240437297e+02,2.792550091074680836e+02
1.519622395833333144e+02,2.240078125000000000e+02,1.909600000000000080e+02,2.793352380952380827e+02
1.503291139240506311e+02,2.242334739803094124e+02,1.919682539682539755e+02,2.795784832451498687e+02
1.499816272965879023e+02,2.242979002624671807e+02,1.926131907308377720e+02,2.796934046345810998e+02
1.498440860215053476e+02,2.242123655913978268e+02,1.929538461538461434e+02,2.799692307692307622e+02
1.490217948717948673e+02,2.244179487179487182e+02,1.940810810810810949e+02,2.806612612612612452e+02
1.480261437908496589e+02,2.246444444444444173e+02,1.946023391812865384e+02,2.806978557504872924e+02
1.471191432396251457e+02,2.247389558232931677e+02,1.955412186379928130e+02,2.809462365591397770e+02
1.459053497942386741e+02,2.250973936899862622e+02,1.963959484346224542e+02,2.811694290976058710e+02
1.454149377593361123e+02,2.252130013831258566e+02,1.969259259259259238e+02,2.811962962962962820e+02
1.450205761316872497e+02,2.252318244170095909e+02,1.976356589147286513e+02,2.816802325581395507e+02
1.445892116182572522e+02,2.251798063623789687e+02,1.981564245810055809e+02,2.818510242085660593e+02
1.437367668097281808e+02,2.253175965665236049e+02,1.989583333333333144e+02,2.821439393939393767e+02
1.430156862745098181e+02,2.255751633986928084e+02,1.987918968692449084e+02,2.820552486187845034e+02
1.428251572327043846e+02,2.255572327044025087e+02,1.992801418439716201e+02,2.822234042553191671e+02
1.417300944669365492e+02,2.258218623481781435e+02,2.002914285714285825e+02,2.825580952380952340e+02
1.412152230971128404e+02,2.258202099737532649e+02,2.007167630057803365e+02,2.827726396917148008e+02
1.408386243386243279e+02,2.259523809523809632e+02,2.012185792349726796e+02,2.829945355191256908e+02
1.401044176706827216e+02,2.260977242302543289e+02,2.015785440613026651e+02,2.828754789272030621e+02
1.392737127371273402e+02,2.263333333333333428e+02,2.026023391812865384e+02,2.831637426900584842e+02
1.385546448087431486e+02,2.265710382513661045e+02,2.026519337016574696e+02,2.831933701657458755e+02
1.380732026143790847e+02,2.265790849673202558e+02,2.031538461538461604e+02,2.834136752136752193e+02
1.371255060728744866e+02,2.266707152496626065e+02,2.036741996233521377e+02,2.836195856873823118e+02
1.369551020408163140e+02,2.268748299319727835e+02,2.041864406779660897e+02,2.835555555555555429e+02
1.357245179063360752e+02,2.271928374655647360e+02,2.043919413919413728e+02,2.837289377289376944e+02
1.357435897435897232e+02,2.270871794871794691e+02,2.055629629629629278e+02,2.839018518518518022e+02
1.350167958656330427e+02,2.272364341085271349e+02,2.055629629629629278e+02,2.839018518518518022e+02
1.331487603305785115e+02,2.276997245179063043e+02,nan,nan
1.330092592592592382e+02,2.276904761904762040e+02,2.071803921568627231e+02,2.844705882352941444e+02
1.326879999999999882e+02,2.277400000000000091e+02,2.074627450980391927e+02,2.844235294117647186e+02
1.320142671854734147e+02,2.278495460440985596e+02,2.074108527131782864e+02,2.844360465116279215e+02
1.316991869918699081e+02,2.280027100271002496e+02,2.084152046783625849e+02,2.845536062378167230e+02
1.306190476190476204e+02,2.281006802721088320e+02,2.087340823970037320e+02,2.847565543071161187e+02
1.305524568393094285e+02,2.280703851261620230e+02,2.092404371584699447e+02,2.848998178506375325e+02
1.301172595520421567e+02,2.282674571805006565e+02,2.100905587668593171e+02,2.853275529865125009e+02
1.296641318124207771e+02,2.282572877059569123e+02,2.106171428571428521e+02,2.852247619047618628e+02
1.293346253229973968e+02,2.283540051679586327e+02,2.106171428571428521e+02,2.852247619047618628e+02
1.284769874476987468e+02,2.286917712691771101e+02,2.114319526627218977e+02,2.853510848126232418e+02
1.276005509641873203e+02,2.288415977961432475e+02,2.117289377289377228e+02,2.855274725274725256e+02
1.276088154269972392e+02,2.287424242424242209e+02,2.116925925925925753e+02,2.855500000000000114e+02
1.269918699186991802e+02,2.288238482384823840e+02,2.124335260115607014e+02,2.850751445086705189e+02
1.269672131147541023e+02,2.289412568306010769e+02,2.134790419161676596e+02,2.846546906187624586e+02
1.258043184885290060e+02,2.291821862348178058e+02,2.143715846994535639e+02,2.844207650273224317e+02
1.250806878306878218e+02,2.293439153439153415e+02,2.151619047619047365e+02,2.843714285714285666e+02
1.241799163179916263e+02,2.294490934449093231e+02,2.153292929292929045e+02,2.843010101010100925e+02
1.238819444444444287e+02,2.291041666666666572e+02,2.166819923371647292e+02,2.835823754789271902e+02
1.231767068273092320e+02,2.288005354752342555e+02,2.176787878787878867e+02,2.831717171717171482e+02
1.224139784946236489e+02,2.284045698924730914e+02,2.181468253968253919e+02,2.828055555555555429e+02
1.221640211640211646e+02,2.284325396825396695e+02,2.184896421845574253e+02,2.828587570621468785e+02
1.215333333333333314e+02,2.279594771241829960e+02,2.194042145593869577e+02,2.826839080459770344e+02
1.211180285343709357e+02,2.277652399481193299e+02,2.202363636363636488e+02,2.821555555555555657e+02
1.204156378600822990e+02,2.274074074074074190e+02,2.211333333333333258e+02,2.817627450980392041e+02
1.199594771241829960e+02,2.270967320261437692e+02,2.216011560693641513e+02,2.815703275529864982e+02
1.195262467191600990e+02,2.268595800524934134e+02,2.220038314176244967e+02,2.813908045977011625e+02
1.196225680933852118e+02,2.268806744487678202e+02,2.223500931098696185e+02,2.813314711359403759e+02
1.193911439114391158e+02,2.266346863468634751e+02,2.226231884057970944e+02,2.810923913043478137e+02
1.187512820512820468e+02,2.263102564102564145e+02,2.237919075144508554e+02,2.806223506743737630e+02
1.181875000000000000e+02,2.255859375000000000e+02,2.244161958568737987e+02,2.802128060263653424e+02
1.177786774628879840e+02,2.252928475033737925e+02,2.246628352490421037e+02,2.800229885057471506e+02
1.174689480354879549e+02,2.248555133079847792e+02,2.249205426356588760e+02,2.799651162790697754e+02
1.171992187500000000e+02,2.247812500000000000e+02,2.252518518518518249e+02,2.797814814814814781e+02
1.169153439153439109e+02,2.242103174603174693e+02,2.259248554913294811e+02,2.793545279383429261e+02
1.167148594377510022e+02,2.236987951807228967e+02,2.262046783625731052e+02,2.791130604288498489e+02
1.163600562587904363e+02,2.225822784810126507e+02,2.267670250896057098e+02,2.789641577060931468e+02
1.161359084406294642e+02,2.220000000000000000e+02,2.270936329588014928e+02,2.789176029962546295e+02
1.160995850622406635e+02,2.216625172890732927e+02,2.277263969171483495e+02,2.786069364161849649e+02
1.160521262002743441e+02,2.213744855967078138e+02,2.281995884773662340e+02,2.783436213991769250e+02
1.159183955739972305e+02,2.202807745504840966e+02,2.288445692883894935e+02,2.777322097378277022e+02
1.158488700564971765e+02,2.193714689265536606e+02,2.291856060606060339e+02,2.775984848484848158e+02
1.159086956521739182e+02,2.194623188405796839e+02,2.293725490196078169e+02,2.774941176470588289e+02
1.157105263157894797e+02,2.182470760233917986e+02,2.299214559386972780e+02,2.771590038314176354e+02
1.156726190476190368e+02,2.180625000000000000e+02,2.306666666666666572e+02,2.768089668615984351e+02
1.157414965986394435e+02,2.173945578231292473e+02,2.306800000000000068e+02,2.765790476190475715e+02
1.157235449735449748e+02,2.181428571428571388e+02,2.311147540983606632e+02,2.763734061930783241e+02
1.158173690932311644e+02,2.173014048531289859e+02,2.313408239700374338e+02,2.762602996254681216e+02
1.158201058201058089e+02,2.162989417989417689e+02,2.316482504604051371e+02,2.759797421731122995e+02
1.158219544846050724e+02,2.157456492637215320e+02,2.325183246073298449e+02,2.757190226876090264e+02
1.159519774011299376e+02,2.146242937853107264e+02,2.335367231638417991e+02,2.748738229755178963e+02
1.160272108843537353e+02,2.146761904761904702e+02,2.342947976878612621e+02,2.743680154142581955e+02
1.160104986876640254e+02,2.145209973753280508e+02,2.344074074074073906e+02,2.743000000000000114e+02
1.162355371900826384e+02,2.134311294765840046e+02,2.350158730158730123e+02,2.739964726631392864e+02
1.162882513661202069e+02,2.126693989071038118e+02,2.360801457194899626e+02,2.731384335154826886e+02
1.165702479338843034e+02,2.117162534435261421e+02,2.365804597701149419e+02,2.724616858237547490e+02
1.164508196721311464e+02,2.121243169398906900e+02,2.374185606060605949e+02,2.717784090909090651e+02
1.165270655270655169e+02,2.118262108262107972e+02,2.374342857142857213e+02,2.717047619047618809e+02
1.169465541490857845e+02,2.096469760900140500e+02,2.383015873015872899e+02,2.707865961199294134e+02
1.168428961748633839e+02,2.096489071038251097e+02,2.385555555555555145e+02,2.701450094161958191e+02
1.170876494023904399e+02,2.088393094289508554e+02,2.385616942909760496e+02,2.689760589318599955e+02
1.172896174863387841e+02,2.078497267759562703e+02,2.389781746031745797e+02,2.676130952380952408e+02
1.176479885057471222e+02,2.066005747126436631e+02,2.392408477842003833e+02,2.667514450867051892e+02
1.178920377867746225e+02,2.054480431848852788e+02,2.392527472527472412e+02,2.664432234432234168e+02
1.179663865546218489e+02,2.047282913165265938e+02,2.398907721280602630e+02,2.648926553672316118e+02
1.182672292545710206e+02,2.035063291139240391e+02,2.404137931034482847e+02,2.639061302681992061e+02
1.182620967741935516e+02,2.035779569892472978e+02,2.407580952380952226e+02,2.630342857142857156e+02
1.187289855072463638e+02,2.020999999999999943e+02,2.411695906432748586e+02,2.615984405458089554e+02
1.188879056047197480e+02,2.008053097345132869e+02,2.412184557438794457e+02,2.612335216572504351e+02
1.188440860215053760e+02,2.009193548387096655e+02,2.412604735883424212e+02,2.612021857923497237e+02
1.192405228758169926e+02,1.991647058823529335e+02,2.418343434343434240e+02,2.594666666666666401e+02
1.193499308437067725e+02,1.986791147994467508e+02,2.418125000000000000e+02,2.590530303030302548e+02
1.194759945130315373e+02,1.980603566529492241e+02,2.418461538461538396e+02,2.585897435897435912e+02
1.197493112947658318e+02,1.966749311294765619e+02,2.421025641025640880e+02,2.577278106508875908e+02
1.197672176308539775e+02,1.960013774104683080e+02,2.421206896551724128e+02,2.569003831417624610e+02
1.200161290322580641e+02,1.950295698924730914e+02,2.422228682170542413e+02,2.557945736434108426e+02
1.202032520325203251e+02,1.939485094850948315e+02,2.422407407407407050e+02,2.553018518518518363e+02
1.203872752420470249e+02,1.934273858921161775e+02,2.422541436464088349e+02,2.548563535911602287e+02
1.205781466113416229e+02,1.917676348547717851e+02,2.422789855072463467e+02,2.543768115942028771e+02
1.207773109243697434e+02,1.910924369747899050e+02,2.424227642276422330e+02,2.533211382113821060e+02
1.207830459770114828e+02,1.898879310344827616e+02,2.420984848484848158e+02,2.526553030303030027e+02
1.210562770562770538e+02,1.889812409812409726e+02,2.414470134874758855e+02,2.522716763005780365e+02
1.211341991341991360e+02,1.877561327561327573e+02,2.410856102003642718e+02,2.516193078324225496e+02
1.212413793103448256e+02,1.875962643678160759e+02,2.405740740740740478e+02,2.509037037037036839e+02
1.212954876273653468e+02,1.866535662299854437e+02,2.403511586452762856e+02,2.506363636363636260e+02
1.213787878787878753e+02,1.853696969696969461e+02,2.399662698412698205e+02,2.496746031746031349e+02
1.213573333333333295e+02,1.858013333333333037e+02,2.397942857142857065e+02,2.491028571428571468e+02
1.215071895424836583e+02,1.847830065359476919e+02,2.396155303030302832e+02,2.488712121212120962e+02
1.214365079365079367e+02,1.842949735449735158e+02,2.396365348399246500e+02,2.486610169491525539e+02
1.216300813008130035e+02,1.826991869918699081e+02,2.394299242424242209e+02,2.480492424242424079e+02
1.216907801418439732e+02,1.813517730496453737e+02,2.390429447852760632e+02,2.474192229038854407e+02
1.218352490421455911e+02,1.812171136653895189e+02,2.389693486590038276e+02,2.471513409961685568e+02
1.217895424836601279e+02,1.804732026143790620e+02,2.388388278388278252e+02,2.469706959706959708e+02
1.217517146776405923e+02,1.792290809327846262e+02,2.387289377289377228e+02,2.467509157509157376e+02
1.217915057915057986e+02,1.781338481338481188e+02,2.385043630017451619e+02,2.464450261780104654e+02
1.220865800865800850e+02,1.759985569985569782e+02,2.382014652014651972e+02,2.457289377289377228e+02
1.220423728813559308e+02,1.757514124293785187e+02,2.380470809792843454e+02,2.451374764595103386e+02
1.220373443983402524e+02,1.753845089903180963e+02,2.380470809792843454e+02,2.451374764595103386e+02
1.221276595744680833e+02,1.743560283687943127e+02,2.378704761904761540e+02,2.448114285714285643e+02
1.221950207468879626e+02,1.730982019363761992e+02,2.378704761904761540e+02,2.448114285714285643e+02
1.222295321637426895e+02,1.719619883040935520e+02,2.373395061728394921e+02,2.439053497942386741e+02
1.222478260869565219e+02,1.708623188405796895e+02,2.371369047619047592e+02,2.436170634920634654e+02
1.222372634643377012e+02,1.698719068413391540e+02,2.371369047619047592e+02,2.436170634920634654e+02
1.224819444444444372e+02,1.694263888888888800e+02,nan,nan
1.225239948119325391e+02,1.685901426718547214e+02,2.367803468208092568e+02,2.424643545279383261e+02
1.224323570432356973e+02,1.674965132496513149e+02,2.363333333333333144e+02,2.419079754601226853e+02
1.226681034482758577e+02,1.659885057471264247e+02,2.362570281124497740e+02,2.417730923694778937e+02
1.226120218579234944e+02,1.654631147540983704e+02,2.362015503875968818e+02,2.415678294573643257e+02
1.226358543417366889e+02,1.644369747899159790e+02,2.362015503875968818e+02,2.415678294573643257e+02
1.226820083682008402e+02,1.636889818688981677e+02,2.357827715355805083e+02,2.406441947565542989e+02
1.226721991701244860e+02,1.623928077455048253e+02,2.357037037037036953e+02,2.406625514403291959e+02
1.227959183673469425e+02,1.623292517006802598e+02,2.353482309124767085e+02,2.402346368715083713e+02
1.227831325301204828e+02,1.619263721552878224e+02,2.353117647058823536e+02,2.399549019607842979e+02
1.228931623931623989e+02,1.607279202279202082e+02,2.353117647058823536e+02,2.399549019607842979e+02
1.230066137566137456e+02,1.602301587301587347e+02,2.348333333333333428e+02,2.390870370370370210e+02
1.230066934404283643e+02,1.587817938420348014e+02,2.345370370370370381e+02,2.386399176954732297e+02
1.232524822695035454e+02,1.575390070921985739e+02,2.344244306418219139e+02,2.385859213250517428e+02
1.233663911845729899e+02,1.569242424242424079e+02,2.340814393939393767e+02,2.381856060606060339e+02
1.236261261261261239e+02,1.557027027027027088e+02,2.340562015503875841e+02,2.376259689922480618e+02
1.236291834002677348e+02,1.558500669344042819e+02,2.337538759689922472e+02,2.374069767441860392e+02
1.239075630252100808e+02,1.543823529411764639e+02,2.336590909090909065e+02,2.370492424242424079e+02
1.239159663865546150e+02,1.535434173669467555e+02,2.337411545623835991e+02,2.369720670391061503e+02
1.239986111111111029e+02,1.528430555555555372e+02,2.336722222222222172e+02,2.369185185185184821e+02
1.239330601092896131e+02,1.522226775956283973e+02,2.333591160220994425e+02,2.363204419889502788e+02
1.242521008403361407e+02,1.509803921568627345e+02,2.333591160220994425e+02,2.363204419889502788e+02
1.244666666666666686e+02,1.501416666666666799e+02,2.327390476190475965e+02,2.352704761904761597e+02
1.246104417670682665e+02,1.492998661311914361e+02,2.326516007532956394e+02,2.349039548022598751e+02
1.247053333333333285e+02,1.487560000000000002e+02,2.328296703296703356e+02,2.352454212454212268e+02
1.250592286501377401e+02,1.473071625344352356e+02,2.326273408239700302e+02,2.347041198501872259e+02
1.251250000000000000e+02,1.467591145833333144e+02,2.326273408239700302e+02,2.347041198501872259e+02
1.255344827586206833e+02,1.452887931034482847e+02,2.320057142857142765e+02,2.337561904761904543e+02
1.262629310344827616e+02,1.444267241379310462e+02,2.318314606741573130e+02,2.334213483146067460e+02
1.262672292545710206e+02,1.441406469760899824e+02,2.318600368324125043e+02,2.331565377532228069e+02
1.268469945355191157e+02,1.431297814207650276e+02,2.317857142857142776e+02,2.331355311355311244e+02
1.272466124661246454e+02,1.423279132791327868e+02,2.316375227686702942e+02,2.329690346083788484e+02
1.276848739495798384e+02,1.414411764705882320e+02,2.307514792899408178e+02,2.326193293885601463e+02
1.279568151147098405e+02,1.409257759784075574e+02,2.298962962962962706e+02,2.331648148148148039e+02
1.283863945578231096e+02,1.402761904761904646e+02,2.292729044834307786e+02,2.334639376218323434e+02
1.288760000000000048e+02,1.394853333333333012e+02,2.290265848670756270e+02,2.334069529652351491e+02
1.292118758434547772e+02,1.388043184885289918e+02,2.280757575757575353e+02,2.334375000000000000e+02
1.297847222222222285e+02,1.378888888888888573e+02,2.275429141716566619e+02,2.333932135728542789e+02
1.304181034482758719e+02,1.371810344827586334e+02,2.270772357723577102e+02,2.336626016260162544e+02
1.309710144927536248e+02,1.365463768115942003e+02,2.262980392156862592e+02,2.337921568627450881e+02
1.312809917355371851e+02,1.360771349862258717e+02,2.257203703703703468e+02,2.338314814814814611e+02
1.314699453551912427e+02,1.358319672131147513e+02,2.249865900383141764e+02,2.338429118773946129e+02
1.324694444444444343e+02,1.347902777777777601e+02,2.244934086629001513e+02,2.337062146892655505e+02
1.326192468619246938e+02,1.345564853556485332e+02,2.243178294573643257e+02,2.337519379844960952e+02
1.328360881542699587e+02,1.341776859504132347e+02,2.234369114877589197e+02,2.336854990583804010e+02
1.333021680216801883e+02,1.336111111111110858e+02,2.232480620155038480e+02,2.336841085271317695e+02
1.335785907859078350e+02,1.333753387533875241e+02,2.227728937728937524e+02,2.336190476190475920e+02
1.344131652661064322e+02,1.325182072829131528e+02,2.220891472868216852e+02,2.336550387596899157e+02
1.346300984528832601e+02,1.322587904360056257e+02,2.217094972067039009e+02,2.336108007448789294e+02
1.345464480874316848e+02,1.319972677595628454e+02,2.217467411545623577e+02,2.337765363128491742e+02
1.352745901639344197e+02,1.315737704918032875e+02,2.212404371584699447e+02,2.338451730418943271e+02
1.356783398184176122e+02,1.313631647211413451e+02,2.210931899641576877e+02,2.340412186379928130e+02
1.363225371120107923e+02,1.305290148448043226e+02,2.202196078431372257e+02,2.340215686274509608e+02
1.370708333333333258e+02,1.300388888888888914e+02,2.198446969696969688e+02,2.339753787878787818e+02
1.369807956104252185e+02,1.300809327846364738e+02,2.197203065134099234e+02,2.339865900383141764e+02
1.374777327935222786e+02,1.295168690958164461e+02,2.193524904214559115e+02,2.340555555555555429e+02
1.378149659863945544e+02,1.292027210884353678e+02,2.187544910179640851e+02,2.340179640718562837e+02
1.383908496732026094e+02,1.285882352941176521e+02,2.181607843137254577e+02,2.341039215686274417e+02
1.388682476943346273e+02,1.283346508563899704e+02,2.181851851851851620e+02,2.341598440545808728e+02
1.393513888888888630e+02,1.279666666666666686e+02,2.181851851851851620e+02,2.341598440545808728e+02
1.396309012875536553e+02,1.278311874105865371e+02,2.174082840236686422e+02,2.344201183431952700e+02
1.403360433604335924e+02,1.272168021680216725e+02,2.173468208092485554e+02,2.343930635838150351e+02
1.412601969057665201e+02,1.266132208157524559e+02,2.159357429718875210e+02,2.345401606425702710e+02
1.413819163292847350e+02,1.262685560053981106e+02,2.158453815261043758e+02,2.345020080321284865e+02
1.419879518072289102e+02,1.259665327978580933e+02,2.155038759689922472e+02,2.345678294573643257e+02
1.425224489795918430e+02,1.256775510204081598e+02,2.154420289855072213e+02,2.351521739130434696e+02
1.434931693989070709e+02,1.248811475409836049e+02,2.151355932203389898e+02,2.359736346516007188e+02
1.440933333333333053e+02,1.244413333333333327e+02,2.145333333333333030e+02,2.374590476190475954e+02
1.443800259403372195e+02,1.243527885862516058e+02,2.137759259259259181e+02,2.388240740740740478e+02
1.449664082687338293e+02,1.237338501291989559e+02,2.130462427745664797e+02,2.399556840077071058e+02
1.453980463980463753e+02,1.234017094017093967e+02,2.122438095238095173e+02,2.410000000000000000e+02
1.465846153846153754e+02,1.226730769230769198e+02,2.118895238095238085e+02,2.419657142857142844e+02
1.476521739130434696e+02,1.218880105401844389e+02,2.114309392265193424e+02,2.429723756906077483e+02
1.483199464524765574e+02,1.214645247657295783e+02,2.110537037037036896e+02,2.437648148148147982e+02
1.492700258397932771e+02,1.206511627906976685e+02,2.106465863453815075e+02,2.443995983935742800e+02
1.495281045751633826e+02,1.205111111111111057e+02,2.092888888888888630e+02,2.457919191919191633e+02
1.506280566280566120e+02,1.195817245817245720e+02,2.091506024096385659e+02,2.460441767068272725e+02
1.514792503346720025e+02,1.188982597054886128e+02,2.083009523809523671e+02,2.466552380952380759e+02
1.520228494623655706e+02,1.184838709677419359e+02,2.081841620626150871e+02,2.468379373848987086e+02
1.526382113821138091e+02,1.180596205962059457e+02,2.080108695652174049e+02,2.469528985507245977e+02
1.533333333333333144e+02,1.173373819163292779e+02,2.075442561205272796e+02,2.471073446327683598e+02
1.538699186991869965e+02,1.169796747967479718e+02,2.069302325581395223e+02,2.477868217054263198e+02
1.547289234760051784e+02,1.161880674448767792e+02,2.064058823529411768e+02,2.483156862745098010e+02
1.550954198473282304e+02,1.158867684478371416e+02,2.055440613026819676e+02,2.488218390804597675e+02
1.563320158102766868e+02,1.146403162055335940e+02,2.054980842911877232e+02,2.485689655172413666e+02
1.567853535353535221e+02,1.143648989898989896e+02,2.050647058823529392e+02,2.484666666666666401e+02
1.570249687890137125e+02,1.140474406991260850e+02,2.044156862745097953e+02,2.486882352941176464e+02
1.583187250996016076e+02,1.126547144754316037e+02,nan,nan
1.587394179894179729e+02,1.121759259259259238e+02,2.037085828343313096e+02,2.491976047904191489e+02
1.590943152454780147e+02,1.117984496124031040e+02,2.032386831275719885e+02,2.492489711934155991e+02
1.598212005108556752e+02,1.107139208173690861e+02,2.029942196531791865e+02,2.490674373795760914e+02
1.604206349206349103e+02,1.096190476190476204e+02,2.025999999999999943e+02,2.490161616161616109e+02
1.608728923476004979e+02,1.086926070038910552e+02,2.022629399585921135e+02,2.491159420289855007e+02
1.614603174603174693e+02,1.076732804232804170e+02,2.020596707818929758e+02,2.491440329218106626e+02
1.620706214689265323e+02,1.064350282485875567e+02,2.013742331288343621e+02,2.487914110429447874e+02
1.624828042328042272e+02,1.054034391534391375e+02,2.001497005988023830e+02,2.483512974051895981e+02
1.629841897233201564e+02,1.043952569169960469e+02,nan,nan
1.634041994750656102e+02,1.033635170603674425e+02,nan,nan
1.635134099616858236e+02,1.029463601532567054e+02,1.978052208835341332e+02,2.477369477911646243e+02
1.640540184453227823e+02,1.013478260869565162e+02,1.964065040650406218e+02,2.478109756097560989e+02
1.642134387351778742e+02,1.007101449275362199e+02,1.964859437751003952e+02,2.477951807228915584e+02
1.646910569105691025e+02,9.976964769647696585e+01,nan,nan
1.649519774011299376e+02,9.848728813559321793e+01,nan,nan
1.650661268556005155e+02,9.758569500674762764e+01,1.925217391304347814e+02,2.483664596273291920e+02
1.654307909604519580e+02,9.705225988700564699e+01,1.917098039215686072e+02,2.485098039215686185e+02
1.654173333333333176e+02,9.656133333333332303e+01,1.902296747967479575e+02,2.485223577235772154e+02
1.657233201581027799e+02,9.548616600790514042e+01,1.895900383141762404e+02,2.485785440613026651e+02
1.658542510121457383e+02,9.492172739541159387e+01,1.885162601626016112e+02,2.489471544715446782e+02
1.659036144578313383e+02,9.432931726907629866e+01,nan,nan
1.659047619047618980e+02,9.363320463320462750e+01,1.863678861788617951e+02,2.493577235772357596e+02
1.656200274348422283e+02,9.224005486968449929e+01,nan,nan
1.657976190476190368e+02,9.200925925925925242e+01,1.841896207584830165e+02,2.495089820359281418e+02
1.655718050065875957e+02,9.115678524374175140e+01,1.828187134502923925e+02,2.497563352826510368e+02
1.654126344086021447e+02,9.034005376344084937e+01,1.822370370370370267e+02,2.498888888888888857e+02
1.653807692307692321e+02,8.992820512820512135e+01,1.818281786941580549e+02,2.498969072164948386e+02
1.653384418901659956e+02,8.949425287356321235e+01,1.803731060606060339e+02,2.499375000000000000e+02
1.650557717250324004e+02,8.826199740596626953e+01,1.805214152700186219e+02,2.499515828677839693e+02
1.647195767195767075e+02,8.747354497354497482e+01,nan,nan
1.644481897627964884e+02,8.679400749063670162e+01,1.775648702594810402e+02,2.505269461077844255e+02
1.639785353535353352e+02,8.591919191919191690e+01,1.763473895582329192e+02,2.506305220883533877e+02
1.640222222222222115e+02,8.563267973856208926e+01,nan,nan
1.637328244274809208e+02,8.510559796437658520e+01,1.750722891566265105e+02,2.506385542168674760e+02
1.634952380952380793e+02,8.446394557823128935e+01,nan,nan
1.632403100775193820e+02,8.386692506459947083e+01,nan,nan
1.631797752808988662e+02,8.376903870162296073e+01,nan,nan
1.624987179487179390e+02,8.254487179487178139e+01,1.699730848861283619e+02,2.513022774327122022e+02
1.626525641025640994e+02,8.261410256410255215e+01,1.694552380952380872e+02,2.513047619047618753e+02
1.619296875000000000e+02,8.163541666666665719e+01,nan,nan
1.616050314465408633e+02,8.103270440251571927e+01,1.671971544715447067e+02,2.515833333333333144e+02
1.612515723270440162e+02,8.042012578616352414e+01,1.667274401473296450e+02,2.515893186003683013e+02
1.609544895448954378e+02,7.991266912669125588e+01,1.652971887550200734e+02,2.516787148594377470e+02
1.605505050505050235e+02,7.916919191919191690e+01,1.645271317829457303e+02,2.515310077519379490e+02
1.599625000000000057e+02,7.837777777777776578e+01,nan,nan
1.596666666666666572e+02,7.788359788359787217e+01,1.623996101364522247e+02,2.513586744639376036e+02
1.594491634491634215e+02,7.734620334620333892e+01,nan,nan
1.589366286438529698e+02,7.682762991128009844e+01,nan,nan
1.587439797211660277e+02,7.660583016476552132e+01,1.598431372549019613e+02,2.513745098039215407e+02
1.586210392902407875e+02,7.633967046894802877e+01,1.592023121387283311e+02,2.510231213872832257e+02
1.580038167938931224e+02,7.535877862595420140e+01,1.574868913857677626e+02,2.504213483146067460e+02
1.579744572158365088e+02,7.516219667943805405e+01,1.564561403508772059e+02,2.501013645224171285e+02
1.577631578947368496e+02,7.475563909774436411e+01,1.551656804733727881e+02,2.499921104536489054e+02
1.575303593556381543e+02,7.452540272614621131e+01,1.548352059925093442e+02,2.500280898876404478e+02
1.567559055118110223e+02,7.360104986876639543e+01,1.535214723926380316e+02,2.498793456032719575e+02
1.564726562500000000e+02,7.314062500000000000e+01,1.531065088757396495e+02,2.498895463510847890e+02
1.563552123552123589e+02,7.298326898326897094e+01,1.521437125748502979e+02,2.501097804391217210e+02
1.561476014760147564e+02,7.273800738007379607e+01,1.519349593495934982e+02,2.500772357723577102e+02
1.558055555555555429e+02,7.223611111111110006e+01,1.513333333333333144e+02,2.501085271317829211e+02
1.550012300123001125e+02,7.139360393603935506e+01,1.502269076305220779e+02,2.500281124497991811e+02
1.549530864197530775e+02,7.117530864197530605e+01,1.500793650793650613e+02,2.500634920634920491e+02
1.545737913486004800e+02,7.081043256997455160e+01,1.493454545454545439e+02,2.502323232323232105e+02
1.538169934640522740e+02,7.007450980392157192e+01,1.489588477366255006e+02,2.504279835390946118e+02
1.532150943396226523e+02,6.949433962264150466e+01,1.487871485943774985e+02,2.505200803212851213e+02
1.526848958333333144e+02,6.897916666666665719e+01,1.480818713450292421e+02,2.505399610136451827e+02
1.522858974358974251e+02,6.860641025641024271e+01,1.478666666666666742e+02,2.505777777777777544e+02
1.519286592865928469e+02,6.803690036900368909e+01,1.477215686274509778e+02,2.506803921568627231e+02
1.509147286821705336e+02,6.728682170542636243e+01,1.474681647940074924e+02,2.508071161048688964e+02
1.507170542635658990e+02,6.709043927648578176e+01,1.471656686626746477e+02,2.514131736526946099e+02
1.492457516339869130e+02,6.593856209150325753e+01,nan,nan
1.489272486772486559e+02,6.588095238095237960e+01,1.460277777777777715e+02,2.516051587301587062e+02
1.488837209302325562e+02,6.562403100775193820e+01,1.460277777777777715e+02,2.516051587301587062e+02
1.485530586766541603e+02,6.526466916354556247e+01,1.456591760299625378e+02,2.515936329588014928e+02
1.473984674329501843e+02,6.478416347381863716e+01,1.454951830443159793e+02,2.516435452793834031e+02
1.465776081424936308e+02,6.439821882951653720e+01,1.440549019607843206e+02,2.520078431372548664e+02
1.458659147869674086e+02,6.423684210526316463e+01,1.443409523809523591e+02,2.521219047619047444e+02
1.449071038251366019e+02,6.371857923497267251e+01,1.442465483234713872e+02,2.521558185404338985e+02
1.441552706552706411e+02,6.356837606837606813e+01,1.445129740518961796e+02,2.523293413173652766e+02
1.434032921810699577e+02,6.327023319615911845e+01,nan,nan
1.428010973936899859e+02,6.307544581618655144e+01,nan,nan
1.421232166018158125e+02,6.297405966277560907e+01,nan,nan
1.413875338753387325e+02,6.284688346883468313e+01,1.419156626506023997e+02,2.523895582329317051e+02
1.407670682730923772e+02,6.280321285140562537e+01,1.419512195121951095e+02,2.523638211382113639e+02
1.405545454545454618e+02,6.236969696969696741e+01,1.403898989898989953e+02,2.522282828282828007e+02
1.395147492625368670e+02,6.226548672566372034e+01,nan,nan
1.386681350954478660e+02,6.232158590308370094e+01,1.390164609053497884e+02,2.521851851851851904e+02
1.379873417721518933e+02,6.233333333333333570e+01,1.391757575757575864e+02,2.523838383838383663e+02
1.378847736625514528e+02,6.215637860082304655e+01,1.381812865497076075e+02,2.525867446393761782e+02
1.377299077733860315e+02,6.224769433465085200e+01,nan,nan
1.372241379310344769e+02,6.196408045977010914e+01,nan,nan
1.367224546722454477e+02,6.195536959553695766e+01,1.362091097308488372e+02,2.536128364389233809e+02
1.364576719576719483e+02,6.199470899470899354e+01,1.353185185185185162e+02,2.537888888888888914e+02
1.357926509186351609e+02,6.198162729658792358e+01,1.353389830508474461e+02,2.541337099811675841e+02
1.350392953929539317e+02,6.209349593495934982e+01,1.333313609467455763e+02,2.549211045364891390e+02
1.342642276422764098e+02,6.234959349593496114e+01,1.323410852713178087e+02,2.557248062015503649e+02
1.339319999999999879e+02,6.247200000000000131e+01,1.316982248520710073e+02,2.562130177514792990e+02
1.333015267175572660e+02,6.279770992366412230e+01,1.307005988023952057e+02,2.568922155688622979e+02
1.328481338481338412e+02,6.290990990990990639e+01,1.296568047337278244e+02,2.578382642998027450e+02
1.322183908045977034e+02,6.345466155810982656e+01,1.280892857142857224e+02,2.589047619047619264e+02
1.311330698287220002e+02,6.386297760210803176e+01,1.267080745341614971e+02,2.596728778467908683e+02
1.307882352941176407e+02,6.428627450980391700e+01,1.254117647058823479e+02,2.605431372549019216e+02
1.303254593175852847e+02,6.446719160104986202e+01,1.249227871939736332e+02,2.612128060263653424e+02
1.298247011952191201e+02,6.504780876494024255e+01,1.236779026217228363e+02,2.618820224719100906e+02
1.297371794871794748e+02,6.484487179487177855e+01,1.221739926739926574e+02,2.627802197802197952e+02
1.285368139223560888e+02,6.589022757697455290e+01,1.210315581854043359e+02,2.631775147928993874e+02
1.285195312500000000e+02,6.590234375000000000e+01,1.204934823091247580e+02,2.639944134078212414e+02
1.282244094488189035e+02,6.617322834645669616e+01,1.188373015873015675e+02,2.647638888888888573e+02
1.276496062992125928e+02,6.674671916010497341e+01,1.184990990990990980e+02,2.650846846846846461e+02
1.273986928104575043e+02,6.701830065359476407e+01,1.175805860805860732e+02,2.656373626373626280e+02
1.269728997289972909e+02,6.728997289972899409e+01,1.158481262327416061e+02,2.666074950690335186e+02
1.264850843060959704e+02,6.786640726329441975e+01,1.152270270270270203e+02,2.670090090090089916e+02
1.259842519685039406e+02,6.848425196850394059e+01,1.142122905027932944e+02,2.676685288640595672e+02
1.254733333333333292e+02,6.908933333333332882e+01,1.130520231213872790e+02,2.683506743737957549e+02
1.252204515272244265e+02,6.914608233731738096e+01,1.128371647509578395e+02,2.685651340996168415e+02
1.246322314049586737e+02,7.003305785123967553e+01,1.119186991869918586e+02,2.693963414634146147e+02
1.240315500685870944e+02,7.089163237311385046e+01,1.108960784313725441e+02,2.697254901960783968e+02
1.238360215053763369e+02,7.132258064516129537e+01,1.106627906976744242e+02,2.699457364341085395e+02
1.237024265644955250e+02,7.134099616858237880e+01,1.095144508670520196e+02,2.707456647398843756e+02
1.230717948717948644e+02,7.217435897435896663e+01,1.087948717948717814e+02,2.710177514792899274e+02
1.225765027322404279e+02,7.318306010928961314e+01,1.077431372549019528e+02,2.714882352941176578e+02
1.221997354497354422e+02,7.371957671957672176e+01,1.074291187739463425e+02,2.720019157088122483e+02
1.220103359173126591e+02,7.460981912144701766e+01,nan,nan
1.217578231292516904e+02,7.517959183673468715e+01,nan,nan
1.212821637426900594e+02,7.654239766081870755e+01,1.034646464646464494e+02,2.750202020202019639e+02
1.210454545454545467e+02,7.734435261707989184e+01,nan,nan
1.207939914163090123e+02,7.793991416309012266e+01,nan,nan
1.206965986394557717e+02,7.859183673469387088e+01,1.034260355029585838e+02,2.753175542406311251e+02
1.203845144356955217e+02,7.947900262467190657e+01,1.035685071574641967e+02,2.750777096114519509e+02
1.201959183673469340e+02,8.007891156462584092e+01,1.037676767676767469e+02,2.744585858585858205e+02
1.199080459770114828e+02,8.096839080459768923e+01,nan,nan
1.197887931034482705e+02,8.153735632183907001e+01,1.032242424242424192e+02,2.735575757575757621e+02
1.195706214689265465e+02,8.211864406779660897e+01,1.027080745341614971e+02,2.735776397515527947e+02
1.193542538354253679e+02,8.359972105997209724e+01,1.016586345381525973e+02,2.732831325301204970e+02
1.193168724279835402e+02,8.387242798353909734e+01,1.012046783625731052e+02,2.730682261208576733e+02
1.192257217847768942e+02,8.381364829396324012e+01,1.003272727272727280e+02,2.726080808080807856e+02
1.190604838709677438e+02,8.510483870967742348e+01,1.001040462427745723e+02,2.725048169556839639e+02
1.188677462887989122e+02,8.613495276653171118e+01,9.967624521072795574e+01,2.725383141762451942e+02
1.186571815718157126e+02,8.669783197831976906e+01,9.921072796934863902e+01,2.724846743295018996e+02
1.184421768707482983e+02,8.710748299319728005e+01,nan,nan
1.183050847457627128e+02,8.752542372881356414e+01,9.793939393939393767e+01,2.717803030303030027e+02
1.181856540084388172e+02,8.830942334739802391e+01,9.721893491124259867e+01,2.715266272189348911e+02
1.182103825136612016e+02,8.929508196721312174e+01,9.721893491124259867e+01,2.715266272189348911e+02
1.179197278911564553e+02,9.025034013605441885e+01,9.695808383233533334e+01,2.715209580838323404e+02
1.178196078431372484e+02,9.071111111111110858e+01,9.655992509363294118e+01,2.713670411985018518e+02
1.176342780026990482e+02,9.197300944669365208e+01,9.587242798353908313e+01,2.708971193415637799e+02
1.175486111111111001e+02,9.262500000000000000e+01,9.587398373983738509e+01,2.706727642276422330e+02
1.173086956521739097e+02,9.395652173913043725e+01,nan,nan
1.172203389830508513e+02,9.473728813559321793e+01,9.512757201646090266e+01,2.701522633744855852e+02
1.169794419970631338e+02,9.593098384728340022e+01,9.525203252032520140e+01,2.701747967479674912e+02
1.168758716875871642e+02,9.644072524407252445e+01,9.433333333333332860e+01,2.700682730923694521e+02
1.167374631268436502e+02,9.753982300884955237e+01,9.432369942196531554e+01,2.699210019267822531e+02
1.166106194690265454e+02,9.900884955752212591e+01,9.434285714285714164e+01,2.698933333333333167e+02
1.163914373088684897e+02,1.001651376146788976e+02,9.409714285714285609e+01,2.699257142857142640e+02
1.164202279202279158e+02,1.003846153846153868e+02,9.311776447105788179e+01,2.693892215568862412e+02
1.163014608233731622e+02,1.012363877822045168e+02,9.250857142857142890e+01,2.693600000000000136e+02
1.162345679012345698e+02,1.019972565157750353e+02,9.228654970760233311e+01,2.693255360623781485e+02
1.160767195767195687e+02,1.028399470899470742e+02,9.241040462427746149e+01,2.693506743737957549e+02
1.160981182795698885e+02,1.033776881720429941e+02,9.196481481481480103e+01,2.690925925925925526e+02
1.159360544217687021e+02,1.048217687074829882e+02,9.177966101694914869e+01,2.690640301318267120e+02
1.157624831309041724e+02,1.055155195681511486e+02,9.120338983050847048e+01,2.688983050847457434e+02
1.155786666666666633e+02,1.063026666666666529e+02,9.108703703703702104e+01,2.689925925925925867e+02
1.154448818897637778e+02,1.068740157480314963e+02,9.092737430167598234e+01,2.689795158286777905e+02
1.153895582329317335e+02,1.077603748326639845e+02,9.013409961685823646e+01,2.687567049808429260e+02
1.153703703703703667e+02,1.080145502645502518e+02,9.026893939393939092e+01,2.687765151515151274e+02
1.151554677206851096e+02,1.093583662714097358e+02,8.864182194616977029e+01,2.682877846790889862e+02
1.149638242894056788e+02,1.102480620155038764e+02,8.837218813905930404e+01,2.682310838445807804e+02
1.148448043184885137e+02,1.110418353576248194e+02,8.830452674897118470e+01,2.682160493827160508e+02
1.147233748271092679e+02,1.114121715076071837e+02,8.812449799196787126e+01,2.678052208835341048e+02
1.146405797101449195e+02,1.130942028985507193e+02,8.789980732177264144e+01,2.666589595375722297e+02
1.145699855699855618e+02,1.135743145743145703e+02,8.747513812154696211e+01,2.653848987108655706e+02
1.144008264462809876e+02,1.147672176308539775e+02,8.763687150837988327e+01,2.646666666666666288e+02
1.143063063063062970e+02,1.157271557271557185e+02,8.717028985507245409e+01,2.638442028985506909e+02
1.140968188105117491e+02,1.174163208852005482e+02,8.668978805394989706e+01,2.627822736030828423e+02
1.140027210884353650e+02,1.183115646258503375e+02,8.635555555555555429e+01,2.619037037037036839e+02
1.138696236559139692e+02,1.195188172043010724e+02,8.604924242424242209e+01,2.610094696969696884e+02
1.139000000000000057e+02,1.217521739130434781e+02,8.586948853615520250e+01,2.604514991181657706e+02
1.137969696969696969e+02,1.231727272727272720e+02,8.566285714285714903e+01,2.597638095238095275e+02
1.137729257641921379e+02,1.244061135371179034e+02,8.505038759689922756e+01,2.583779069767442138e+02
1.136909871244635184e+02,1.247696709585121511e+02,8.506358381502890609e+01,2.582736030828515936e+02
1.137284482758620641e+02,1.267140804597701020e+02,8.474476190476190141e+01,2.569504761904761381e+02
1.137526395173454006e+02,1.281644042232277343e+02,8.463553113553113860e+01,2.564065934065934016e+02
1.135766526019690446e+02,1.281870604781997258e+02,8.450925925925925242e+01,2.558259259259259011e+02
1.137571839080459597e+02,1.302959770114942444e+02,8.448087431693988947e+01,2.556448087431693921e+02
1.136624649859943901e+02,1.315028011204481686e+02,8.417753623188404788e+01,2.545905797101449082e+02
1.138070175438596436e+02,1.331491228070175339e+02,8.384031936127743734e+01,2.535189620758482931e+02
1.138097281831187360e+02,1.337181688125893970e+02,8.404406130268198183e+01,2.529731800766283243e+02
1.137537537537537418e+02,1.350180180180180116e+02,8.381414141414140317e+01,2.525393939393939320e+02
1.137489539748954002e+02,1.361436541143654040e+02,8.378637200736648083e+01,2.516629834254143532e+02
1.137150537634408494e+02,1.367446236559139550e+02,8.347047619047617673e+01,2.507695238095238039e+02
1.140031897926634628e+02,1.395470494417862710e+02,8.311594202898550066e+01,2.496273291925465969e+02
1.138790560471976363e+02,1.400147492625368670e+02,8.302312138728323987e+01,2.490751445086705189e+02
1.138942028985507164e+02,1.404956521739130437e+02,8.294219653179190743e+01,2.485472061657032725e+02
1.140138888888888857e+02,1.416944444444444571e+02,8.290857142857143458e+01,2.483542857142857088e+02
1.141285500747383992e+02,1.428071748878923870e+02,8.254945054945055460e+01,2.474926739926739856e+02
1.141267806267806151e+02,1.434102564102564088e+02,8.237924151696606145e+01,2.470239520958083972e+02
1.143519379844961179e+02,1.453953488372092977e+02,8.227680311890837572e+01,2.463469785575048547e+02
1.142872023809523796e+02,1.459375000000000000e+02,8.222417153996100581e+01,2.460467836257309955e+02
1.143393393393393325e+02,1.468018018018018154e+02,8.214234234234233156e+01,2.454486486486486569e+02
1.143675595238095184e+02,1.477857142857142776e+02,8.193229166666667140e+01,2.450399305555555429e+02
1.143183060109289499e+02,1.480942622950819612e+02,8.165517241379311031e+01,2.440785440613026651e+02
1.145730994152046662e+02,1.493669590643274887e+02,8.136648250460405052e+01,2.431233885819520992e+02
1.145799701046337731e+02,1.500014947683108915e+02,8.150946969696968836e+01,2.430833333333333144e+02
1.146036036036036023e+02,1.507057057057056966e+02,8.150946969696968836e+01,2.430833333333333144e+02
1.148288690476190368e+02,1.516875000000000000e+02,8.119962335216571603e+01,2.419322033898305051e+02
1.149626307922271877e+02,1.528400597907324254e+02,8.111487758945385451e+01,2.412881355932203462e+02
1.151120567375886452e+02,1.535276595744680890e+02,8.071264367816091578e+01,2.408199233716474907e+02
1.155150273224043644e+02,1.542021857923496952e+02,8.080539499036608220e+01,2.408901734104046284e+02
1.157720685111989383e+02,1.551198945981554402e+02,8.086924493554326432e+01,2.410773480662983559e+02
1.165708502024291562e+02,1.563967611336032348e+02,8.068342644320297552e+01,2.404022346368714977e+02
1.167308743169398895e+02,1.571994535519125691e+02,8.033333333333332860e+01,2.396374269005847850e+02
1.170593792172739427e+02,1.580445344129554712e+02,8.019678714859436752e+01,2.387610441767068039e+02
1.174281949934123759e+02,1.588484848484848442e+02,8.020528455284552649e+01,2.387418699186991660e+02
1.179677871148459332e+02,1.597927170868347275e+02,8.017624521072796995e+01,2.386206896551724128e+02
1.182086614173228298e+02,1.602637795275590520e+02,8.017624521072796995e+01,2.386206896551724128e+02
1.185782312925170032e+02,1.610503401360544160e+02,nan,nan
1.188005464480874309e+02,1.618142076502732039e+02,7.962235067437379143e+01,2.374894026974951657e+02
1.194485094850948457e+02,1.624471544715447067e+02,7.956454720616569887e+01,2.373988439306358487e+02
1.196997354497354422e+02,1.631732804232804028e+02,7.956976744186046346e+01,2.374457364341085110e+02
1.203841145833333286e+02,1.640598958333333144e+02,7.956454720616569887e+01,2.373988439306358487e+02
1.205478927203065069e+02,1.643716475095785370e+02,nan,nan
1.210897959183673436e+02,1.652285714285714278e+02,7.923062015503874989e+01,2.364864341085271064e+02
1.218666666666666600e+02,1.662564102564102484e+02,nan,nan
1.223504611330698140e+02,1.667246376811594075e+02,7.914583333333332860e+01,2.363049242424242209e+02
1.230963855421686759e+02,1.677710843373494072e+02,7.914176245210727245e+01,2.362394636015325489e+02
1.233443526170798918e+02,1.682451790633608653e+02,7.844578313253012425e+01,2.351064257028112365e+02
1.237363387978141986e+02,1.686803278688524586e+02,7.833528265107212007e+01,2.354327485380117082e+02
1.240799001248439311e+02,1.691722846441947468e+02,7.831992337164750495e+01,2.352068965517241281e+02
1.255367454068241386e+02,1.706076115485564060e+02,7.838547486033519363e+01,2.350837988826815774e+02
1.257438867438867334e+02,1.707953667953667889e+02,7.833898305084746028e+01,2.350282485875706300e+02
1.264487678339818331e+02,1.717146562905317637e+02,7.789668615984405164e+01,2.344502923976608315e+02
1.272658730158730123e+02,1.725423280423280232e+02,7.779819819819819315e+01,2.343945945945945937e+02
1.276234096692111706e+02,1.728040712468193192e+02,7.759195402298850297e+01,2.341532567049808335e+02
1.280470588235294258e+02,1.734039215686274531e+02,7.755813953488372192e+01,2.341550387596899157e+02
1.285687022900763452e+02,1.740000000000000000e+02,7.743469785575048547e+01,2.337426900584795249e+02
1.294763779527559109e+02,1.748858267716535408e+02,7.713953488372092693e+01,2.330949612403100559e+02
1.299880478087649465e+02,1.752217795484727674e+02,7.691111111111109722e+01,2.328303030303030425e+02
1.304335937500000000e+02,1.758554687500000000e+02,7.681325301204819311e+01,2.327851405622489551e+02
1.310785070785070729e+02,1.764002574002574022e+02,7.681325301204819311e+01,2.327851405622489551e+02
1.321208499335989188e+02,1.772403718459495110e+02,7.662111801242235742e+01,2.320745341614906749e+02
1.320952380952380736e+02,1.773132832080200387e+02,7.645857418111752679e+01,2.314797687861271811e+02
1.333425196850393775e+02,1.783228346456693032e+02,nan,nan
1.333572377158034499e+02,1.782563081009296013e+02,7.605797101449275033e+01,2.308695652173913118e+02
1.340765239948119358e+02,1.790285343709468009e+02,7.648240165631469267e+01,2.299130434782608745e+02
1.352280000000000086e+02,1.800360000000000014e+02,nan,nan
1.362319444444444230e+02,1.805444444444444230e+02,7.740562248995983907e+01,2.284779116465863069e+02
1.364702842377260765e+02,1.811692506459948220e+02,7.761646586345381138e+01,2.278393574297188593e+02
1.367135614702154669e+02,1.814461343472750059e+02,7.782950191570880349e+01,2.273084291187739439e+02
1.374283903675538454e+02,1.819670468948035307e+02,7.801694915254236662e+01,2.265310734463276958e+02
1.374037184594953374e+02,1.819070385126161966e+02,7.815606936416185135e+01,2.258940269749518279e+02
1.382289972899728809e+02,1.827398373983739930e+02,nan,nan
1.387923076923077019e+02,1.831923076923076792e+02,7.900000000000000000e+01,2.242947154471544309e+02
1.391477124183006424e+02,1.835934640522875725e+02,7.899191919191919453e+01,2.235939393939393938e+02
1.395386565272496853e+02,1.839062103929023806e+02,7.903909465020575453e+01,2.229465020576131451e+02
1.400242424242424022e+02,1.843430303030302753e+02,7.917690875232774772e+01,2.223184357541899487e+02
1.411385767790262094e+02,1.852684144818976222e+02,7.965269461077843971e+01,2.214031936127744302e+02
1.419604743083004053e+02,1.859314888010540017e+02,7.973983739837397877e+01,2.208272357723577102e+02
1.421439688715953196e+02,1.863035019455252836e+02,7.989880952380951840e+01,2.200515873015872899e+02
1.425213032581453660e+02,1.867130325814536320e+02,7.995833333333332860e+01,2.192063492063491879e+02
1.430553505535055479e+02,1.872718327183271754e+02,7.999797979797979508e+01,2.182626262626262417e+02
1.444358974358974308e+02,1.887192982456140271e+02,8.015294117647059124e+01,2.178627450980391984e+02
1.448313878080414838e+02,1.890233463035019383e+02,8.025490196078430927e+01,2.172568627450980330e+02
1.458301158301158296e+02,1.902393822393822518e+02,8.026070763500931093e+01,2.166703910614525057e+02
1.460481770833333144e+02,1.906158854166666572e+02,8.028468468468467734e+01,2.161423423423423174e+02
1.467044270833333144e+02,1.913776041666666572e+02,8.023703703703702672e+01,2.162870370370370097e+02
1.476460746460746236e+02,1.925894465894465668e+02,nan,nan
1.478964646464646364e+02,1.930416666666666572e+02,8.103434343434342679e+01,2.135292929292928932e+02
1.487273901808785297e+02,1.943410852713178372e+02,8.101190476190475920e+01,2.133194444444444287e+02
1.490768277571251588e+02,1.947719950433705094e+02,8.118750000000000000e+01,2.121477272727272805e+02
1.497317397078353167e+02,1.958193891102257567e+02,8.127743271221531529e+01,2.114513457556935805e+02
1.503659863945578081e+02,1.967755102040816269e+02,8.143512974051895981e+01,2.103013972055887848e+02
1.504769230769230717e+02,1.972897435897435798e+02,8.153564547206165969e+01,2.101329479768786257e+02
1.513770491803278730e+02,1.988224043715846960e+02,8.153606237816764235e+01,2.103450292397660917e+02
1.518514056224899491e+02,1.998875502008032186e+02,8.167254901960784252e+01,2.090549019607842922e+02
1.522052287581699090e+02,2.004928104575163275e+02,8.171322160148974945e+01,2.085195530726257118e+02
1.525940337224383825e+02,2.012749675745784543e+02,nan,nan
1.533320463320463318e+02,2.027593307593307372e+02,nan,nan
1.536457564575645733e+02,2.034981549815498170e+02,8.170370370370370949e+01,2.065781893004115091e+02
1.539002525252525118e+02,2.040883838383838338e+02,nan,nan
1.547994791666666572e+02,2.057486979166666572e+02,nan,nan
1.552186234817813784e+02,2.067813765182186216e+02,8.154471544715445930e+01,2.045569105691056677e+02
1.555918367346938851e+02,2.077918367346938737e+02,8.149506903353056941e+01,2.041005917159763214e+02
1.557708333333333144e+02,2.081017156862745026e+02,8.141764705882353326e+01,2.038392156862744855e+02
1.561882352941176464e+02,2.091307189542483513e+02,8.140588235294117680e+01,2.039921568627450768e+02
1.564586666666666588e+02,2.097826666666666711e+02,8.138039215686274019e+01,2.022901960784313360e+02
1.567583979328165356e+02,2.105452196382428838e+02,nan,nan
1.572901960784313644e+02,2.116052287581699147e+02,8.149704142011835017e+01,2.010710059171597663e+02
1.574864498644986384e+02,2.124186991869918586e+02,8.123092369477910779e+01,2.012248995983935345e+02
1.577986394557823076e+02,2.134040816326530603e+02,8.121965317919075744e+01,2.008342967244701072e+02
1.578532818532818567e+02,2.140270270270270316e+02,nan,nan
1.577858099062918313e+02,2.146345381526104461e+02,8.128600823045266566e+01,1.985637860082304371e+02
1.577948717948717672e+02,2.158542510121457383e+02,8.118304431599229076e+01,1.984566473988439270e+02
1.576894803548795778e+02,2.167122940430924984e+02,8.117068273092368713e+01,1.979477911646586108e+02
1.572532299741601776e+02,2.179741602067183237e+02,8.120881226053639068e+01,1.972720306513409696e+02
1.571795817958179384e+02,2.182804428044280485e+02,8.117635658914727514e+01,1.970387596899224718e+02
1.566550387596899157e+02,2.193772609819121158e+02,nan,nan
1.566894803548795778e+02,2.199277566539923896e+02,nan,nan
1.561761517615175876e+02,2.209281842818427890e+02,nan,nan
1.555467720685111885e+02,2.219196310935441261e+02,nan,nan
1.554539559014266956e+02,2.219844357976653555e+02,nan,nan
1.546871794871794918e+02,2.230141025641025578e+02,8.134516765285995632e+01,1.938757396449704231e+02
1.547937106918238896e+02,2.230654088050314385e+02,8.147928994082840859e+01,1.933964497041420145e+02
1.548169934640522740e+02,2.232653594771241785e+02,8.131764705882352473e+01,1.929490196078430984e+02
1.535283267457180330e+02,2.248168642951251570e+02,8.150609756097560421e+01,1.927642276422764098e+02
1.534114583333333144e+02,2.247031250000000000e+02,8.147058823529411598e+01,1.916313725490196020e+02
1.523293333333333237e+02,2.253173333333333233e+02,8.118787878787878753e+01,1.914909090909090992e+02
1.520149051490514864e+02,2.255284552845528481e+02,8.121696252465483212e+01,1.913609467455621314e+02
1.507021857923496952e+02,2.260000000000000000e+02,8.120654396728015456e+01,1.914703476482617361e+02
1.501388888888888573e+02,2.262125000000000057e+02,8.125465838509316541e+01,1.906252587991718315e+02
1.496129476584021916e+02,2.263044077134986196e+02,8.135196687370600444e+01,1.905341614906832319e+02
1.491610169491525539e+02,2.264011299435028093e+02,nan,nan
1.483360655737704974e+02,2.265983606557377072e+02,nan,nan
1.475253772290809309e+02,2.268299039780521298e+02,nan,nan
1.469544846050870035e+02,2.267911646586345285e+02,nan,nan
1.471759259259258954e+02,2.268187830687830626e+02,8.130101010101009251e+01,1.887757575757575808e+02
1.459855699855699811e+02,2.267489177489177621e+02,8.122352941176470154e+01,1.879372549019607845e+02
1.451793785310734393e+02,2.268262711864406640e+02,nan,nan
1.448846694796061740e+02,2.268973277074542807e+02,nan,nan
1.441954484605086861e+02,2.269330655957161866e+02,8.111500974658869723e+01,1.873274853801169684e+02
1.431755829903977997e+02,2.269437585733881804e+02,nan,nan
1.419475177304964575e+02,2.269546099290780035e+02,nan,nan
1.415367965367965439e+02,2.268455988455988290e+02,nan,nan
1.408973277074542807e+02,2.267552742616033754e+02,nan,nan
1.398691460055096343e+02,2.267892561983471182e+02,nan,nan
1.395609103078982400e+02,2.269062918340026727e+02,nan,nan
1.380211161387631762e+02,2.266817496229260769e+02,nan,nan
1.380641025641025692e+02,2.267250712250712184e+02,nan,nan
1.375798898071625160e+02,2.267644628099173474e+02,8.080368098159509316e+01,1.847484662576687242e+02
1.369166666666666572e+02,2.267271505376344010e+02,8.090797546012269947e+01,1.840981595092024463e+02
1.350655270655270499e+02,2.265113960113959877e+02,8.080452674897118470e+01,1.843292181069958815e+02
1.341476793248945114e+02,2.263502109704641327e+02,8.047619047619046739e+01,1.837246376811594075e+02
1.336013888888888914e+02,2.263000000000000114e+02,nan,nan
1.331548556430446126e+02,2.262047244094488292e+02,nan,nan
1.322480314960629926e+02,2.259724409448818960e+02,8.025656565656565533e+01,1.829333333333333371e+02
1.314692810457516146e+02,2.259045751633986754e+02,nan,nan
1.302277992277992382e+02,2.256705276705276617e+02,nan,nan
1.299477124183006538e+02,2.256169934640522570e+02,nan,nan
1.290850202429149931e+02,2.254170040485830100e+02,nan,nan
1.288425925925925810e+02,2.253492063492063551e+02,7.981818181818181301e+01,1.809575757575757677e+02
1.277686274509803894e+02,2.251777777777777487e+02,7.973809523809524080e+01,1.810376984126984041e+02
1.271813333333333276e+02,2.251040000000000134e+02,7.959238095238094957e+01,1.806114285714285757e+02
1.263743169398907042e+02,2.247568306010928723e+02,7.976591760299625378e+01,1.801535580524344482e+02
1.262057291666666572e+02,2.248203125000000000e+02,7.969461077844312058e+01,1.795349301397205579e+02
1.249455782312925010e+02,2.245863945578231267e+02,7.969461077844312058e+01,1.795349301397205579e+02
1.243648989898989754e+02,2.244318181818181870e+02,7.961788617886178088e+01,1.787642276422764098e+02
1.232660944206008651e+02,2.241630901287553570e+02,7.952579365079364493e+01,1.782182539682539471e+02
1.223225806451612954e+02,2.235887096774193594e+02,7.951479289940827755e+01,1.780591715976331386e+02
1.221499330655957181e+02,2.233560910307898268e+02,7.951479289940827755e+01,1.780591715976331386e+02
1.213126614987079961e+02,2.230594315245477901e+02,7.951479289940827755e+01,1.780591715976331386e+02
1.208743589743589695e+02,2.227333333333333201e+02,7.952642276422763246e+01,1.767235772357723533e+02
1.196083009079117971e+02,2.218313878080414838e+02,nan,nan
1.190826873385012874e+02,2.215232558139534831e+02,7.947443762781185228e+01,1.758343558282208505e+02
1.184479999999999933e+02,2.209360000000000070e+02,7.946987951807228967e+01,1.757670682730923488e+02
1.183630490956072236e+02,2.208294573643410956e+02,7.938716356107659067e+01,1.755031055900621197e+02
1.177234848484848442e+02,2.204507575757575637e+02,7.947023809523810201e+01,1.749603174603174409e+02
1.174843750000000000e+02,2.205611979166666572e+02,7.935108481262327018e+01,1.742485207100591822e+02
1.170213032581453518e+02,2.202243107769423602e+02,7.945454545454545325e+01,1.739469696969696884e+02
1.167010178117048298e+02,2.198180661577607964e+02,7.938658777120315335e+01,1.736627218934911241e+02
1.160343511450381726e+02,2.193524173027989548e+02,7.937924151696606145e+01,1.734391217564870260e+02
1.157041343669250608e+02,2.190943152454780147e+02,7.944779116465862501e+01,1.727791164658634386e+02
1.149360000000000070e+02,2.183959999999999866e+02,7.946913580246913966e+01,1.722510288065843440e+02
1.146916010498687513e+02,2.181233595800524654e+02,7.934911242603550363e+01,1.718658777120315619e+02
1.144732824427480864e+02,2.181030534351145036e+02,7.931021194605008873e+01,1.715664739884392986e+02
1.139960629921259851e+02,2.172585301837270322e+02,7.935897435897435059e+01,1.710769230769230660e+02
1.136902887139107605e+02,2.171561679790026176e+02,7.941477272727273373e+01,1.705946969696969688e+02
1.135243589743589752e+02,2.167820512820512704e+02,7.953692614770459102e+01,1.696467065868263546e+02
1.132149292149291995e+02,2.161389961389961343e+02,7.950602409638554491e+01,1.690763052208835120e+02
1.129362549800796813e+02,2.156640106241699755e+02,7.953692614770459102e+01,1.687904191616766525e+02
1.126534391534391375e+02,2.147711640211639974e+02,7.953692614770459102e+01,1.687904191616766525e+02
1.123970783532536473e+02,2.139880478087649465e+02,7.939411764705882035e+01,1.682156862745097783e+02
1.121841397849462254e+02,2.134986559139784958e+02,7.938445807770960982e+01,1.677423312883435642e+02
1.120924479166666572e+02,2.133294270833333144e+02,7.959839357429717666e+01,1.671606425702811123e+02
1.118679738562091472e+02,2.126745098039215804e+02,7.961932938856016051e+01,1.670295857988165551e+02
1.117231182795698885e+02,2.121344086021505291e+02,7.958382642998027734e+01,1.661242603550295769e+02
1.115455782312925095e+02,2.112884353741496568e+02,7.952519379844960667e+01,1.658294573643410672e+02
1.113022598870056470e+02,2.107203389830508513e+02,7.957843137254901933e+01,1.652705882352941273e+02
1.111506276150627599e+02,2.098061366806136618e+02,7.966078431372548607e+01,1.648823529411764639e+02
1.111283124128312352e+02,2.095341701534169943e+02,7.965868263473053901e+01,1.650259481037924161e+02
1.110769230769230802e+02,2.085573549257759680e+02,7.972121212121211897e+01,1.641474747474747460e+02
1.108925170068027057e+02,2.082312925170068070e+02,7.972121212121211897e+01,1.641474747474747460e+02
1.108188105117565669e+02,2.071396957123098161e+02,7.992369477911645959e+01,1.631485943775100225e+02
1.107206851119894537e+02,2.070895915678524375e+02,8.003201506591337022e+01,1.628305084745762770e+02
1.105978407557354757e+02,2.060755735492577401e+02,8.007751937984495783e+01,1.627170542635658705e+02
1.105613333333333230e+02,2.058880000000000052e+02,8.008143939393939092e+01,1.622310606060605949e+02
1.104102564102564088e+02,2.047749287749287532e+02,8.014772727272726627e+01,1.615719696969696884e+02
1.103956639566395665e+02,2.038834688346883297e+02,8.010416666666665719e+01,1.606628787878787818e+02
1.104468085106382915e+02,2.032326241134751683e+02,8.015456238361265662e+01,1.605418994413407745e+02
1.103361462728551174e+02,2.029465541490857845e+02,8.006439393939393767e+01,1.604053030303030312e+02
1.103432203389830448e+02,2.022711864406779796e+02,8.029540918163671392e+01,1.589101796407185532e+02
1.102768595041322328e+02,2.017451790633608653e+02,8.030828516377648896e+01,1.586242774566474054e+02
1.102446351931330497e+02,1.999127324749642298e+02,8.009959349593495403e+01,1.573841463414634063e+02
1.101373333333333306e+02,1.997653333333333023e+02,8.016564417177913526e+01,1.571124744376278102e+02
1.101765536723163734e+02,1.990141242937853008e+02,8.032758620689655515e+01,1.563735632183908137e+02
1.100363164721141374e+02,1.984500648508430629e+02,8.046003898635477469e+01,1.552495126705652808e+02
1.099438202247191043e+02,1.978901373283395628e+02,8.043879472693031119e+01,1.551487758945386020e+02
1.101426611796982087e+02,1.964348422496570663e+02,8.038697318007662318e+01,1.541877394636015310e+02
1.100621468926553632e+02,1.953573446327683314e+02,8.036625514403291959e+01,1.539218106995884625e+02
1.099678714859437747e+02,1.952730923694779221e+02,8.042914171656686051e+01,1.533293413173652766e+02
1.099921259842519703e+02,1.939212598425196745e+02,8.052436647173489348e+01,1.526959064327485294e+02
1.100164765525982205e+02,1.932344740177439633e+02,8.049053030303029743e+01,1.520492424242424079e+02
1.099021879021878902e+02,1.924620334620334461e+02,nan,nan
1.098998682476943287e+02,1.919130434782608745e+02,nan,nan
1.099510939510939522e+02,1.917477477477477521e+02,8.054491017964072341e+01,1.494071856287425248e+02
1.099718875502008046e+02,1.895368139223560888e+02,8.047563352826510652e+01,1.486549707602339083e+02
1.099644268774703590e+02,1.889235836627140941e+02,8.043469785575048547e+01,1.477076023391812782e+02
1.100025542784163406e+02,1.886321839080459881e+02,8.025423728813559876e+01,1.470056497175141317e+02
1.099745649263721390e+02,1.874618473895582440e+02,8.023679417122039581e+01,1.457941712204007274e+02
1.099816993464052217e+02,1.871869281045751450e+02,8.020786516853932824e+01,1.449775280898876417e+02
1.099727891156462505e+02,1.864231292517006580e+02,nan,nan
1.099041835357624848e+02,1.857395411605937738e+02,8.069547325102880109e+01,1.431810699588477291e+02
1.100152777777777686e+02,1.843222222222221944e+02,nan,nan
1.101168831168831161e+02,1.833636363636363740e+02,8.081237524950098816e+01,1.412455089820359149e+02
1.101279887482419042e+02,1.828002812939521675e+02,8.079917184265009666e+01,1.404534161490683175e+02
1.101061224489795904e+02,1.822884353741496568e+02,8.084418145956607304e+01,1.401301775147929050e+02
1.100379403794037927e+02,1.824728997289972767e+02,8.100813008130080561e+01,1.389105691056910530e+02
1.102560606060606005e+02,1.802454545454545496e+02,8.116564417177913526e+01,1.381124744376278102e+02
1.101765536723163734e+02,1.798432203389830590e+02,8.107361963190183474e+01,1.378302658486707628e+02
1.102086834733893426e+02,1.794887955182072687e+02,8.109467455621302179e+01,1.370828402366863941e+02
1.101499272197962114e+02,1.784294032023289560e+02,8.112524084778419819e+01,1.365433526011560730e+02
1.102347826086956530e+02,1.781188405797101098e+02,8.126930320150658815e+01,1.360338983050847332e+02
1.101687943262411267e+02,1.774879432624113349e+02,8.158720930232557578e+01,1.345445736434108426e+02
1.103170370370370250e+02,1.764874074074074031e+02,8.160344827586206407e+01,1.340632183908045931e+02
1.103101449275362285e+02,1.760869565217391255e+02,8.170526315789473415e+01,1.337771929824561141e+02
1.103002873563218316e+02,1.750186781609195066e+02,8.199629629629629335e+01,1.325537037037036896e+02
1.102448979591836746e+02,1.745006802721088377e+02,8.225904761904760676e+01,1.317580952380952226e+02
1.103119658119658055e+02,1.735740740740740478e+02,8.237957610789980833e+01,1.312658959537572230e+02
1.105058997050147411e+02,1.721120943952802236e+02,8.260227272727273373e+01,1.305151515151515014e+02
1.104790764790764683e+02,1.715007215007214825e+02,8.265555555555555145e+01,1.303240740740740762e+02
1.105475177304964376e+02,1.708836879432624016e+02,8.252327746741154613e+01,1.292197392923649772e+02
1.106026200873362484e+02,1.703216885007277881e+02,8.299800399201596690e+01,1.276706586826347376e+02
1.108146551724137936e+02,1.691954022988505528e+02,8.296296296296296191e+01,1.269766081871345023e+02
1.108097281831187360e+02,1.685092989985693634e+02,8.310299625468164209e+01,1.261104868913857473e+02
1.108940027894002753e+02,1.679316596931659546e+02,8.310271317829456450e+01,1.258643410852713060e+02
1.112649572649572605e+02,1.667150997150996830e+02,8.313780260707635250e+01,1.247262569832402193e+02
1.115724637681159379e+02,1.656942028985507136e+02,8.330674846625767316e+01,1.242924335378322951e+02
1.116838340486409038e+02,1.649313304721030136e+02,8.320571428571427930e+01,1.235885714285714272e+02
1.116887052341597695e+02,1.644242424242424079e+02,8.344444444444444287e+01,1.223621399176954583e+02
1.122768115942028828e+02,1.626347826086956445e+02,8.360642570281123653e+01,1.217449799196786984e+02
1.123957446808510667e+02,1.624113475177304906e+02,nan,nan
1.126518817204300973e+02,1.615819892473118102e+02,8.376422764227640982e+01,1.201666666666666572e+02
1.132436472346786189e+02,1.600328849028400384e+02,8.393574297188754940e+01,1.192309236947791078e+02
1.133780663780663787e+02,1.590562770562770538e+02,8.394666666666665833e+01,1.189771428571428515e+02
1.136696832579185497e+02,1.579728506787330389e+02,8.400724637681159379e+01,1.186485507246376727e+02
1.138573508005822390e+02,1.572183406113537103e+02,8.425479930191971789e+01,1.181413612565444993e+02
1.142188841201716798e+02,1.563905579399141743e+02,8.439691714836223468e+01,1.166184971098265919e+02
1.146414565826330403e+02,1.552787114845938277e+02,8.454890219560877540e+01,1.157465069860279243e+02
1.149126637554585102e+02,1.541790393013100413e+02,8.459629629629628766e+01,1.153185185185185162e+02
1.151221264367815991e+02,1.536336206896551744e+02,8.487108655616943054e+01,1.143204419889502788e+02
1.154643874643874568e+02,1.527179487179487296e+02,8.493727598566307790e+01,1.144211469534050138e+02
1.154978540772532227e+02,1.523204577968526223e+02,8.529999999999999716e+01,1.135980392156862564e+02
1.158851540616246467e+02,1.510476190476190368e+02,8.561111111111111427e+01,1.119685185185185077e+02
1.162877492877492784e+02,1.499800569800569576e+02,8.569763205828779462e+01,1.117540983606557319e+02
1.166904761904761898e+02,1.488333333333333144e+02,8.576842105263158089e+01,1.114280701754385916e+02
1.169070100143061524e+02,1.479241773962803848e+02,8.623170731707317316e+01,1.103638211382113639e+02
1.172094861660079061e+02,1.469209486166007821e+02,8.636952380952381247e+01,1.097161904761904623e+02
1.174149085794655321e+02,1.463417721518987378e+02,8.659770114942529062e+01,1.088352490421455911e+02
1.179120567375886424e+02,1.450595744680851169e+02,8.677117117117116152e+01,1.087135135135135187e+02
1.180264993026499241e+02,1.444560669456066933e+02,8.680357142857143060e+01,1.079960317460317327e+02
1.182092050209205070e+02,1.434602510460250926e+02,8.729651162790698038e+01,1.070581395348837219e+02
1.186220362622036220e+02,1.425313807531380803e+02,8.877777777777777146e+01,1.058888888888888715e+02
1.189945355191256766e+02,1.414071038251366019e+02,8.964522417153995093e+01,1.049902534113060426e+02
1.192357043235704310e+02,1.405983263598326403e+02,9.058674463937620658e+01,1.041208576998050575e+02
1.193646258503401327e+02,1.399306122448979579e+02,9.126315789473683537e+01,1.033625730994152008e+02
1.198305322128851458e+02,1.387366946778711281e+02,9.218582375478926849e+01,1.021417624521072725e+02
1.200933333333333337e+02,1.380053333333333114e+02,9.276493256262041598e+01,1.012119460500963299e+02
1.207132132132132085e+02,1.362462462462462440e+02,9.388362919132148932e+01,1.000118343195266277e+02
1.208560939794419937e+02,1.355947136563876541e+02,9.467244701348747071e+01,9.914450867052022431e+01
1.211129943502824773e+02,1.348785310734463110e+02,9.516472868217053360e+01,9.839728682170542129e+01
1.211344537815126046e+02,1.345182072829131528e+02,9.565134099616857100e+01,9.770689655172414234e+01
1.214977777777777845e+02,1.335511111111111120e+02,9.613859649122805706e+01,9.714736842105263293e+01
1.216768115942028885e+02,1.331405797101449195e+02,9.735969868173256714e+01,9.572693032015064318e+01
1.218415300546448066e+02,1.323620218579234802e+02,9.760233918128655262e+01,9.538401559454190703e+01
1.221896792189679104e+02,1.319860529986052882e+02,9.817399267399265739e+01,9.462271062271061339e+01
1.225659574468085111e+02,1.307914893617021335e+02,9.834767025089604431e+01,9.417921146953403877e+01
1.225358126721762915e+02,1.305592286501377259e+02,9.909280303030301695e+01,9.319886363636364024e+01
1.226792189679218978e+02,1.298912133891213330e+02,1.000251937984496067e+02,9.220542635658914321e+01
1.230094086021505291e+02,1.293360215053763511e+02,1.013580952380952311e+02,9.176761904761903565e+01
1.231448087431693921e+02,1.289685792349726796e+02,1.025030674846625800e+02,9.175051124744375386e+01
1.233094289508632073e+02,1.286586985391766120e+02,1.038127572016460789e+02,9.119753086419753174e+01
1.235121951219512226e+02,1.281422764227642404e+02,1.049734848484848442e+02,9.079924242424242209e+01
1.239364406779661039e+02,1.273968926553672247e+02,1.062041198501872543e+02,9.014981273408238849e+01
1.242683264177040030e+02,1.268907330567081573e+02,1.071566484517304048e+02,8.989617486338798358e+01
1.245238095238095184e+02,1.264378306878306830e+02,1.081122807017543863e+02,8.957719298245612549e+01
1.248440860215053760e+02,1.260174731182795682e+02,1.092813102119460353e+02,8.932755298651251508e+01
1.251233062330623227e+02,1.257655826558265488e+02,1.101980952380952203e+02,8.883047619047619037e+01
1.256531713900134974e+02,1.248717948717948616e+02,1.110635838150289061e+02,8.829287090558766238e+01
1.257560975609756042e+02,1.246463414634146289e+02,1.122952898550724541e+02,8.794021739130434412e+01
1.263711201079621986e+02,1.242294197031039005e+02,1.129186507936507837e+02,8.779761904761905100e+01
1.267398373983739788e+02,1.236504065040650460e+02,1.134581005586592113e+02,8.752700186219738043e+01
1.267827868852458977e+02,1.237909836065573757e+02,1.149364161849710939e+02,8.721772639691714346e+01
1.274132231404958731e+02,1.230578512396694180e+02,1.153976608187134474e+02,8.678947368421052033e+01
1.277154471544715477e+02,1.229065040650406502e+02,1.162552380952380844e+02,8.651999999999999602e+01
1.278191632928474917e+02,1.228272604588394046e+02,1.170778443113772482e+02,8.618962075848303073e+01
1.282173913043478137e+02,1.222911725955204076e+02,1.176039426523297493e+02,8.609139784946236773e+01
1.284427083333333144e+02,1.219700520833333286e+02,1.184272030651340941e+02,8.571072796934865323e+01
1.289784075573549273e+02,1.216167341430499249e+02,1.194720496894409933e+02,8.537267080745341730e+01
1.288650793650793673e+02,1.216865079365079367e+02,1.200542635658914605e+02,8.488372093023255616e+01
1.289118773946360079e+02,1.217471264367816133e+02,1.207225433526011500e+02,8.461464354527937815e+01
1.294074074074074190e+02,1.212290809327846262e+02,1.207719298245613970e+02,8.456530214424951453e+01
1.304902777777777771e+02,1.212125000000000057e+02,1.227105788423153570e+02,8.379840319361277068e+01
1.311440677966101589e+02,1.209731638418079029e+02,1.226479400749063586e+02,8.370224719101123867e+01
1.319797979797979792e+02,1.209062049062049056e+02,1.240873983739837314e+02,8.315243902439024737e+01
1.321217150760719221e+02,1.208838174273858925e+02,1.243540489642184355e+02,8.294538606403013148e+01
1.320574229691876553e+02,1.209103641456582494e+02,1.246298342541436455e+02,8.278821362799263284e+01
1.317487179487179390e+02,1.208871794871794805e+02,1.247222222222222143e+02,8.276628352490421037e+01
1.322755905511810965e+02,1.207650918635170569e+02,1.264078431372549005e+02,8.207647058823529562e+01
1.328958333333333428e+02,1.208166666666666629e+02,1.267980952380952289e+02,8.189333333333333087e+01
1.330462184873949525e+02,1.208361344537815114e+02,1.271747747747747752e+02,8.164684684684684157e+01
1.330546666666666624e+02,1.207759999999999962e+02,1.275847953216374293e+02,8.136647173489278373e+01
1.334260752688171863e+02,1.208723118279569775e+02,1.284615384615384528e+02,8.088954635108480318e+01
1.342463186077643797e+02,1.207804551539491200e+02,1.290037243947858201e+02,8.043761638733704444e+01
1.343214756258234388e+02,1.207931488801053916e+02,1.291560693641618514e+02,8.052986512524084617e+01
1.343214756258234388e+02,1.207918313570487499e+02,1.290957854406130139e+02,8.055363984674329458e+01
1.358681481481481512e+02,1.211244444444444497e+02,1.299549549549549283e+02,8.020180180180179264e+01
1.357500000000000000e+02,1.211749999999999972e+02,1.312344961240310113e+02,7.952325581395348308e+01
1.361394700139470046e+02,1.212761506276150669e+02,1.319113680154142401e+02,7.909441233140654504e+01
1.357024265644955108e+02,1.211353767560664068e+02,1.320602636534839860e+02,7.897928436911486472e+01
1.357024265644955108e+02,1.211353767560664068e+02,1.323609467455621314e+02,7.895069033530572256e+01
1.371813110181310833e+02,1.214937238493723868e+02,1.332085769980506598e+02,7.868615984405457198e+01
1.373044077134986196e+02,1.215619834710743845e+02,1.335018726591760299e+02,7.856741573033707482e+01
1.376517857142857224e+02,1.218556547619047450e+02,1.347252525252525004e+02,7.791111111111109722e+01
1.379736842105263293e+02,1.219546783625730910e+02,1.350734126984126817e+02,7.780158730158730407e+01
1.375294117647058840e+02,1.219103641456582494e+02,1.352827715355805083e+02,7.785393258426965701e+01
1.383333333333333144e+02,1.219972337482710856e+02,1.366962524654832123e+02,7.746351084812621934e+01
1.383333333333333144e+02,1.219972337482710856e+02,1.366685823754789340e+02,7.765325670498083355e+01
1.391823361823361722e+02,1.222051282051282044e+02,1.383333333333333428e+02,7.688686868686868081e+01
1.395486968449931169e+02,1.223017832647462200e+02,1.385019379844961236e+02,7.690116279069766847e+01
1.392507002801120279e+02,1.224859943977591001e+02,nan,nan
1.393834688346883297e+02,1.225067750677506666e+02,1.403868312757201409e+02,7.758024691358025393e+01
1.391284153005464361e+02,1.224781420765027207e+02,1.413121387283237027e+02,7.810019267822735856e+01
1.394115226337448519e+02,1.224705075445816078e+02,nan,nan
1.401054131054131062e+02,1.227250712250712184e+02,nan,nan
1.399902777777777771e+02,1.227319444444444372e+02,1.454044715447154488e+02,7.930081300813007772e+01
1.399637377963737492e+02,1.228172942817294171e+02,1.460000000000000000e+02,7.961283643892339512e+01
1.406736401673640273e+02,1.229483960948395946e+02,nan,nan
1.410254350736278184e+02,1.231285140562249012e+02,1.478363636363636431e+02,8.024040404040403018e+01
1.409381720430107521e+02,1.231088709677419359e+02,1.491814595660749490e+02,8.040039447731754763e+01
1.409426666666666677e+02,1.231533333333333218e+02,1.504042145593869577e+02,8.080651340996168130e+01
1.411707988980716095e+02,1.233319559228650064e+02,1.517916666666666572e+02,8.134325396825396126e+01
1.411763085399448983e+02,1.233498622589531521e+02,1.523352380952380827e+02,8.142285714285713993e+01
1.418469241773962608e+02,1.236537911301859793e+02,1.532774451097804445e+02,8.155489021956087470e+01
1.415580693815987843e+02,1.237254901960784252e+02,1.542781065088757373e+02,8.160946745562129934e+01
1.416910197869102035e+02,1.237458143074581329e+02,1.551530054644808843e+02,8.204918032786885362e+01
1.415580693815987843e+02,1.237254901960784252e+02,1.568875502008032186e+02,8.261646586345381138e+01
1.421172316384180760e+02,1.237711864406779654e+02,1.576871508379888382e+02,8.284543761638732917e+01
1.423055555555555429e+02,1.238757309941520361e+02,1.582901960784313644e+02,8.293725490196077033e+01
1.423069444444444400e+02,1.240652777777777658e+02,1.599027777777777715e+02,8.339285714285713880e+01
1.423069444444444400e+02,1.240652777777777658e+02,1.604784313725490108e+02,8.340588235294117680e+01
1.423069444444444400e+02,1.240652777777777658e+02,1.612811918063314636e+02,8.364990689013035308e+01
1.427041499330655654e+02,1.242021419009370788e+02,1.619608938547486048e+02,8.381005586592178247e+01
1.427242798353909450e+02,1.241591220850479971e+02,1.630150659133709894e+02,8.401694915254236662e+01
1.426693877551020364e+02,1.242829931972789126e+02,1.644274509803921376e+02,8.423529411764705799e+01
1.429688346883468739e+02,1.244783197831978185e+02,1.651868978805395045e+02,8.421001926782273017e+01
1.420377867746288700e+02,1.244291497975708438e+02,1.659001883239171207e+02,8.417325800376647749e+01
1.422830687830687566e+02,1.248915343915343783e+02,1.669903660886319869e+02,8.455491329479768581e+01
1.425623306233062237e+02,1.250406504065040707e+02,1.684570858283433097e+02,8.491816367265468557e+01
1.428367626886145274e+02,1.254266117969821579e+02,1.697222222222222001e+02,8.488122605363983553e+01
1.430542328042327824e+02,1.258743386243386198e+02,1.706742424242424079e+02,8.487121212121211045e+01
1.426974564926372011e+02,1.260508701472556794e+02,1.722845528455284523e+02,8.500609756097560421e+01
1.430709504685408149e+02,1.265528781793841944e+02,1.732741617357002042e+02,8.531163708086783970e+01
1.427219973009446505e+02,1.265762483130904172e+02,1.742403100775193820e+02,8.531201550387596910e+01
1.428573508005822248e+02,1.270771470160116365e+02,1.756374269005847850e+02,8.530994152046783086e+01
1.430564738292010816e+02,1.275371900826446279e+02,1.769551656920077960e+02,8.542105263157894512e+01
1.428874824191279629e+02,1.274781997187060369e+02,1.779808429118773745e+02,8.555555555555555713e+01
1.429560283687943070e+02,1.281659574468085054e+02,1.794787878787878697e+02,8.595151515151515298e+01
1.431021021021020942e+02,1.286021021021020942e+02,1.805088757396449637e+02,8.597435897435896379e+01
1.429115646258503318e+02,1.286204081632652958e+02,1.813745098039215407e+02,8.594901960784312678e+01
1.429462365591397770e+02,1.287405913978494425e+02,1.829003831417624326e+02,8.595593869731800396e+01
1.428617886178861909e+02,1.293875338753387609e+02,1.836934865900383045e+02,8.604406130268198183e+01
1.427845528455284523e+02,1.292859078590785771e+02,1.850247619047619025e+02,8.619619047619046626e+01
1.427670682730923772e+02,1.296305220883534162e+02,1.859004065040650175e+02,8.651422764227640982e+01
1.426530612244897895e+02,1.297482993197278915e+02,1.870396825396825307e+02,8.656746031746031633e+01
1.427901234567901270e+02,1.300301783264746120e+02,1.880503875968992133e+02,8.668217054263564592e+01
1.424974160206718068e+02,1.300994832041343443e+02,1.890441767068273009e+02,8.685140562248994911e+01
1.426314363143631283e+02,1.303197831978319812e+02,1.898187134502923925e+02,8.697270955165691930e+01
1.424778254649499161e+02,1.306351931330472098e+02,1.908353174603174409e+02,8.729761904761905100e+01
1.423137254901960773e+02,1.304775910364145659e+02,1.913389830508474461e+02,8.734274952919020052e+01
1.422970711297071205e+02,1.304783821478382038e+02,1.926085271317829211e+02,8.746124031007751398e+01
1.423862660944205913e+02,1.308769670958511995e+02,1.934561403508772059e+02,8.743274853801169400e+01
1.423508064516128968e+02,1.313494623655913927e+02,1.944556213017751531e+02,8.756213017751478844e+01
1.421273712737127255e+02,1.315555555555555429e+02,1.951788617886178656e+02,8.779471544715445930e+01
1.420853994490358048e+02,1.314944903581267113e+02,1.959760479041916028e+02,8.793812375249500235e+01
1.420868347338935394e+02,1.315700280112044709e+02,1.972269938650306642e+02,8.812065439672801404e+01
1.419248633879781210e+02,1.313838797814207453e+02,1.978617886178861625e+02,8.802439024390244526e+01
1.419920948616600924e+02,1.320750988142292499e+02,1.990000000000000000e+02,8.817165668662674705e+01
1.415256410256410220e+02,1.314564102564102370e+02,1.992921146953404730e+02,8.809498207885303600e+01
1.416784776902887018e+02,1.321561679790026176e+02,2.001628352490421037e+02,8.827586206896552312e+01
1.418005464480874025e+02,1.325560109289617401e+02,2.005457875457875332e+02,8.843406593406592719e+01
1.417818428184281743e+02,1.324051490514904970e+02,nan,nan
1.414836065573770441e+02,1.322855191256830381e+02,2.027097378277153155e+02,8.899625468164794029e+01
1.415798898071625160e+02,1.327258953168044116e+02,2.038019607843137067e+02,8.917058823529411882e+01
1.417228915662650479e+02,1.331124497991967814e+02,2.046705202312138852e+02,8.935067437379575495e+01
1.417103825136611874e+02,1.334002732240437012e+02,2.052260536398467252e+02,8.941954022988505812e+01
1.417103825136611874e+02,1.334002732240437012e+02,2.056040515653775174e+02,8.957274401473296166e+01
1.417330677290836718e+02,1.336626826029216204e+02,2.067935606060605949e+02,8.975000000000000000e+01
1.416847545219638107e+02,1.336304909560723502e+02,2.077039215686274360e+02,8.981764705882352473e+01
1.418000000000000114e+02,1.341653333333333080e+02,2.083240223463687073e+02,8.996461824953445330e+01
1.416537966537966327e+02,1.345032175032174848e+02,2.095101626016260070e+02,9.049796747967479860e+01
1.415840336134453707e+02,1.348179271708683302e+02,2.099686274509803638e+02,9.059019607843136157e+01
1.413020833333333144e+02,1.346354166666666572e+02,2.106531007751937636e+02,9.069961240310077244e+01
1.413789062500000000e+02,1.346627604166666572e+02,2.111479289940828323e+02,9.089151873767258394e+01
1.414967320261437749e+02,1.354248366013071632e+02,2.119379844961240167e+02,9.090891472868216283e+01
1.410702479338843034e+02,1.359283746556473602e+02,2.123907407407407106e+02,9.089444444444444571e+01
1.409826666666666597e+02,1.360320000000000107e+02,2.138402366863905399e+02,9.162524654832347437e+01
1.408463648834019182e+02,1.360192043895747531e+02,2.139980620155038480e+02,9.162984496124030898e+01
1.407066666666666492e+02,1.367359999999999900e+02,2.150857699805067966e+02,9.210331384015594836e+01
1.407016861219195789e+02,1.365693904020752143e+02,2.154941176470588289e+02,9.203725490196077885e+01
1.405134099616858236e+02,1.371660280970625649e+02,2.160584795321637444e+02,9.213840155945418076e+01
1.402639455782312723e+02,1.383727891156462420e+02,2.171169590643274887e+02,9.238011695906432408e+01
1.401141374837872604e+02,1.385616083009078920e+02,2.174491869918699081e+02,9.252032520325202825e+01
1.399742547425474015e+02,1.397032520325203393e+02,2.182479674796747702e+02,9.282317073170732158e+01
1.399414758269720096e+02,1.397328244274809208e+02,2.186766467065868369e+02,9.290818363273453429e+01
1.399908136482939653e+02,1.394908136482939653e+02,2.190793650793650613e+02,9.295436507936507553e+01
1.396354166666666572e+02,1.411471354166666572e+02,2.197341269841269593e+02,9.305555555555554292e+01
1.392405913978494425e+02,1.412661290322580783e+02,2.203616161616161548e+02,9.315555555555555145e+01
1.392196078431372541e+02,1.416444444444444173e+02,nan,nan
1.391697877652933641e+02,1.422484394506866181e+02,2.215628742514969929e+02,9.347105788423152717e+01
1.390436507936507837e+02,1.428928571428571388e+02,nan,nan
1.386523994811932425e+02,1.437937743190661593e+02,2.224035087719298360e+02,9.386159844054580503e+01
1.384950248756218798e+02,1.443582089552238870e+02,2.227341040462427770e+02,9.385741811175336125e+01
1.379937578027465577e+02,1.453782771535580594e+02,2.234196078431372143e+02,9.400000000000000000e+01
1.376864931846344291e+02,1.456418835192069423e+02,nan,nan
1.373860911270982967e+02,1.461019184652278113e+02,2.242484472049689543e+02,9.440786749482401774e+01
1.368880597014925513e+02,1.466791044776119293e+02,2.250392156862745026e+02,9.483529411764705230e+01
1.365963636363636340e+02,1.472266666666666595e+02,2.253293172690762844e+02,9.491566265060241392e+01
1.356767676767676676e+02,1.483320707070706987e+02,2.256440677966101589e+02,9.505461393596985431e+01
1.352819593787335748e+02,1.485029868578255616e+02,2.260293040293040008e+02,9.533516483516483220e+01
1.348537794299876111e+02,1.489306071871127415e+02,2.260546448087431770e+02,9.532969034608377967e+01
1.342765432098765359e+02,1.495382716049382452e+02,2.266924603174603021e+02,9.554761904761905100e+01
1.335318892900120034e+02,1.503225030084235812e+02,2.274963768115941889e+02,9.596195652173912549e+01
1.331283018867924568e+02,1.506553459119496665e+02,2.283508771929824661e+02,9.645419103313838605e+01
1.328788968824939900e+02,1.508932853717026319e+02,2.284836223506743522e+02,9.669942196531792433e+01
1.320102960102960026e+02,1.514774774774774642e+02,2.288234126984126817e+02,9.683730158730158166e+01
1.314130718954248209e+02,1.519464052287581524e+02,2.297584830339321229e+02,9.741716566866267613e+01
1.308366533864541736e+02,1.519043824701195149e+02,2.302466281310211684e+02,9.760693641618496486e+01
1.302183462532299529e+02,1.520594315245477901e+02,2.301944444444444287e+02,9.774404761904762040e+01
1.296324110671936864e+02,1.522542819499340965e+02,2.305600775193798029e+02,9.816860465116279499e+01
1.284247104247104119e+02,1.525894465894465668e+02,2.308121546961326089e+02,9.815653775322283536e+01
1.275207496653279691e+02,1.525917001338687840e+02,2.308121546961326089e+02,9.815653775322283536e+01
1.265163934426229559e+02,1.526434426229508290e+02,2.316176470588235361e+02,9.858431372549019045e+01
1.260733056708160404e+02,1.526417704011064984e+02,2.319851851851851450e+02,9.892222222222221717e+01
1.249107391910739153e+02,1.526652719665272002e+02,2.321575091575091392e+02,9.896703296703296360e+01
1.236208869814019948e+02,1.526723891273247489e+02,2.327376725838264235e+02,9.924654832347138722e+01
1.235349794238683074e+02,1.525486968449931169e+02,2.330534069981583798e+02,9.974953959484345489e+01
1.228300395256917028e+02,1.523754940711462496e+02,2.338117647058823536e+02,1.003078431372548920e+02
1.214234972677595579e+02,1.522827868852459119e+02,2.343333333333333144e+02,1.009962121212121104e+02
1.206693227091633531e+02,1.521168658698539105e+02,2.347252747252747156e+02,1.019468864468864382e+02
1.201476964769647680e+02,1.520623306233062237e+02,2.346390423572743771e+02,1.028545119705340625e+02
1.188781793842034773e+02,1.518969210174029172e+02,2.351630434782608745e+02,1.036612318840579547e+02
1.186005291005291014e+02,1.516944444444444571e+02,2.353758865248226755e+02,1.050248226950354535e+02
1.171924119241192415e+02,1.514403794037940258e+02,2.360540037243947609e+02,1.063147113594040860e+02
1.166861979166666572e+02,1.513997395833333144e+02,2.368882681564245729e+02,1.075493482309124715e+02
1.162267759562841434e+02,1.511857923497267677e+02,2.373519553072625570e+02,1.083761638733705723e+02
1.154661458333333286e+02,1.510091145833333144e+02,2.375943775100401467e+02,1.091365461847389469e+02
1.146345381526104461e+02,1.507670682730923772e+02,2.379872495446265930e+02,1.095901639344262293e+02
1.135665294924554019e+02,1.505432098765432158e+02,2.383815028901734081e+02,1.105221579961464329e+02
1.119888888888888800e+02,1.499638888888888744e+02,2.387438596491227827e+02,1.111157894736842167e+02
1.116680327868852487e+02,1.494767759562841434e+02,2.392090090090090087e+02,1.116666666666666572e+02
1.102438391699091937e+02,1.482269779507133478e+02,2.397007168458781052e+02,1.123745519713261558e+02
1.093734939759036138e+02,1.472530120481927725e+02,2.399561403508771775e+02,1.126771929824561340e+02
1.084381720430107379e+02,1.462916666666666572e+02,2.405480572597136586e+02,1.138282208588957047e+02
1.076666666666666572e+02,1.453693333333333157e+02,2.410982658959537446e+02,1.144855491329479804e+02
1.073175853018372550e+02,1.449304461942257092e+02,2.412215686274509778e+02,1.146450980392156680e+02
1.065119047619047592e+02,1.438399470899470884e+02,2.418284023668639122e+02,1.153570019723865840e+02
1.061058823529411796e+02,1.430300653594771063e+02,2.420282485875706300e+02,1.157382297551788923e+02
1.054186351706036646e+02,1.418293963254592995e+02,2.428083832335329362e+02,1.165588822355289409e+02
1.050584329349269552e+02,1.412270916334661308e+02,2.427621722846441799e+02,1.166910112359550595e+02
1.048029100529100504e+02,1.406653439153438967e+02,2.433407407407407277e+02,1.172759259259259181e+02
1.047060367454068199e+02,1.407585301837270322e+02,2.437118644067796538e+02,1.177193973634651485e+02
1.043560910307898126e+02,1.397269076305220779e+02,2.439378531073446368e+02,1.181525423728813564e+02
1.038165266106442459e+02,1.385014005602240559e+02,2.443162878787878753e+02,1.184147727272727337e+02
1.036470588235294059e+02,1.383947712418300569e+02,2.448277153558052248e+02,1.189026217228464333e+02
1.034807436918990646e+02,1.374847277556440872e+02,2.451049723756906076e+02,1.193038674033149107e+02
1.036094839609483813e+02,1.372649930264992690e+02,2.451828571428571308e+02,1.194628571428571462e+02
1.036624649859943901e+02,1.369089635854341793e+02,2.454272559852670099e+02,1.196187845303867334e+02
1.037551020408163254e+02,1.356231292517006750e+02,2.460106951871657657e+02,1.202745098039215605e+02
1.036936572199730051e+02,1.355735492577597654e+02,2.462018018018017642e+02,1.204378378378378329e+02
1.039405684754521815e+02,1.348113695090439137e+02,2.461758241758241752e+02,1.204597069597069492e+02
1.039828722002635004e+02,1.342121212121211897e+02,2.465525362318840337e+02,1.205652173913043441e+02
1.043252688172042895e+02,1.331465053763440665e+02,2.467602339181286482e+02,1.208947368421052602e+02
1.042656250000000000e+02,1.332747395833333144e+02,2.474783427495291903e+02,1.216967984934086502e+02
1.045094850948509446e+02,1.323401084010839952e+02,2.476182170542635390e+02,1.218081395348837219e+02
1.047322623828647892e+02,1.318058902275769526e+02,2.475536398467432662e+02,1.217241379310344769e+02
1.049423868312757264e+02,1.311193415637860085e+02,2.477992424242424079e+02,1.217329545454545467e+02
1.050452196382428838e+02,1.310284237726098127e+02,2.481509803921568391e+02,1.219705882352941160e+02
1.052496626180836614e+02,1.300526315789473699e+02,2.483111111111110745e+02,1.221656565656565618e+02
1.053190661478599282e+02,1.304552529182879255e+02,2.484320297951582575e+02,1.223575418994413440e+02
1.054448767833981861e+02,1.300972762645914429e+02,2.484320297951582575e+02,1.223575418994413440e+02
1.055808457711442685e+02,1.297300995024875476e+02,2.484320297951582575e+02,1.223575418994413440e+02
1.057034220532319324e+02,1.293155893536121539e+02,2.488888888888888857e+02,1.224678362573099406e+02
1.063061224489795933e+02,1.280000000000000000e+02,2.488654970760233880e+02,1.224756335282651065e+02
1.061915708812260561e+02,1.285223499361430299e+02,2.488712121212120962e+02,1.224393939393939377e+02
1.067285902503293755e+02,1.277444005270092191e+02,2.489456928838951058e+02,1.225018726591760299e+02
1.068424479166666572e+02,1.272916666666666572e+02,2.488400000000000034e+02,1.224190476190476176e+02
1.069912280701754241e+02,1.269598997493734203e+02,2.491743295019156790e+02,1.226206896551724128e+02
1.074093137254901933e+02,1.260012254901960631e+02,nan,nan
1.076551282051282072e+02,1.256128205128205053e+02,2.498490196078431040e+02,1.232215686274509636e+02
1.079530864197530775e+02,1.253728395061728236e+02,2.500257936507936165e+02,1.233849206349206185e+02
1.081626666666666523e+02,1.247773333333333312e+02,2.501244979919678428e+02,1.234116465863453698e+02
1.086284584980237184e+02,1.238932806324110629e+02,2.501244979919678428e+02,1.234116465863453698e+02
1.090636132315521536e+02,1.229643765903307866e+02,2.507215686274509778e+02,1.237156862745097925e+02
1.092328244274809208e+02,1.228498727735368874e+02,2.506170634920634654e+02,1.236468253968253777e+02
1.092043422733077875e+02,1.227650063856960259e+02,2.506170634920634654e+02,1.236468253968253777e+02
1.098418300653594741e+02,1.217830065359477061e+02,2.506170634920634654e+02,1.236468253968253777e+02
1.101115537848605612e+02,1.211128818061088879e+02,2.506170634920634654e+02,1.236468253968253777e+02
1.106072874493927145e+02,1.205708502024291562e+02,2.510928961748633981e+02,1.240510018214936139e+02
1.109257861635220053e+02,1.199597484276729489e+02,2.514791666666666288e+02,1.244375000000000000e+02
1.111691358024691283e+02,1.197283950617283921e+02,2.514791666666666288e+02,1.244375000000000000e+02
1.117860892388451362e+02,1.187506561679789883e+02,2.514848484848484702e+02,1.244318181818181870e+02
1.120510855683269398e+02,1.181047254150702344e+02,2.515262172284644180e+02,1.244438202247191043e+02
1.125223499361430299e+02,1.174265644955300019e+02,2.516081871345029128e+02,1.247037037037036953e+02
1.129913258983890927e+02,1.168351920693928037e+02,2.521873873873873606e+02,1.251153153153153141e+02
1.133922305764410936e+02,1.164448621553884635e+02,2.521721611721611396e+02,1.250915750915750806e+02
1.143647058823529363e+02,1.154954248366013019e+02,2.520398550724637516e+02,1.249003623188405641e+02
1.144133858267716590e+02,1.153700787401574814e+02,2.522146596858638645e+02,1.251954624781849787e+02
1.153839169909208664e+02,1.145162127107652310e+02,2.525366300366300152e+02,1.254560439560439562e+02
1.159047619047618980e+02,1.139273182957393402e+02,2.530481099656357173e+02,1.260240549828178587e+02
1.162661396574440005e+02,1.136811594202898448e+02,2.529074074074073906e+02,1.260759259259259153e+02
1.175280000000000058e+02,1.126159999999999997e+02,2.532495126705652808e+02,1.263996101364522389e+02
1.175361757105943070e+02,1.125439276485788014e+02,2.534399999999999977e+02,1.265638095238095104e+02
1.185290148448043084e+02,1.116869095816464181e+02,2.537095516569200413e+02,1.269902534113060426e+02
1.190379403794037927e+02,1.113875338753387467e+02,2.540757575757575353e+02,1.275719696969696884e+02
1.198420348058902221e+02,1.109866131191432288e+02,2.541129943502824915e+02,1.276007532956685395e+02
1.202244094488189035e+02,1.106456692913385780e+02,2.541515151515151274e+02,1.276477272727272663e+02
1.212386666666666599e+02,1.101266666666666509e+02,2.551367041198501511e+02,1.285880149812734032e+02
1.223786666666666605e+02,1.092826666666666569e+02,2.551500974658869154e+02,1.289395711500974642e+02
1.223941908713692897e+02,1.092614107883817383e+02,2.552904483430799019e+02,1.293021442495126507e+02
1.229383202099737531e+02,1.089816272965879165e+02,2.555340699815837695e+02,1.296666666666666572e+02
1.236510416666666572e+02,1.084895833333333286e+02,2.563128491620111618e+02,1.301675977653631264e+02
1.242191235059760999e+02,1.082695883134130099e+02,2.566268115942028771e+02,1.304673913043478137e+02
1.253744855967078138e+02,1.074471879286693934e+02,2.571385767790262094e+02,1.312584269662921486e+02
1.260754458161865585e+02,1.072139917695473201e+02,2.575745098039215577e+02,1.316686274509803809e+02
1.264589947089946946e+02,1.069537037037036953e+02,2.576763005780346703e+02,1.317996146435452829e+02
1.275523012552301196e+02,1.065550906555090620e+02,2.580309653916211232e+02,1.323952641165755892e+02
1.283811475409836191e+02,1.060478142076502621e+02,2.583964912280701469e+02,1.327473684210526415e+02
1.290904183535762400e+02,1.056572199730094468e+02,2.591009009009009105e+02,1.333261261261261268e+02
1.291722689075630228e+02,1.056316526610644217e+02,2.593740310077519098e+02,1.340755813953488484e+02
1.300365853658536537e+02,1.052059620596205889e+02,2.599081836327345059e+02,1.346846307385229409e+02
1.302926208651399520e+02,1.050814249363867674e+02,2.602869875222816063e+02,1.351140819964349191e+02
1.307452471482889678e+02,1.049733840304182451e+02,2.608451730418943271e+02,1.355755919854280478e+02
1.324693333333333101e+02,1.043413333333333242e+02,2.615436507936507837e+02,1.364265873015872899e+02
1.322013071895424616e+02,1.042849673202614298e+02,2.618439306358381486e+02,1.369171483622350536e+02
1.334287581699346106e+02,1.039084967320261370e+02,2.623333333333333144e+02,1.374312617702448165e+02
1.337136752136752023e+02,1.038490028490028436e+02,2.624125230202578223e+02,1.376390423572743771e+02
1.346310541310541282e+02,1.036908831908831843e+02,2.632914171656686335e+02,1.384830339321357258e+02
1.350178326474622565e+02,1.037160493827160508e+02,nan,nan
1.363238095238095013e+02,1.037564625850340150e+02,2.646020202020201850e+02,1.400444444444444230e+02
1.367972789115646037e+02,1.037346938775510239e+02,2.650214424951266778e+02,1.405594541910331259e+02
1.372123655913978268e+02,1.036518817204300973e+02,2.653428030303030027e+02,1.410227272727272805e+02
1.388571428571428612e+02,1.038291316526610615e+02,2.662061657032755306e+02,1.417379576107899766e+02
1.395507868383404855e+02,1.038698140200285991e+02,2.668709055876685738e+02,1.424874759152215802e+02
1.396330532212884918e+02,1.038221288515406115e+02,2.673831417624521123e+02,1.429770114942528778e+02
1.398091397849462396e+02,1.037258064516128968e+02,2.679084249084248768e+02,1.437747252747252844e+02
1.405538057742782030e+02,1.038412073490813583e+02,2.682849162011173121e+02,1.442979515828677677e+02
1.413452380952381020e+02,1.040515873015873041e+02,2.689962121212120678e+02,1.450094696969696884e+02
1.418069498069498025e+02,1.040694980694980671e+02,2.693922651933701786e+02,1.453996316758747582e+02
1.427252604166666572e+02,1.041848958333333286e+02,2.703643410852712918e+02,1.463701550387596626e+02
1.432835249042145733e+02,1.042835249042145591e+02,2.704274509803921660e+02,1.464627450980391927e+02
1.443193916349810024e+02,1.044980988593155899e+02,2.709513108614231669e+02,1.473595505617977608e+02
1.452750677506774934e+02,1.047560975609756042e+02,2.709513108614231669e+02,1.473595505617977608e+02
1.462828685258964185e+02,1.051341301460823274e+02,2.719981167608286228e+02,1.486082862523540484e+02
1.466454183266932318e+02,1.052762284196547142e+02,2.724364640883977700e+02,1.489631675874769599e+02
1.477375328083989245e+02,1.053661417322834666e+02,2.727864583333333144e+02,1.492777777777777715e+02
1.488756613756613660e+02,1.057010582010581885e+02,2.732365591397849585e+02,1.499175627240143172e+02
1.499205729166666572e+02,1.061380208333333286e+02,2.734973544973544790e+02,1.501587301587301511e+02
1.506736694677871071e+02,1.063193277310924429e+02,2.743928571428571672e+02,1.510912698412698205e+02
1.515868347338935394e+02,1.065280112044817855e+02,2.743442622950819896e+02,1.511183970856101837e+02
1.521967871485943817e+02,1.067148594377510022e+02,2.746612903225806690e+02,1.513817204301075208e+02
1.524085213032581407e+02,1.067656641604009877e+02,2.748977072310405561e+02,1.516278659611992907e+02
1.536420233463034890e+02,1.072140077821011630e+02,2.756647834274952515e+02,1.522919020715630722e+02
1.550893333333333146e+02,1.076626666666666523e+02,2.754233716475095548e+02,1.521494252873563084e+02
1.558683473389355640e+02,1.079691876750700175e+02,2.762112403100774713e+02,1.529593023255814046e+02
1.562046070460704357e+02,1.080596205962059457e+02,2.762372549019607391e+02,1.530235294117647129e+02
1.570065876152832516e+02,1.083913043478260931e+02,2.762543352601156244e+02,1.529961464354528005e+02
1.575374677002583894e+02,1.086382428940568445e+02,2.771092278719397086e+02,1.531167608286252175e+02
1.588829931972788927e+02,1.091632653061224545e+02,2.777428571428571331e+02,1.537885714285714300e+02
1.590413333333333128e+02,1.092226666666666546e+02,2.779556840077070774e+02,1.539479768786127067e+02
1.592208504801097320e+02,1.092222222222222285e+02,2.778943533697631665e+02,1.538907103825136744e+02
1.597986666666666622e+02,1.094946666666666601e+02,2.786557971014492523e+02,1.545090579710144709e+02
1.606111111111110858e+02,1.098459595959595845e+02,2.785525362318840621e+02,1.544927536231884062e+02
1.611070460704606830e+02,1.100636856368563627e+02,2.790597302504816639e+02,1.547013487475915099e+02
1.617174479166666572e+02,1.107252604166666572e+02,2.796535580524344482e+02,1.547340823970037320e+02
1.612885375494071241e+02,1.104703557312252968e+02,2.796980392156862649e+02,1.548490196078431325e+02
1.616056910569105582e+02,1.109037940379403722e+02,2.802189922480620226e+02,1.552906976744185954e+02
1.617305236270753426e+02,1.113895274584929638e+02,2.802090729783037091e+02,1.553451676528599421e+02
1.619212598425196745e+02,1.116811023622047259e+02,2.805253623188405641e+02,1.558405797101449082e+02
1.620115384615384642e+02,1.118705128205128148e+02,2.806453900709219624e+02,1.558404255319148888e+02
1.619516728624535347e+02,1.120805452292441089e+02,2.806203208556149775e+02,1.558003565062388418e+02
1.623281653746769848e+02,1.129547803617571020e+02,2.806108108108107899e+02,1.557441441441441441e+02
1.623046875000000000e+02,1.129856770833333286e+02,2.815662878787878753e+02,1.568219696969696884e+02
1.626192468619246938e+02,1.142984658298465774e+02,2.818100558659218109e+02,1.574692737430167710e+02
1.626228813559322077e+02,1.149265536723163734e+02,2.823007662835248652e+02,1.578563218390804650e+02
1.625238095238095184e+02,1.154985994397759015e+02,2.826028368794325729e+02,1.581578014184397034e+02
1.623922356091030679e+02,1.156465863453815217e+02,2.828627450980391700e+02,1.584064171122994651e+02
1.623840877914951761e+02,1.158902606310013681e+02,2.835741710296683777e+02,1.592373472949388997e+02
1.625388888888888630e+02,1.167083333333333286e+02,2.841907407407406936e+02,1.600277777777777715e+02
1.624091503267973735e+02,1.171189542483660091e+02,2.845981481481481410e+02,1.604333333333333371e+02
1.623047989623864851e+02,1.172581063553826084e+02,2.849617486338797789e+02,1.606211293260473383e+02
1.618802721088435135e+02,1.181102040816326593e+02,2.850374331550802367e+02,1.607878787878787818e+02
1.618087855297157489e+02,1.180051679586563296e+02,2.857771639042356924e+02,1.614769797421731141e+02
1.615928659286592790e+02,1.180209102091020839e+02,2.863424908424908040e+02,1.621868131868131968e+02
1.613699494949494806e+02,1.184608585858585741e+02,2.864921568627451052e+02,1.626058823529411654e+02
1.610203836930455452e+02,1.185959232613908796e+02,2.869318996415770471e+02,1.629731182795698885e+02
1.602726146220569774e+02,1.193023543990086637e+02,2.876927374301675968e+02,1.636610800744878986e+02
1.601201550387596910e+02,1.194211886304909456e+02,2.879265232974910305e+02,1.638709677419354875e+02
1.598256772673733792e+02,1.195936395759717357e+02,2.884917127071823302e+02,1.645653775322283536e+02
1.593658243080625709e+02,1.200673886883273127e+02,2.885851851851851393e+02,1.650555555555555429e+02
1.590413711583924226e+02,1.202375886524822732e+02,2.887365591397849585e+02,1.653279569892472978e+02
1.581135005973715693e+02,1.208769414575866108e+02,2.890635738831614958e+02,1.656735395189003270e+02
1.576520681265206747e+02,1.211666666666666572e+02,2.897927927927927954e+02,1.666342342342342135e+02
1.568831488314882847e+02,1.216285362853628413e+02,2.897243947858472666e+02,1.665828677839851082e+02
1.566154806491884983e+02,1.216841448189762644e+02,2.901740740740740421e+02,1.671333333333333258e+02
1.561861313868613195e+02,1.220316301703162907e+02,2.904048964218455353e+02,1.675178907721280552e+02
1.555661764705882320e+02,1.222843137254901791e+02,2.905476190476190368e+02,1.677912087912087884e+02
1.550305250305250127e+02,1.226752136752136551e+02,2.910910852713178087e+02,1.685775193798449436e+02
1.539935149156938792e+02,1.232853437094682221e+02,2.915243664717348793e+02,1.706530214424951168e+02
1.538935361216730087e+02,1.233941698352344645e+02,2.917992424242424363e+02,1.720833333333333144e+02
1.531512915129151224e+02,1.237318573185731623e+02,2.919722222222222285e+02,1.731018518518518476e+02
1.526416040100250484e+02,1.239285714285714306e+02,2.923121387283237027e+02,1.744104046242774473e+02
1.519233576642335777e+02,1.243783454987834460e+02,2.927875457875457528e+02,1.756190476190475920e+02
1.511246819338422256e+02,1.248396946564885468e+02,2.929488752556237046e+02,1.775889570552147347e+02
1.508454661558109819e+02,1.249859514687100841e+02,2.929191919191919169e+02,1.784484848484848385e+02
1.504222222222222172e+02,1.253074074074074105e+02,2.933023679417121912e+02,1.791202185792349724e+02
1.496756410256410277e+02,1.257307692307692264e+02,2.936995884773662056e+02,1.810349794238682932e+02
1.488175853018372550e+02,1.262112860892388397e+02,2.937375478927202721e+02,1.817164750957854267e+02
1.481374837872892272e+02,1.266861219195849486e+02,2.939103313840155920e+02,1.829902534113060426e+02
1.476047979797979792e+02,1.268775252525252455e+02,2.938449612403100559e+02,1.845155038759689887e+02
1.468949416342412349e+02,1.273229571984435751e+02,2.938738229755178963e+02,1.854067796610169410e+02
1.465356234096691992e+02,1.274058524173027820e+02,2.939094202898550634e+02,1.864818840579710013e+02
1.458838951310861489e+02,1.277078651685393282e+02,2.942397003745318216e+02,1.878239700374531651e+02
1.451506666666666661e+02,1.280453333333333319e+02,2.942209072978303652e+02,1.883550295857988033e+02
1.443530864197530548e+02,1.285679012345678700e+02,2.940555555555555429e+02,1.899265873015872899e+02
1.437688378033205652e+02,1.288505747126436916e+02,2.939068901303538155e+02,1.910800744878957005e+02
1.423414965986394520e+02,1.294380952380952294e+02,2.940900383141762404e+02,1.922413793103448256e+02
1.418326797385620637e+02,1.295450980392156737e+02,2.931329588014980914e+02,1.937659176029962396e+02
1.405883134130145891e+02,1.299933598937582815e+02,2.915984848484848158e+02,1.955946969696969688e+02
1.396297814207650276e+02,1.304631147540983704e+02,2.908505747126436631e+02,1.970000000000000000e+02
1.388790218790218773e+02,1.308378378378378386e+02,2.900708812260535865e+02,1.984750957854406010e+02
1.368722222222222058e+02,1.314861111111111143e+02,2.896848816029143450e+02,1.996721311475409948e+02
1.363119143239624975e+02,1.316331994645247505e+02,2.890618556701031139e+02,2.004295532646047775e+02
1.353173970783532525e+02,1.319933598937582815e+02,2.878045977011494188e+02,2.030804597701149419e+02
1.340040650406504028e+02,1.324647696476964711e+02,2.874244186046511800e+02,2.037228682170542413e+02
1.330873015873015959e+02,1.328333333333333428e+02,2.870338680926915913e+02,2.045757575757575637e+02
1.323000000000000114e+02,1.330986111111110972e+02,2.862203065134099234e+02,2.063831417624520839e+02
1.320653594771241615e+02,1.330549019607843206e+02,2.856927374301675968e+02,2.073798882681564351e+02
1.306184895833333144e+02,1.336562500000000000e+02,2.851347905282331112e+02,2.085683060109289499e+02
1.296666666666666572e+02,1.340330687830687566e+02,2.842554347826086882e+02,2.100996376811594075e+02
1.286076115485564344e+02,1.343097112860892253e+02,2.835322283609576175e+02,2.116556169429097451e+02
1.274767596281540420e+02,1.346467463479415585e+02,2.833650793650793389e+02,2.127989417989417973e+02
1.263571428571428612e+02,1.350924369747899050e+02,2.826587771203155626e+02,2.143116370808678255e+02
1.250453900709219823e+02,1.354226950354609755e+02,2.822106227106226584e+02,2.153003663003662780e+02
1.246943346508563764e+02,1.355032938076416258e+02,2.816397849462365457e+02,2.160842293906810028e+02
1.239013333333333264e+02,1.359106666666666570e+02,2.810254901960784082e+02,2.174627450980391927e+02
1.237554697554697469e+02,1.361016731016730716e+02,2.807378472222222285e+02,2.184670138888888857e+02
1.229712418300653525e+02,1.362287581699346219e+02,2.805482233502538065e+02,2.188223350253807098e+02
1.216451612903225765e+02,1.367405913978494425e+02,2.796504504504504212e+02,2.209117117117116891e+02
1.209364461738002490e+02,1.368767833981841591e+02,2.793961904761904407e+02,2.217942857142857065e+02
1.200136612021857871e+02,1.373155737704917954e+02,2.788846153846153584e+02,2.226062271062270668e+02
1.196011157601115684e+02,1.375104602510460268e+02,2.787872340425531661e+02,2.228918439716312037e+02
1.189603825136612016e+02,1.377363387978141986e+02,2.782893772893772848e+02,2.242014652014651972e+02
1.173057971014492722e+02,1.381507246376811509e+02,2.779505494505494312e+02,2.253003663003662780e+02
1.171568627450980387e+02,1.383473389355742142e+02,2.774346978557504713e+02,2.263801169590643383e+02
1.163720608575380311e+02,1.383955739972337255e+02,2.771060606060605664e+02,2.270814393939393767e+02
1.159119241192411920e+02,1.387344173441734370e+02,2.764526515151515014e+02,2.280700757575757223e+02
1.153455284552845512e+02,1.391070460704606830e+02,2.762340823970037036e+02,2.287546816479400604e+02
1.132164502164502125e+02,1.398369408369408404e+02,2.762109227871939652e+02,2.292542372881355845e+02
1.124590395480225880e+02,1.400282485875706016e+02,2.756512524084778306e+02,2.305876685934489387e+02
1.122482566248256575e+02,1.401255230125522928e+02,2.756022099447513938e+02,2.310644567219152634e+02
1.112356091030789713e+02,1.405314591700133633e+02,2.757392923649906606e+02,2.320428305400372437e+02
1.103112947658402163e+02,1.409338842975206489e+02,2.769322033898305335e+02,2.325517890772127885e+02
1.092561863173216778e+02,1.414032023289665290e+02,2.785883534136546018e+02,2.337409638554216826e+02
1.083989071038251382e+02,1.418292349726775683e+02,2.799078431372548721e+02,2.354705882352941160e+02
1.076293333333333351e+02,1.420533333333333132e+02,2.810982658959537730e+02,2.371579961464354369e+02
1.064654919236416930e+02,1.426138032305433114e+02,2.820473484848484418e+02,2.387348484848484702e+02
1.060896358543417364e+02,1.427703081232492934e+02,2.826078431372548607e+02,2.398520499108734043e+02
1.052185792349726796e+02,1.430505464480874025e+02,2.837435897435897232e+02,2.411758241758241752e+02
1.043924050632911360e+02,1.434191279887482153e+02,2.844038095238095138e+02,2.421504761904761551e+02
1.040722891566265105e+02,1.436265060240963862e+02,2.851676082862523458e+02,2.432523540489642073e+02
1.036743886743886662e+02,1.438262548262548250e+02,2.857238095238095070e+02,2.441695238095238096e+02
1.024373219373219257e+02,1.443789173789173788e+02,2.860710382513661330e+02,2.448561020036429738e+02
1.017125000000000057e+02,1.447027777777777544e+02,2.867441441441441157e+02,2.458954954954954815e+02
1.011111111111111001e+02,1.450602409638554207e+02,2.872921146953405014e+02,2.468243727598566011e+02
1.007923497267759529e+02,1.452978142076502763e+02,2.882643678160919762e+02,2.481570881226053302e+02
1.003427800269905390e+02,1.453940620782725830e+02,2.885280898876404763e+02,2.486142322097377928e+02
9.983665338645418785e+01,1.456387782204515133e+02,2.887820512820512704e+02,2.491062271062270668e+02
9.874535050071530407e+01,1.461201716738197547e+02,2.890875232774674259e+02,2.497039106145251424e+02
9.833198380566801688e+01,1.461956815114709514e+02,2.897222222222222285e+02,2.508462962962962592e+02
9.808168642951250149e+01,1.463833992094861571e+02,2.901382575757575637e+02,2.514791666666666288e+02
9.723206751054851793e+01,1.469254571026722829e+02,2.906588693957114629e+02,2.522144249512670342e+02
9.714767932489451141e+01,1.469254571026722829e+02,2.908974358974358552e+02,2.526666666666666288e+02
9.601702127659574160e+01,1.476609929078013863e+02,nan,nan
9.578374655647381530e+01,1.477506887052341540e+02,2.919749518304431604e+02,2.543737957610789806e+02
9.482591093117409287e+01,1.482429149797570744e+02,2.919702048417132119e+02,2.542942271880819192e+02
9.456275303643724328e+01,1.484547908232118516e+02,2.923804347826086882e+02,2.549202898550724399e+02
9.331010928961747197e+01,1.491912568306010769e+02,2.928230912476722096e+02,2.558249534450651765e+02
9.251322751322750548e+01,1.495899470899470884e+02,2.931409523809523421e+02,2.562228571428571513e+02
9.164425770308122310e+01,1.500392156862745026e+02,2.934952380952381077e+02,2.566209523809523603e+02
9.161794871794870687e+01,1.500294871794871767e+02,2.935065913370997919e+02,2.567721280602636398e+02
9.097849462365590512e+01,1.503333333333333144e+02,2.939539594843462282e+02,2.572265193370165548e+02
9.066916354556802560e+01,1.507902621722846561e+02,2.942271880819366743e+02,2.575847299813780182e+02
8.954771784232364951e+01,1.512724757952973675e+02,2.947495495495495561e+02,2.585477477477477350e+02
8.898809523809524080e+01,1.517857142857142776e+02,2.948821362799263284e+02,2.587440147329650131e+02
8.804838709677419217e+01,1.523064516129032313e+02,2.951785714285714448e+02,2.591130952380952408e+02
8.687915006640105275e+01,1.533094289508632073e+02,nan,nan
8.653225806451612812e+01,1.538696236559139550e+02,2.958888888888889142e+02,2.602962962962962479e+02
8.602400000000000091e+01,1.543240000000000123e+02,2.960416666666666288e+02,2.607954545454545610e+02
8.567065073041167977e+01,1.548738379814076893e+02,2.966206896551724412e+02,2.614961685823754465e+02
8.495128205128204968e+01,1.559230769230769340e+02,2.968858695652173765e+02,2.616847826086956275e+02
8.432808398950130879e+01,1.568556430446193986e+02,2.969111111111110972e+02,2.616833333333333371e+02
8.374898785425101266e+01,1.575991902834008158e+02,2.971407407407407391e+02,2.619407407407406936e+02
8.308579465541490094e+01,1.588945147679324918e+02,2.972409420289855007e+02,2.621485507246376301e+02
8.282716049382716506e+01,1.593374485596707757e+02,2.975796296296296077e+02,2.627500000000000000e+02
8.250464807436918591e+01,1.595803452855245723e+02,2.978729281767955968e+02,2.631344383057090113e+02
8.221333333333332405e+01,1.601586666666666474e+02,2.981296296296296191e+02,2.634055555555555657e+02
8.172533333333332450e+01,1.610586666666666531e+02,2.985448028673835097e+02,2.637724014336917548e+02
8.122821576763485041e+01,1.622959889349930620e+02,2.987156308851223798e+02,2.637627118644067536e+02
8.096453900709218487e+01,1.631929078014184142e+02,2.991988636363636260e+02,2.644564393939393767e+02
8.075744680851063606e+01,1.637546099290779864e+02,2.991407407407407391e+02,2.644574074074074019e+02
8.059628154050463422e+01,1.641274900398406373e+02,2.993575418994413440e+02,2.648286778398510251e+02
8.036588541666665719e+01,1.647604166666666572e+02,2.993614232209737338e+02,2.648988764044943878e+02
7.993856209150325753e+01,1.657294117647058727e+02,2.999731182795699169e+02,2.654910394265232867e+02
7.975032175032174564e+01,1.664105534105534048e+02,3.002895238095238142e+02,2.659847619047618537e+02
7.960897435897435059e+01,1.670448717948717956e+02,3.002895238095238142e+02,2.659847619047618537e+02
7.948391248391247643e+01,1.672664092664092550e+02,3.004953445065176538e+02,2.663333333333333144e+02
7.921017402945113872e+01,1.680455153949129681e+02,3.004235727440147343e+02,2.662246777163904312e+02
7.904382470119521997e+01,1.685657370517928371e+02,3.008101010101009933e+02,2.670040404040403814e+02
7.894208494208494642e+01,1.695920205920205603e+02,3.011607843137254577e+02,2.675980392156862422e+02
7.890053763440859314e+01,1.703978494623655706e+02,3.013040935672514706e+02,2.679161793372319380e+02
7.893569553805772898e+01,1.712191601049868552e+02,3.013294797687861433e+02,2.678940269749518279e+02
7.928666666666666174e+01,1.723866666666666561e+02,3.014742857142857133e+02,2.680723809523809109e+02
7.953826199740596792e+01,1.733579766536965110e+02,3.014065510597302477e+02,2.681464354527938099e+02
7.958469945355190589e+01,1.735942622950819612e+02,3.016411657559198147e+02,2.686393442622950829e+02
7.966279069767442422e+01,1.741421188630490917e+02,3.016080586080585704e+02,2.686190476190475920e+02
7.985638998682476597e+01,1.751383399209486242e+02,3.016743295019156790e+02,2.686034482758620925e+02
7.994202898550723546e+01,1.755309617918313450e+02,3.018645276292335211e+02,2.690784313725490051e+02
8.007078507078506391e+01,1.762625482625482505e+02,3.019488636363636260e+02,2.692178030303030027e+02
8.044754316069057154e+01,1.770146082337317353e+02,3.020000000000000000e+02,2.694252873563218600e+02
8.063866666666665139e+01,1.776546666666666567e+02,3.019431818181818130e+02,2.693238636363636260e+02
8.084635416666665719e+01,1.781380208333333144e+02,3.019767441860465169e+02,2.693333333333333144e+02
8.084908136482938801e+01,1.784041994750656102e+02,3.020498084291187411e+02,2.693869731800766090e+02
8.087664041994749198e+01,1.785104986876640396e+02,3.025113636363636260e+02,2.700170454545454390e+02
8.105423280423279664e+01,1.792447089947089864e+02,3.026252354048963866e+02,2.702297551789076806e+02
8.127688172043009729e+01,1.797997311827956821e+02,3.026252354048963866e+02,2.702297551789076806e+02
8.191700133868808109e+01,1.806653279785809900e+02,3.027632058287795758e+02,2.704608378870673846e+02
8.206485084306095246e+01,1.811115434500648291e+02,3.028754789272030621e+02,2.707911877394635667e+02
8.272925170068026546e+01,1.821278911564625673e+02,3.029526515151515014e+02,2.709071969696969404e+02
8.236025641025639743e+01,1.817487179487179390e+02,3.031308243727598324e+02,2.708530465949820609e+02
8.312533333333333019e+01,1.823933333333333167e+02,3.033572744014732621e+02,2.711178637200736148e+02
8.357452574525744637e+01,1.829579945799457903e+02,3.033572744014732621e+02,2.711178637200736148e+02
8.412704402515721824e+01,1.833660377358490621e+02,3.035017921146953199e+02,2.712956989247311981e+02
8.455820105820104970e+01,1.840158730158730123e+02,3.038183520599250755e+02,2.717359550561797619e+02
8.503906250000000000e+01,1.844531250000000000e+02,3.042916666666666288e+02,2.718920454545454390e+02
8.539290240811152444e+01,1.849100126742712007e+02,3.043257142857142981e+02,2.719390476190475852e+02
8.629032258064516725e+01,1.855322580645161281e+02,3.043257142857142981e+02,2.719390476190475852e+02
8.656299212598425186e+01,1.858149606299212735e+02,3.043257142857142981e+02,2.719390476190475852e+02
8.739541160593790892e+01,1.863940620782725830e+02,3.047519841269840981e+02,2.727857142857142776e+02
8.815767634854772439e+01,1.869170124481327662e+02,3.048200757575757507e+02,2.727215909090909349e+02
8.891532258064516725e+01,1.874946236559139550e+02,3.048152380952381009e+02,2.727752380952380804e+02
8.928571428571429180e+01,1.878399470899470884e+02,3.048535645472061333e+02,2.727726396917148008e+02
8.982204515272243839e+01,1.881527224435590711e+02,3.051141804788213676e+02,2.730294659300183753e+02
9.028669410150889973e+01,1.885336076817558251e+02,3.050487329434697585e+02,2.731423001949317495e+02
9.126958831341300993e+01,1.891181938911022371e+02,3.054003944773175476e+02,2.729704142011834165e+02
9.214634146341462895e+01,1.896219512195121979e+02,3.058106060606060623e+02,2.720454545454545610e+02
9.294488188976377785e+01,1.901089238845144394e+02,3.065779092702169351e+02,2.708086785009861615e+02
9.385140562248996332e+01,1.904993306559571522e+02,3.071293260473588020e+02,2.698688524590164093e+02
9.516253443526170486e+01,1.910578512396694180e+02,3.075267034990791899e+02,2.690405156537752873e+02
9.623236514522821494e+01,1.915601659751037289e+02,3.079333333333332803e+02,2.683087719298245588e+02
9.672064777327935303e+01,1.917139001349527518e+02,3.090962962962962592e+02,2.669333333333333371e+02
9.833333333333332860e+01,1.923016528925619752e+02,3.097834274952919031e+02,2.660527306967984487e+02
9.953441295546558365e+01,1.925398110661268447e+02,3.105708812260535865e+02,2.651475095785440317e+02
1.012966101694915295e+02,1.926596045197740068e+02,3.113715846994535354e+02,2.642440801457194652e+02
1.026848739495798384e+02,1.929677871148459189e+02,3.119641577060931468e+02,2.633763440860215042e+02
1.032253711201079511e+02,1.929716599190283262e+02,3.124746945898777994e+02,2.625253054101221437e+02
1.044128943758573342e+02,1.931138545953360790e+02,3.133511586452762572e+02,2.615793226381461523e+02
1.055631205673758757e+02,1.931177304964539019e+02,3.135405872193436494e+02,2.614248704663212379e+02
1.070538573508005840e+02,1.931120815138282296e+02,3.141953405017920886e+02,2.602186379928315318e+02
1.069548762736535537e+02,1.932547307132459764e+02,3.146757246376811281e+02,2.595054347826086882e+02
1.078557422969187627e+02,1.932563025210083936e+02,3.150967741935484128e+02,2.587293906810035651e+02
1.086722925457102633e+02,1.932461322081574906e+02,3.155765765765765423e+02,2.580612612612612224e+02
1.094250363901018801e+02,1.933551673944686797e+02,3.158621291448516217e+02,2.574153577661430745e+02
1.091735537190082681e+02,1.934393939393939092e+02,3.163294797687861433e+02,2.567437379576107901e+02
1.108715728715728659e+02,1.933102453102453069e+02,3.168087121212120678e+02,2.562121212121211897e+02
1.110695035460992841e+02,1.932496453900709241e+02,3.171890838206627450e+02,2.559415204678362556e+02
1.111290780141843868e+02,1.933333333333333144e+02,3.175307262569832574e+02,2.549683426443202734e+02
1.123136427566807214e+02,1.933094233473980239e+02,3.178864059590316629e+02,2.543649906890130126e+02
1.130889830508474603e+02,1.931807909604519580e+02,3.184294117647058897e+02,2.537039215686274360e+02
1.138040935672514564e+02,1.930950292397660633e+02,3.187522768670309574e+02,2.534153005464480941e+02
1.136293103448275872e+02,1.930862068965517153e+02,3.188568840579710013e+02,2.533460144927535964e+02
1.140092592592592524e+02,1.931126543209876445e+02,3.191453488372093261e+02,2.527771317829457303e+02
1.145745614035087669e+02,1.931359649122807127e+02,3.191220400728597042e+02,2.523005464480874309e+02
1.159878787878787847e+02,1.929833333333333201e+02,3.199488636363636260e+02,2.512424242424242209e+02
1.160027322404371546e+02,1.929166666666666572e+02,3.201365248226950371e+02,2.510833333333333144e+02
1.163716312056737507e+02,1.923163120567375586e+02,3.201857638888888573e+02,2.509774305555555429e+02
1.162151394422310773e+02,1.919030544488711598e+02,3.207705882352940989e+02,2.501745098039215520e+02
1.161858974358974308e+02,1.918269230769230660e+02,3.210797101449275033e+02,2.497137681159420026e+02
1.165696040868454588e+02,1.912171136653895189e+02,3.210837887067394831e+02,2.494316939890710501e+02
1.169366925064599343e+02,1.907545219638242884e+02,3.213880070546737215e+02,2.488148148148148096e+02
1.171796875000000000e+02,1.902018229166666572e+02,3.216072072072071819e+02,2.485783783783783747e+02
1.175939153439153273e+02,1.893597883597883538e+02,3.217697974217310843e+02,2.484309392265193424e+02
1.178500669344042677e+02,1.885662650602409656e+02,3.223460837887067214e+02,2.474371584699453592e+02
1.181586666666666616e+02,1.877533333333333019e+02,3.223934108527131457e+02,2.464418604651162923e+02
1.182454068241469827e+02,1.870958005249343614e+02,3.217523809523809177e+02,2.454419047619047376e+02
1.185957161981258281e+02,1.862088353413654715e+02,3.207243947858472666e+02,2.444469273743016799e+02
1.186921017402945040e+02,1.862998661311914361e+02,3.202689393939393767e+02,2.433200757575757223e+02
